          0         
0.1         
0.2         
0.3         
0.4         
0.5         
0.6         
0.7         
0.8         
0.9         
1         
1.1         
1.2         
1.3         
1.4         
1.5         
1.6         
1.7         
1.8         
1.9         
0
0         
0         
0         
0         
0         
0         
0         
0         
0         
0         
0         
0         
0         
0         
0         
0         
0         
0         
0         
0         
0.1
0         
0.386823         
0.754025         
1.08549         
1.37077         
1.60538         
1.78956         
1.92643         
2.02018         
2.07467         
2.09253         
2.07467         
2.02018         
1.92643         
1.78956         
1.60538         
1.37077         
1.08549         
0.754024         
0.386822         
0.2
0         
0.793895         
1.54479         
2.2182         
2.79303         
3.26166         
3.62658         
3.89591         
4.07941         
4.18569         
4.22045         
4.18569         
4.07941         
3.89591         
3.62658         
3.26166         
2.79303         
2.2182         
1.54479         
0.793892         
0.3
0         
1.2455         
2.41542         
3.45182         
4.3232         
5.02257         
5.55943         
5.95098         
6.21537         
6.36758         
6.41722         
6.36758         
6.21537         
5.95098         
5.55943         
5.02257         
4.3232         
3.45182         
2.41542         
1.2455         
0.4
0         
1.77593         
3.4243         
4.85473         
6.02815         
6.9472         
7.63768         
8.13262         
8.46259         
8.65098         
8.71217         
8.65098         
8.46259         
8.13262         
7.63767         
6.9472         
6.02815         
4.85473         
3.42429         
1.77592         
0.5
0         
2.44092         
4.66039         
6.52184         
7.99119         
9.10142         
9.91091         
10.478         
10.8498         
11.06         
11.1279         
11.06         
10.8498         
10.478         
9.91091         
9.10141         
7.99119         
6.52183         
4.66038         
2.44091         
0.6
0         
3.34397         
6.2732         
8.59216         
10.3171         
11.5559         
12.4246         
13.016         
13.3966         
13.609         
13.6773         
13.609         
13.3966         
13.016         
12.4246         
11.5559         
10.3171         
8.59216         
6.27319         
3.34396         
0.7
0         
4.70755         
8.53424         
11.2701         
13.1286         
14.3763         
15.2106         
15.7613         
16.1082         
16.2996         
16.3607         
16.2996         
16.1082         
15.7613         
15.2106         
14.3763         
13.1286         
11.27         
8.53423         
4.70753         
0.8
0         
7.10648         
11.9509         
14.8267         
16.5355         
17.5996         
18.2713         
18.7063         
18.9704         
19.119         
19.1625         
19.119         
18.9704         
18.7063         
18.2713         
17.5996         
16.5355         
14.8267         
11.9508         
7.10646         
0.9
0         
12.4478         
17.2695         
19.5353         
20.5072         
21.2314         
21.5278         
21.8449         
21.9183         
22.0665         
22.0239         
22.0665         
21.9183         
21.8449         
21.5277         
21.2314         
20.5072         
19.5353         
17.2694         
12.4478         
