1 1 0.0987472 0.065823
1 2 0.0987766 0.074225
1 3 0.0987798 0.084085
1 4 0.0987801 0.09492
1 5 0.0987802 0.105215
1 6 0.0987802 0.4018
1 7 0.0987802 0.119091
1 8 0.0987802 0.123724
2 1 0.00509717 0.001188
2 2 0.00024214 0.046069
2 3 0.00201838 0.152013
2 4 0.0168874 0.258986
2 5 0.0667289 0.392039
2 6 0.0942075 0.471442
2 7 0.0983076 0.580919
2 8 0.0987332 0.864131
3 1 0.0509717 0.001291
3 2 0.0509717 0.001092
3 3 0.000241124 0.442381
3 4 0.00195998 1.52728
3 5 0.0166261 2.65039
3 6 0.0661277 3.88434
3 7 0.0941355 4.98731
3 8 0.0982946 7.11086
4 1 0.509717 0.00285
4 2 0.509717 0.002531
4 3 0.509717 0.001042
4 4 0.000240995 5.31076
4 5 0.00195391 15.9807
4 6 0.0165949 33.4389
4 7 0.0660637 51.7476
4 8 0.0941196 68.0094
5 1 5.09717 0.001432
5 2 5.09717 0.001134
5 3 5.09717 0.001128
5 4 5.09717 0.001128
5 5 0.000241003 61.7089
5 6 0.00195353 284.023
5 7 0.0165918 527.913
5 8 0.0660586 680.47
6 1 50.9717 0.001649
6 2 50.9717 0.001095
6 3 50.9717 0.001137
6 4 50.9717 0.001172
6 5 50.9717 0.00111
6 6 0.000241003 794.684
6 7 0.00195348 2324.67
6 8 0.0165916 2175.94
