1.7971 -0.814063 0.931505 0.999662 0.998602 4.00067
1.16484 2.27274 2.59648 0.999662 0.998699 4.00067
-0.813249 0.0611117 0.746247 -0.969796 -0.992352 2.02868
1.74155 0.685432 2.25171 0.999662 0.998601 4.00067
-1.22509 -0.699423 1.7507 -0.969842 -0.99236 2.02868
-2.55166 -1.02595 0.179939 -0.969844 -0.992373 2.02868
2.73155 -0.422928 0.120256 0.999662 0.998601 4.00067
-0.176489 1.39529 0.967048 0.999662 0.998699 4.00067
-2.1391 0.938373 0.0129667 -0.969839 -0.992355 2.02868
0.828058 -2.28652 0.274428 0.999662 0.998601 4.00067
0.758384 0.68708 3.6872 0.999662 0.998601 4.00067
1.04337 -1.87983 0.51628 0.999662 0.998601 4.00067
0.344574 1.55389 2.41141 0.999662 0.998698 4.00067
2.96558 0.34106 0.0753386 0.999662 0.998601 4.00067
-2.58786 1.07037 0.00222063 -0.969843 -0.99236 2.02868
2.25346 -0.73233 0.39259 0.999662 0.99858 4.00067
1.08239 0.914432 3.96634 1.08239 0.914432 3.96634
1.02811 1.01324 3.99723 1.02811 1.01324 3.99723
0.909702 0.981572 3.96821 0.909702 0.981572 3.96821
-1.00301 -0.930008 2.01873 -1.00301 -0.930008 2.01873
-1.06149 -0.955838 2.0105 -1.06149 -0.955838 2.0105
-0.976422 -0.946174 2.02432 -0.976422 -0.946174 2.02432
-0.961095 -0.924488 2.01948 -0.961095 -0.924488 2.01948
1.08134 0.910803 3.96641 1.08134 0.910803 3.96641
0.969855 0.901518 3.9878 0.969855 0.901518 3.9878
-1.07336 -1.04322 2.00469 -1.07336 -1.04322 2.00469
-0.900067 -0.915389 2.00923 -0.900067 -0.915389 2.00923
-1.07892 -1.04823 2.00157 -1.07892 -1.04823 2.00157
0.964373 0.997821 3.9957 0.964373 0.997821 3.9957
1.05479 1.03036 3.98757 1.05479 1.03036 3.98757
0.988044 0.94982 3.99777 0.988044 0.94982 3.99777
-1.06554 -0.939164 2.00599 -1.06554 -0.939164 2.00599
-1.05702 -1.09245 1.996 -1.05702 -1.09245 1.996
1.04247 0.972084 3.99265 1.04247 0.972084 3.99265
-0.914009 -0.926007 2.015 -0.914009 -0.926007 2.015
0.9068 0.970644 3.96564 0.9068 0.970644 3.96564
-0.901182 -1.06266 2.00999 -0.901182 -1.06266 2.00999
-0.965904 -1.03747 2.02458 -0.965904 -1.03747 2.02458
1.02414 1.09926 3.98824 1.02414 1.09926 3.98824
0.90092 0.992454 3.96189 0.90092 0.992454 3.96189
-0.971716 -0.925541 2.01979 -0.971716 -0.925541 2.01979
-0.932336 -0.975319 2.02569 -0.932336 -0.975319 2.02569
1.00185 0.91358 3.99346 1.00185 0.91358 3.99346
-0.948262 -1.06449 2.01734 -0.948262 -1.06449 2.01734
-0.962767 -1.07188 2.01597 -0.962767 -1.07188 2.01597
0.989477 0.929661 3.99554 0.989477 0.929661 3.99554
1.07008 1.05486 3.97781 1.07008 1.05486 3.97781
0.937254 1.06374 3.9809 0.937254 1.06374 3.9809
-0.939141 -0.902022 2.01126 -0.939141 -0.902022 2.01126
-1.03134 -1.03305 2.01883 -1.03134 -1.03305 2.01883
1.08082 0.903052 3.96533 1.08082 0.903052 3.96533
-0.918063 -1.09034 2.00435 -0.918063 -1.09034 2.00435
0.937551 0.967244 3.98434 0.937551 0.967244 3.98434
1.04783 0.922135 3.98557 1.04783 0.922135 3.98557
-0.92029 -0.985288 2.02429 -0.92029 -0.985288 2.02429
-0.982798 -1.08701 2.01074 -0.982798 -1.08701 2.01074
0.917879 1.07214 3.96864 0.917879 1.07214 3.96864
1.00218 0.954352 3.99869 1.00218 0.954352 3.99869
-1.00968 -0.969017 2.02463 -1.00968 -0.969017 2.02463
-0.917238 -1.0047 2.0234 -0.917238 -1.0047 2.0234
1.08681 1.07637 3.96453 1.08681 1.07637 3.96453
-1.06253 -0.989631 2.0131 -1.06253 -0.989631 2.0131
-0.935747 -0.999301 2.02649 -0.935747 -0.999301 2.02649
-1.0183 -0.948214 2.02033 -1.0183 -0.948214 2.02033
0.945936 1.06983 3.98409 0.945936 1.06983 3.98409
-0.963871 -0.998873 2.02853 -0.963871 -0.998873 2.02853
-1.07918 -0.904729 1.99096 -1.07918 -0.904729 1.99096
1.05666 1.00005 3.98771 1.05666 1.00005 3.98771
-1.08187 -1.01349 2.00531 -1.08187 -1.01349 2.00531
0.976244 1.0897 3.99022 0.976244 1.0897 3.99022
-0.961674 -1.03956 2.02408 -0.961674 -1.03956 2.02408
-0.907851 -0.927869 2.01427 -0.907851 -0.927869 2.01427
1.06774 0.981481 3.98189 1.06774 0.981481 3.98189
-1.08382 -0.947786 2.00074 -1.08382 -0.947786 2.00074
-0.995501 -1.08148 2.01198 -0.995501 -1.08148 2.01198
-1.09011 -1.03858 1.99881 -1.09011 -1.03858 1.99881
1.02998 1.09525 3.98775 1.02998 1.09525 3.98775
1.05297 1.03967 3.98768 1.05297 1.03967 3.98768
0.937367 1.08138 3.97836 0.937367 1.08138 3.97836
1.03635 1.02572 3.99458 1.03635 1.02572 3.99458
1.04451 1.06357 3.98849 1.04451 1.06357 3.98849
1.08108 0.965398 3.97315 1.08108 0.965398 3.97315
1.03675 1.05645 3.99188 1.03675 1.05645 3.99188
-1.08186 -0.990379 2.00594 -1.08186 -0.990379 2.00594
0.961062 1.06363 3.9905 0.961062 1.06363 3.9905
0.950195 0.967795 3.98998 0.950195 0.967795 3.98998
-0.923234 -0.988209 2.02483 -0.923234 -0.988209 2.02483
-1.00947 -0.951737 2.02238 -1.00947 -0.951737 2.02238
1.0961 0.926411 3.95847 1.0961 0.926411 3.95847
1.08547 1.09585 3.9621 1.08547 1.09585 3.9621
1.09266 0.944859 3.96336 1.09266 0.944859 3.96336
1.08899 0.92876 3.96404 1.08899 0.92876 3.96404
0.994318 1.0439 3.99852 0.994318 1.0439 3.99852
1.06291 0.989197 3.98463 1.06291 0.989197 3.98463
-1.05416 -1.09158 1.99719 -1.05416 -1.09158 1.99719
-1.04864 -1.00813 2.0171 -1.04864 -1.00813 2.0171
-1.01952 -0.992378 2.02423 -1.01952 -0.992378 2.02423
-0.962356 -0.986785 2.02852 -0.962356 -0.986785 2.02852
-1.00755 -1.06882 2.01482 -1.00755 -1.06882 2.01482
-1.08517 -1.06137 1.99596 -1.08517 -1.06137 1.99596
-1.05533 -0.913662 2.00251 -1.05533 -0.913662 2.00251
-0.988989 -0.977903 2.02757 -0.988989 -0.977903 2.02757
-0.909828 -1.08841 2.00339 -0.909828 -1.08841 2.00339
-1.03463 -0.970927 2.02004 -1.03463 -0.970927 2.02004
-1.02186 -1.09605 2.00306 -1.02186 -1.09605 2.00306
-1.01022 -1.0546 2.01832 -1.01022 -1.0546 2.01832
-1.06928 -0.93315 2.00326 -1.06928 -0.93315 2.00326
0.93912 1.04973 3.98344 0.93912 1.04973 3.98344
-1.0951 -0.997635 2.00028 -1.0951 -0.997635 2.00028
-0.935646 -1.06682 2.0153 -0.935646 -1.06682 2.0153
1.0652 1.09875 3.97368 1.0652 1.09875 3.97368
1.03482 0.909225 3.98776 1.03482 0.909225 3.98776
1.09367 0.938813 3.96193 1.09367 0.938813 3.96193
-1.08 -0.928542 1.99798 -1.08 -0.928542 1.99798
-0.923336 -1.09494 2.00348 -0.923336 -1.09494 2.00348
0.908198 0.965939 3.96638 0.908198 0.965939 3.96638
0.913724 0.915806 3.96461 0.913724 0.915806 3.96461
0.916537 1.04618 3.97089 0.916537 1.04618 3.97089
1.06677 1.00523 3.98268 1.06677 1.00523 3.98268
-0.909429 -1.04196 2.01698 -0.909429 -1.04196 2.01698
-0.919507 -0.93662 2.01844 -0.919507 -0.93662 2.01844
-0.936003 -1.05101 2.01958 -0.936003 -1.05101 2.01958
-1.03073 -1.03821 2.01811 -1.03073 -1.03821 2.01811
0.930666 0.999104 3.9817 0.930666 0.999104 3.9817
1.08309 1.06645 3.96846 1.08309 1.06645 3.96846
-1.00509 -1.09325 2.00664 -1.00509 -1.09325 2.00664
-0.963948 -0.978361 2.02824 -0.963948 -0.978361 2.02824
-1.01834 -0.915248 2.01222 -1.01834 -0.915248 2.01222
1.098 1.06362 3.95811 1.098 1.06362 3.95811
-0.992873 -0.94394 2.02293 -0.992873 -0.94394 2.02293
1.00214 1.04982 3.99804 1.00214 1.04982 3.99804
-0.919711 -0.957674 2.02209 -0.919711 -0.957674 2.02209
-0.981291 -1.04857 2.02223 -0.981291 -1.04857 2.02223
1.04739 0.955387 3.9897 1.04739 0.955387 3.9897
-0.920751 -1.05518 2.01621 -0.920751 -1.05518 2.01621
1.08602 0.979469 3.9706 1.08602 0.979469 3.9706
-0.915379 -1.05335 2.01565 -0.915379 -1.05335 2.01565
-0.90028 -0.919721 2.01051 -0.90028 -0.919721 2.01051
0.957336 1.04925 3.99096 0.957336 1.04925 3.99096
-0.907039 -0.941216 2.01702 -0.907039 -0.941216 2.01702
-1.07712 -1.00674 2.0076 -1.07712 -1.00674 2.0076
-0.921994 -0.954966 2.0221 -0.921994 -0.954966 2.0221
-0.962654 -1.01809 2.02725 -0.962654 -1.01809 2.02725
1.08759 0.983156 3.96965 1.08759 0.983156 3.96965
1.00428 1.06535 3.99616 1.00428 1.06535 3.99616
1.0839 1.01239 3.97224 1.0839 1.01239 3.97224
-1.04394 -0.96148 2.01663 -1.04394 -0.96148 2.01663
-1.08107 -1.03936 2.00243 -1.08107 -1.03936 2.00243
-1.0298 -1.08269 2.00658 -1.0298 -1.08269 2.00658
-1.0292 -0.903758 2.00619 -1.0292 -0.903758 2.00619
-1.03563 -0.980711 2.02051 -1.03563 -0.980711 2.02051
-0.984937 -1.08822 2.0102 -0.984937 -1.08822 2.0102
0.980039 1.04303 3.99717 0.980039 1.04303 3.99717
-1.04218 -0.923664 2.00934 -1.04218 -0.923664 2.00934
1.01033 0.986852 4.00008 1.01033 0.986852 4.00008
0.909938 1.00507 3.9686 0.909938 1.00507 3.9686
-0.960679 -0.993241 2.02853 -0.960679 -0.993241 2.02853
-1.07625 -0.90326 1.99159 -1.07625 -0.90326 1.99159
-0.935364 -0.959503 2.02458 -0.935364 -0.959503 2.02458
0.91171 1.09289 3.96104 0.91171 1.09289 3.96104
-1.03076 -1.03996 2.01779 -1.03076 -1.03996 2.01779
-1.0567 -1.08953 1.9972 -1.0567 -1.08953 1.9972
0.94473 1.04067 3.98686 0.94473 1.04067 3.98686
0.959114 1.06926 3.98913 0.959114 1.06926 3.98913
-1.03013 -1.01348 2.02137 -1.03013 -1.01348 2.02137
1.08174 0.972328 3.97314 1.08174 0.972328 3.97314
-1.02828 -1.04613 2.01711 -1.02828 -1.04613 2.01711
-1.05542 -0.95739 2.0127 -1.05542 -0.95739 2.0127
-1.06861 -1.07404 1.99863 -1.06861 -1.07404 1.99863
0.958742 1.02325 3.99338 0.958742 1.02325 3.99338
-1.09209 -1.0007 2.00159 -1.09209 -1.0007 2.00159
-1.04831 -1.01589 2.01665 -1.04831 -1.01589 2.01665
1.01794 0.982818 3.99909 1.01794 0.982818 3.99909
-0.937934 -0.989412 2.02687 -0.937934 -0.989412 2.02687
1.06511 1.01401 3.98337 1.06511 1.01401 3.98337
-1.071 -1.03988 2.00617 -1.071 -1.03988 2.00617
-1.06466 -1.03048 2.0099 -1.06466 -1.03048 2.0099
-0.916877 -0.906062 2.00969 -0.916877 -0.906062 2.00969
-1.0268 -1.04474 2.01769 -1.0268 -1.04474 2.01769
-0.944754 -1.025 2.02534 -0.944754 -1.025 2.02534
-1.01997 -1.09715 2.00294 -1.01997 -1.09715 2.00294
-1.07938 -0.952052 2.00331 -1.07938 -0.952052 2.00331
-0.985241 -1.04201 2.02344 -0.985241 -1.04201 2.02344
0.988384 0.94328 3.99712 0.988384 0.94328 3.99712
1.04066 1.07949 3.9875 1.04066 1.07949 3.9875
0.910891 0.902024 3.96025 0.910891 0.902024 3.96025
0.94557 1.0259 3.98825 0.94557 1.0259 3.98825
-1.09631 -0.90912 1.98509 -1.09631 -0.90912 1.98509
-1.09409 -0.91664 1.98854 -1.09409 -0.91664 1.98854
-0.925416 -0.924593 2.01652 -0.925416 -0.924593 2.01652
1.09039 1.08515 3.9606 1.09039 1.08515 3.9606
1.08631 1.01811 3.97043 1.08631 1.01811 3.97043
1.05146 1.09285 3.98121 1.05146 1.09285 3.98121
1.09759 0.971499 3.96179 1.09759 0.971499 3.96179
-0.941422 -1.09814 2.00475 -0.941422 -1.09814 2.00475
-1.06425 -0.95302 2.00911 -1.06425 -0.95302 2.00911
1.05212 1.02333 3.9891 1.05212 1.02333 3.9891
-1.0077 -0.962584 2.0242 -1.0077 -0.962584 2.0242
0.958124 0.971585 3.99307 0.958124 0.971585 3.99307
0.928547 0.904348 3.97183 0.928547 0.904348 3.97183
0.906281 1.02601 3.96522 0.906281 1.02601 3.96522
-0.962066 -1.05284 2.02125 -0.962066 -1.05284 2.02125
1.02155 1.09227 3.99006 1.02155 1.09227 3.99006
-0.96402 -0.914904 2.01678 -0.96402 -0.914904 2.01678
-0.915548 -0.95524 2.02102 -0.915548 -0.95524 2.02102
1.09474 1.03364 3.96353 1.09474 1.03364 3.96353
1.00047 1.06481 3.99632 1.00047 1.06481 3.99632
-0.974398 -1.02611 2.02639 -0.974398 -1.02611 2.02639
-1.02678 -0.946783 2.01841 -1.02678 -0.946783 2.01841
0.990994 1.04974 3.99777 0.990994 1.04974 3.99777
1.08278 0.923875 3.96758 1.08278 0.923875 3.96758
-1.02365 -0.974662 2.02273 -1.02365 -0.974662 2.02273
0.915156 0.973005 3.97163 0.915156 0.973005 3.97163
-1.09855 -1.00069 1.99865 -1.09855 -1.00069 1.99865
0.989804 0.976072 3.99978 0.989804 0.976072 3.99978
0.938446 1.09887 3.97572 0.938446 1.09887 3.97572
-0.988132 -0.983999 2.02792 -0.988132 -0.983999 2.02792
0.950856 1.03435 3.98988 0.950856 1.03435 3.98988
-1.00548 -0.925821 2.01732 -1.00548 -0.925821 2.01732
0.934097 0.957379 3.98189 0.934097 0.957379 3.98189
-0.983676 -1.00613 2.02798 -0.983676 -1.00613 2.02798
1.08824 0.917442 3.96287 1.08824 0.917442 3.96287
1.0236 1.0323 3.99727 1.0236 1.0323 3.99727
1.08538 1.08263 3.96451 1.08538 1.08263 3.96451
1.01704 1.06541 3.99504 1.01704 1.06541 3.99504
-1.05282 -1.00831 2.01587 -1.05282 -1.00831 2.01587
-1.01223 -1.01873 2.02418 -1.01223 -1.01873 2.02418
1.0066 0.960737 3.99905 1.0066 0.960737 3.99905
-0.914006 -1.02279 2.02112 -0.914006 -1.02279 2.02112
-1.03607 -0.93626 2.01411 -1.03607 -0.93626 2.01411
1.02978 0.961803 3.99569 1.02978 0.961803 3.99569
0.90612 0.952941 3.96387 0.90612 0.952941 3.96387
0.945125 1.09025 3.98044 0.945125 1.09025 3.98044
-1.0941 -0.955514 1.99761 -1.0941 -0.955514 1.99761
-1.04858 -1.04522 2.01236 -1.04858 -1.04522 2.01236
-0.956816 -0.966815 2.02712 -0.956816 -0.966815 2.02712
1.05235 0.927261 3.9845 1.05235 0.927261 3.9845
-1.05528 -1.01989 2.01422 -1.05528 -1.01989 2.01422
-1.08794 -0.991215 2.00342 -1.08794 -0.991215 2.00342
-1.08865 -1.00468 2.00297 -1.08865 -1.00468 2.00297
-1.03403 -0.945632 2.01658 -1.03403 -0.945632 2.01658
1.04988 0.959945 3.9891 1.04988 0.959945 3.9891
