n 10
binomial
0 0.348678
1 0.38742
2 0.19371
3 0.0573956
4 0.0111603
5 0.00148803
6 0.000137781
7 8.748e-06
8 3.645e-07
9 9e-09
10 1e-13

poisson
0 0.367879
1 0.367879
2 0.18394
3 0.0613132
4 0.0153283
5 0.00306566
6 0.000510944
7 7.2992e-05
8 9.12399e-06
9 1.01378e-06
10 1.01378e-10

n 100
binomial
0 2.65614e-05
1 0.000295127
2 0.0016232
3 0.0058916
4 0.0158746
5 0.0338658
6 0.0595787
7 0.0888952
8 0.114823
9 0.130416
10 0.131865
11 0.119878
12 0.098788
13 0.0743021
14 0.0513038
15 0.0326824
16 0.0192917
17 0.0105915
18 0.00542653
19 0.00260219
20 0.00117099
21 0.000495656
22 0.000197762
23 7.45189e-05
24 2.65646e-05
25 8.97293e-06
26 2.87594e-06
27 8.75801e-07
28 2.53704e-07
29 6.99874e-08
30 1.84041e-08
31 4.61751e-09
32 1.10628e-09
33 2.53289e-10
34 5.54588e-11
35 1.16199e-11
36 2.33116e-12
37 4.48031e-13
38 8.2532e-14
39 1.45783e-14
40 2.47021e-15
41 4.01661e-16
42 6.26931e-17
43 9.39586e-18
44 1.35243e-18
45 1.87003e-19
46 2.48434e-20
47 3.1715e-21
48 3.89096e-22
49 4.58798e-23
50 5.19971e-24
51 5.66418e-25
52 5.93044e-26
53 5.96774e-27
54 5.77127e-28
55 5.3632e-29
56 4.78857e-30
57 4.10716e-31
58 3.38329e-32
59 2.67605e-33
60 2.03181e-34
61 1.48038e-35
62 1.03467e-36
63 6.9343e-38
64 4.45433e-39
65 2.74112e-40
66 1.61514e-41
67 9.10693e-43
68 4.9106e-44
69 2.53042e-45
70 1.24513e-46
71 5.84567e-48
72 2.61612e-49
73 1.11494e-50
74 4.52001e-52
75 1.74104e-53
76 6.36345e-55
77 2.20379e-56
78 7.22041e-58
79 2.23416e-59
80 6.51631e-61
81 1.78774e-62
82 4.60258e-64
83 1.10906e-65
84 2.49391e-67
85 5.21601e-69
86 1.01086e-70
87 1.8074e-72
88 2.9667e-74
89 4.44449e-76
90 6.03573e-78
91 7.36964e-80
92 8.01047e-82
93 7.65637e-84
94 6.33506e-86
95 4.44565e-88
96 2.57272e-90
97 1.17879e-92
98 4.0095e-95
99 9e-98
100 1e-103

poisson
0 4.53999e-05
1 0.000453999
2 0.00227
3 0.00756665
4 0.0189166
5 0.0378333
6 0.0630555
7 0.0900792
8 0.112599
9 0.12511
10 0.12511
11 0.113736
12 0.0947803
13 0.0729079
14 0.0520771
15 0.0347181
16 0.0216988
17 0.012764
18 0.00709111
19 0.00373216
20 0.00186608
21 0.00088861
22 0.000403914
23 0.000175615
24 7.31728e-05
25 2.92691e-05
26 1.12573e-05
27 4.16939e-06
28 1.48907e-06
29 5.13472e-07
30 1.71157e-07
31 5.5212e-08
32 1.72537e-08
33 5.22841e-09
34 1.53777e-09
35 4.39362e-10
36 1.22045e-10
37 3.29851e-11
38 8.6803e-12
39 2.22572e-12
40 5.56429e-13
41 1.35715e-13
42 3.2313e-14
43 7.51465e-15
44 1.70787e-15
45 3.79528e-16
46 8.2506e-17
47 1.75545e-17
48 3.65718e-18
49 7.46363e-19
50 1.49273e-19
51 2.92692e-20
52 5.62868e-21
53 1.06202e-21
54 1.9667e-22
55 3.57581e-23
56 6.38538e-24
57 1.12024e-24
58 1.93145e-25
59 3.27365e-26
60 5.45608e-27
61 8.94439e-28
62 1.44264e-28
63 2.28991e-29
64 3.57798e-30
65 5.50459e-31
66 8.34029e-32
67 1.24482e-32
68 1.83062e-33
69 2.65307e-34
70 3.7901e-35
71 5.33816e-36
72 7.41411e-37
73 1.01563e-37
74 1.37248e-38
75 1.82997e-39
76 2.40785e-40
77 3.12708e-41
78 4.00908e-42
79 5.07478e-43
80 6.34348e-44
81 7.83145e-45
82 9.55055e-46
83 1.15067e-46
84 1.36984e-47
85 1.61158e-48
86 1.87393e-49
87 2.15394e-50
88 2.44766e-51
89 2.75018e-52
90 3.05576e-53
91 3.35798e-54
92 3.64998e-55
93 3.92471e-56
94 4.17522e-57
95 4.39497e-58
96 4.57809e-59
97 4.71968e-60
98 4.816e-61
99 4.86465e-62
100 4.86465e-66

n 1000
binomial
0 1.74787e-46
1 1.94208e-44
2 1.07785e-42
3 3.98407e-41
4 1.10337e-39
5 2.44212e-38
6 4.49982e-37
7 7.09972e-36
8 9.7917e-35
9 1.19918e-33
10 1.32043e-32
11 1.32043e-31
12 1.20917e-30
13 1.02108e-29
14 7.99845e-29
15 5.84183e-28
16 3.99598e-27
17 2.56996e-26
18 1.55943e-25
19 8.95531e-25
20 4.88064e-24
21 2.5307e-23
22 1.25129e-22
23 5.9119e-22
24 2.67404e-21
25 1.15994e-20
26 4.83308e-20
27 1.93721e-19
28 7.47979e-19
29 2.78558e-18
30 1.00178e-17
31 3.48288e-17
32 1.17184e-16
33 3.81934e-16
34 1.20696e-15
35 3.70135e-15
36 1.10241e-14
37 3.19135e-14
38 8.98618e-14
39 2.46288e-13
40 6.57452e-13
41 1.71044e-12
42 4.33946e-12
43 1.07421e-11
44 2.59601e-11
45 6.12787e-11
46 1.41356e-10
47 3.18802e-10
48 7.03283e-10
49 1.5182e-09
50 3.20846e-09
51 6.6406e-09
52 1.34657e-08
53 2.67619e-08
54 5.21472e-08
55 9.96591e-08
56 1.86861e-07
57 3.43853e-07
58 6.21175e-07
59 1.10197e-06
60 1.92029e-06
61 3.28793e-06
62 5.53291e-06
63 9.1532e-06
64 1.48898e-05
65 2.38238e-05
66 3.75004e-05
67 5.80851e-05
68 8.85514e-05
69 0.000132898
70 0.000196394
71 0.000285832
72 0.000409781
73 0.000578807
74 0.000805637
75 0.00110522
76 0.00149463
77 0.00199283
78 0.00262021
79 0.00339779
80 0.00434634
81 0.0054851
82 0.00683036
83 0.00839394
84 0.0101815
85 0.0121912
86 0.0144121
87 0.0168233
88 0.0193936
89 0.0220811
90 0.0248344
91 0.0275937
92 0.0302931
93 0.0328628
94 0.0352323
95 0.0373339
96 0.0391056
97 0.0404942
98 0.0414583
99 0.0419702
100 0.0420168
101 0.0416008
102 0.0407398
103 0.0394653
104 0.0378209
105 0.0358598
106 0.0336421
107 0.0312316
108 0.0286932
109 0.02609
110 0.023481
111 0.020919
112 0.0184494
113 0.0161092
114 0.0139268
115 0.0119219
116 0.0101062
117 0.00848421
118 0.0070542
119 0.00580934
120 0.00473891
121 0.00382943
122 0.00306563
123 0.00243146
124 0.00191074
125 0.00148783
126 0.00114802
127 0.000877838
128 0.000665236
129 0.000499644
130 0.000371957
131 0.000274472
132 0.000200771
133 0.000145588
134 0.000104664
135 7.46003e-05
136 5.272e-05
137 3.69425e-05
138 2.56694e-05
139 1.76874e-05
140 1.20864e-05
141 8.19095e-06
142 5.5055e-06
143 3.67033e-06
144 2.42706e-06
145 1.59201e-06
146 1.03589e-06
147 6.68672e-07
148 4.28211e-07
149 2.72063e-07
150 1.715e-07
151 1.07266e-07
152 6.65711e-08
153 4.09966e-08
154 2.50535e-08
155 1.51937e-08
156 9.14436e-09
157 5.46203e-09
158 3.23804e-09
159 1.90526e-09
160 1.11272e-09
161 6.45058e-10
162 3.71196e-10
163 2.1204e-10
164 1.20242e-10
165 6.76918e-11
166 3.78331e-11
167 2.09932e-11
168 1.15657e-11
169 6.32654e-12
170 3.43618e-12
171 1.85317e-12
172 9.92428e-13
173 5.27765e-13
174 2.78711e-13
175 1.46169e-13
176 7.61294e-14
177 3.93789e-14
178 2.02303e-14
179 1.03223e-14
180 5.23125e-15
181 2.63329e-15
182 1.31664e-15
183 6.53925e-16
184 3.22619e-16
185 1.58112e-16
186 7.69782e-17
187 3.72313e-17
188 1.78895e-17
189 8.53985e-18
190 4.05019e-18
191 1.90846e-18
192 8.93488e-19
193 4.15624e-19
194 1.92101e-19
195 8.82242e-20
196 4.0261e-20
197 1.82571e-20
198 8.22697e-21
199 3.68399e-21
200 1.63938e-21
201 7.24987e-22
202 3.18627e-22
203 1.39171e-22
204 6.04134e-23
205 2.60645e-23
206 1.11765e-23
207 4.76338e-24
208 2.01782e-24
209 8.49608e-25
210 3.55577e-25
211 1.47923e-25
212 6.11694e-26
213 2.51442e-26
214 1.02744e-26
215 4.17348e-27
216 1.68528e-27
217 6.76528e-28
218 2.6999e-28
219 1.07119e-28
220 4.22527e-29
221 1.65697e-29
222 6.46035e-30
223 2.50431e-30
224 9.65203e-31
225 3.69875e-31
226 1.40931e-31
227 5.33923e-32
228 2.01132e-32
229 7.53391e-33
230 2.80611e-33
231 1.0393e-33
232 3.82769e-34
233 1.40184e-34
234 5.10547e-35
235 1.84907e-35
236 6.6598e-36
237 2.38541e-36
238 8.49707e-37
239 3.01012e-37
240 1.06051e-37
241 3.71594e-38
242 1.29495e-38
243 4.48821e-39
244 1.54716e-39
245 5.30456e-40
246 1.80892e-40
247 6.13551e-41
248 2.06991e-41
249 6.94588e-42
250 2.31838e-42
251 7.69715e-43
252 2.54196e-43
253 8.3504e-44
254 2.72867e-44
255 8.86968e-45
256 2.86802e-45
257 9.22527e-46
258 2.95193e-46
259 9.39652e-47
260 2.97557e-47
261 9.37386e-48
262 2.93778e-48
263 9.15961e-49
264 2.84118e-49
265 8.76774e-50
266 2.69185e-50
267 8.22229e-51
268 2.49873e-51
269 7.55502e-52
270 2.27273e-52
271 6.80234e-53
272 2.0257e-53
273 6.00206e-54
274 1.76946e-54
275 5.19043e-55
276 1.51492e-55
277 4.39953e-56
278 1.27133e-56
279 3.6555e-57
280 1.04588e-57
281 2.9776e-58
282 8.43535e-59
283 2.37793e-59
284 6.67048e-60
285 1.86201e-60
286 5.17226e-61
287 1.42973e-61
288 3.93286e-62
289 1.07658e-62
290 2.93276e-63
291 7.9506e-64
292 2.14497e-64
293 5.75896e-65
294 1.53877e-65
295 4.09179e-66
296 1.08285e-66
297 2.85195e-67
298 7.47547e-68
299 1.95012e-68
300 5.0631e-69
301 1.30829e-69
302 3.3646e-70
303 8.61199e-71
304 2.19392e-71
305 5.56272e-72
306 1.40381e-72
307 3.52603e-73
308 8.81509e-74
309 2.19347e-74
310 5.43257e-75
311 1.33922e-75
312 3.28605e-76
313 8.02556e-77
314 1.95101e-77
315 4.72097e-78
316 1.13708e-78
317 2.72613e-79
318 6.50574e-80
319 1.54541e-80
320 3.65425e-81
321 8.58422e-82
322 1.99136e-82
323 4.64446e-83
324 0
325 0
326 0
327 0
328 0
329 0
330 0
331 0
332 0
333 0
334 0
335 0
336 0
337 0
338 0
339 0
340 0
341 0
342 0
343 0
344 0
345 0
346 0
347 0
348 0
349 0
350 0
351 0
352 0
353 0
354 0
355 0
356 0
357 0
358 0
359 0
360 0
361 0
362 0
363 0
364 0
365 0
366 0
367 0
368 0
369 0
370 0
371 0
372 0
373 0
374 0
375 0
376 0
377 0
378 0
379 0
380 0
381 0
382 0
383 0
384 0
385 0
386 0
387 0
388 0
389 0
390 0
391 0
392 0
393 0
394 0
395 0
396 0
397 0
398 0
399 0
400 0
401 0
402 0
403 0
404 0
405 0
406 0
407 0
408 0
409 0
410 0
411 0
412 0
413 0
414 0
415 0
416 0
417 0
418 0
419 0
420 0
421 0
422 0
423 0
424 0
425 0
426 0
427 0
428 0
429 0
430 0
431 0
432 0
433 0
434 0
435 0
436 0
437 0
438 0
439 0
440 0
441 0
442 0
443 0
444 0
445 0
446 0
447 0
448 0
449 0
450 0
451 0
452 0
453 0
454 0
455 0
456 0
457 0
458 0
459 0
460 0
461 0
462 0
463 0
464 0
465 0
466 0
467 0
468 0
469 0
470 0
471 0
472 0
473 0
474 0
475 0
476 0
477 0
478 0
479 0
480 0
481 0
482 0
483 0
484 0
485 0
486 0
487 0
488 0
489 0
490 0
491 0
492 0
493 0
494 0
495 0
496 0
497 0
498 0
499 0
500 0
501 0
502 0
503 0
504 0
505 0
506 0
507 0
508 0
509 0
510 0
511 0
512 0
513 0
514 0
515 0
516 0
517 0
518 0
519 0
520 0
521 0
522 0
523 0
524 0
525 0
526 0
527 0
528 0
529 0
530 0
531 0
532 0
533 0
534 0
535 0
536 0
537 0
538 0
539 0
540 0
541 0
542 0
543 0
544 0
545 0
546 0
547 0
548 0
549 0
550 0
551 0
552 0
553 0
554 0
555 0
556 0
557 0
558 0
559 0
560 0
561 0
562 0
563 0
564 0
565 0
566 0
567 0
568 0
569 0
570 0
571 0
572 0
573 0
574 0
575 0
576 0
577 0
578 0
579 0
580 0
581 0
582 0
583 0
584 0
585 0
586 0
587 0
588 0
589 0
590 0
591 0
592 0
593 0
594 0
595 0
596 0
597 0
598 0
599 0
600 0
601 0
602 0
603 0
604 0
605 0
606 0
607 0
608 0
609 0
610 0
611 0
612 0
613 0
614 0
615 0
616 0
617 0
618 0
619 0
620 0
621 0
622 0
623 0
624 0
625 0
626 0
627 0
628 0
629 0
630 0
631 0
632 0
633 0
634 0
635 0
636 0
637 0
638 0
639 0
640 0
641 0
642 0
643 0
644 0
645 0
646 0
647 0
648 0
649 0
650 0
651 0
652 0
653 0
654 0
655 0
656 0
657 0
658 0
659 0
660 0
661 0
662 0
663 0
664 0
665 0
666 0
667 0
668 0
669 0
670 0
671 0
672 0
673 0
674 0
675 0
676 0
677 0
678 0
679 0
680 0
681 0
682 0
683 0
684 0
685 0
686 0
687 0
688 0
689 0
690 0
691 0
692 0
693 0
694 0
695 0
696 0
697 0
698 0
699 0
700 0
701 0
702 0
703 0
704 0
705 0
706 0
707 0
708 0
709 0
710 0
711 0
712 0
713 0
714 0
715 0
716 0
717 0
718 0
719 0
720 0
721 0
722 0
723 0
724 0
725 0
726 0
727 0
728 0
729 0
730 0
731 0
732 0
733 0
734 0
735 0
736 0
737 0
738 0
739 0
740 0
741 0
742 0
743 0
744 0
745 0
746 0
747 0
748 0
749 0
750 0
751 0
752 0
753 0
754 0
755 0
756 0
757 0
758 0
759 0
760 0
761 0
762 0
763 0
764 0
765 0
766 0
767 0
768 0
769 0
770 0
771 0
772 0
773 0
774 0
775 0
776 0
777 0
778 0
779 0
780 0
781 0
782 0
783 0
784 0
785 0
786 0
787 0
788 0
789 0
790 0
791 0
792 0
793 0
794 0
795 0
796 0
797 0
798 0
799 0
800 0
801 0
802 0
803 0
804 0
805 0
806 0
807 0
808 0
809 0
810 0
811 0
812 0
813 0
814 0
815 0
816 0
817 0
818 0
819 0
820 0
821 0
822 0
823 0
824 0
825 0
826 0
827 0
828 0
829 0
830 0
831 0
832 0
833 0
834 0
835 0
836 0
837 0
838 0
839 0
840 0
841 0
842 0
843 0
844 0
845 0
846 0
847 0
848 0
849 0
850 0
851 0
852 0
853 0
854 0
855 0
856 0
857 0
858 0
859 0
860 0
861 0
862 0
863 0
864 0
865 0
866 0
867 0
868 0
869 0
870 0
871 0
872 0
873 0
874 0
875 0
876 0
877 0
878 0
879 0
880 0
881 0
882 0
883 0
884 0
885 0
886 0
887 0
888 0
889 0
890 0
891 0
892 0
893 0
894 0
895 0
896 0
897 0
898 0
899 0
900 0
901 0
902 0
903 0
904 0
905 0
906 0
907 0
908 0
909 0
910 0
911 0
912 0
913 0
914 0
915 0
916 0
917 0
918 0
919 0
920 0
921 0
922 0
923 0
924 0
925 0
926 0
927 0
928 0
929 0
930 0
931 0
932 0
933 0
934 0
935 0
936 0
937 0
938 0
939 0
940 0
941 0
942 0
943 0
944 0
945 0
946 0
947 0
948 0
949 0
950 0
951 0
952 0
953 0
954 0
955 0
956 0
957 0
958 0
959 0
960 0
961 0
962 0
963 0
964 0
965 0
966 0
967 0
968 0
969 0
970 0
971 0
972 0
973 0
974 0
975 0
976 0
977 0
978 0
979 0
980 0
981 0
982 0
983 0
984 0
985 0
986 0
987 0
988 0
989 0
990 0
991 0
992 0
993 0
994 0
995 0
996 0
997 0
998 0
999 0
1000 0

poisson
0 3.72008e-44
1 3.72008e-42
2 1.86004e-40
3 6.20013e-39
4 1.55003e-37
5 3.10006e-36
6 5.16677e-35
7 7.3811e-34
8 9.22638e-33
9 1.02515e-31
10 1.02515e-30
11 9.31957e-30
12 7.76631e-29
13 5.97409e-28
14 4.2672e-27
15 2.8448e-26
16 1.778e-25
17 1.04588e-24
18 5.81046e-24
19 3.05814e-23
20 1.52907e-22
21 7.28128e-22
22 3.30967e-21
23 1.43899e-20
24 5.99579e-20
25 2.39831e-19
26 9.22429e-19
27 3.4164e-18
28 1.22014e-17
29 4.20739e-17
30 1.40246e-16
31 4.52408e-16
32 1.41377e-15
33 4.28416e-15
34 1.26005e-14
35 3.60014e-14
36 1.00004e-13
37 2.70281e-13
38 7.11265e-13
39 1.82376e-12
40 4.55939e-12
41 1.11205e-11
42 2.64773e-11
43 6.15751e-11
44 1.39943e-10
45 3.10985e-10
46 6.76055e-10
47 1.43842e-09
48 2.9967e-09
49 6.11571e-09
50 1.22314e-08
51 2.39832e-08
52 4.61215e-08
53 8.70217e-08
54 1.61151e-07
55 2.93002e-07
56 5.23218e-07
57 9.17927e-07
58 1.58263e-06
59 2.68243e-06
60 4.47071e-06
61 7.32904e-06
62 1.1821e-05
63 1.87635e-05
64 2.9318e-05
65 4.51047e-05
66 6.83404e-05
67 0.000102001
68 0.000150001
69 0.000217393
70 0.000310561
71 0.00043741
72 0.000607513
73 0.00083221
74 0.00112461
75 0.00149948
76 0.001973
77 0.00256233
78 0.00328504
79 0.00415828
80 0.00519785
81 0.0064171
82 0.00782574
83 0.0094286
84 0.0112245
85 0.0132053
86 0.015355
87 0.0176495
88 0.0200562
89 0.0225351
90 0.0250389
91 0.0275153
92 0.029908
93 0.0321591
94 0.0342118
95 0.0360124
96 0.0375129
97 0.0386731
98 0.0394624
99 0.039861
100 0.039861
101 0.0394663
102 0.0386925
103 0.0375655
104 0.0361207
105 0.0344007
106 0.0324535
107 0.0303303
108 0.0280836
109 0.0257648
110 0.0234225
111 0.0211014
112 0.0188405
113 0.016673
114 0.0146255
115 0.0127178
116 0.0109636
117 0.00937062
118 0.0079412
119 0.00667328
120 0.00556106
121 0.00459592
122 0.00376715
123 0.00306272
124 0.00246994
125 0.00197595
126 0.00156821
127 0.00123481
128 0.000964699
129 0.000747828
130 0.000575253
131 0.000439124
132 0.00033267
133 0.000250128
134 0.000186662
135 0.000138268
136 0.000101668
137 7.42102e-05
138 5.37755e-05
139 3.86874e-05
140 2.76339e-05
141 1.95985e-05
142 1.38018e-05
143 9.65158e-06
144 6.70248e-06
145 4.6224e-06
146 3.16603e-06
147 2.15376e-06
148 1.45524e-06
149 9.76674e-07
150 6.51116e-07
151 4.31203e-07
152 2.83686e-07
153 1.85416e-07
154 1.204e-07
155 7.76773e-08
156 4.97931e-08
157 3.17154e-08
158 2.0073e-08
159 1.26245e-08
160 7.89034e-09
161 4.90083e-09
162 3.0252e-09
163 1.85595e-09
164 1.13168e-09
165 6.85866e-10
166 4.13172e-10
167 2.47409e-10
168 1.47267e-10
169 8.71402e-11
170 5.1259e-11
171 2.9976e-11
172 1.74279e-11
173 1.00739e-11
174 5.78962e-12
175 3.30835e-12
176 1.87975e-12
177 1.062e-12
178 5.96631e-13
179 3.33313e-13
180 1.85174e-13
181 1.02306e-13
182 5.62122e-14
183 3.0717e-14
184 1.6694e-14
185 9.02381e-15
186 4.85151e-15
187 2.59439e-15
188 1.37999e-15
189 7.30156e-16
190 3.84293e-16
191 2.012e-16
192 1.04792e-16
193 5.42963e-17
194 2.79878e-17
195 1.43527e-17
196 7.32281e-18
197 3.71716e-18
198 1.87735e-18
199 9.43394e-19
200 4.71697e-19
201 2.34675e-19
202 1.16176e-19
203 5.72295e-20
204 2.80537e-20
205 1.36847e-20
206 6.64306e-21
207 3.20921e-21
208 1.54289e-21
209 7.38225e-22
210 3.51536e-22
211 1.66605e-22
212 7.8587e-23
213 3.68953e-23
214 1.72408e-23
215 8.01898e-24
216 3.71249e-24
217 1.71082e-24
218 7.84782e-25
219 3.58348e-25
220 1.62885e-25
221 7.37038e-26
222 3.31999e-26
223 1.48879e-26
224 6.64636e-27
225 2.95394e-27
226 1.30705e-27
227 5.75794e-28
228 2.52541e-28
229 1.1028e-28
230 4.79479e-29
231 2.07566e-29
232 8.94683e-30
233 3.83984e-30
234 1.64096e-30
235 6.9828e-31
236 2.95881e-31
237 1.24844e-31
238 5.24556e-32
239 2.1948e-32
240 9.14499e-33
241 3.7946e-33
242 1.56802e-33
243 6.45274e-34
244 2.64457e-34
245 1.07942e-34
246 4.38787e-35
247 1.77646e-35
248 7.16316e-36
249 2.87677e-36
250 1.15071e-36
251 4.5845e-37
252 1.81924e-37
253 7.19069e-38
254 2.83098e-38
255 1.11019e-38
256 4.33667e-39
257 1.68742e-39
258 6.54039e-40
259 2.52525e-40
260 9.7125e-41
261 3.72126e-41
262 1.42033e-41
263 5.40049e-42
264 2.04564e-42
265 7.7194e-43
266 2.90203e-43
267 1.0869e-43
268 4.05561e-44
269 1.50766e-44
270 5.58393e-45
271 2.06049e-45
272 7.57533e-46
273 2.77485e-46
274 1.01272e-46
275 3.68261e-47
276 1.33428e-47
277 4.81689e-48
278 1.73269e-48
279 6.21037e-49
280 2.21799e-49
281 7.89321e-50
282 2.79901e-50
283 9.89049e-51
284 3.48257e-51
285 1.22195e-51
286 4.27256e-52
287 1.4887e-52
288 5.16909e-53
289 1.78861e-53
290 6.16763e-54
291 2.11946e-54
292 7.25843e-55
293 2.47728e-55
294 8.42612e-56
295 2.85631e-56
296 9.6497e-57
297 3.24906e-57
298 1.09029e-57
299 3.64645e-58
300 1.21548e-58
301 4.03815e-59
302 1.33714e-59
303 4.41299e-60
304 1.45164e-60
305 4.75948e-61
306 1.55538e-61
307 5.0664e-62
308 1.64494e-62
309 5.32341e-63
310 1.71723e-63
311 5.52164e-64
312 1.76976e-64
313 5.65418e-65
314 1.80069e-65
315 5.71648e-66
316 1.80901e-66
317 5.70667e-67
318 1.79455e-67
319 5.62555e-68
320 1.75798e-68
321 5.47659e-69
322 1.7008e-69
323 5.26564e-70
324 1.6252e-70
325 5.00061e-71
326 1.53393e-71
327 4.69092e-72
328 1.43016e-72
329 4.34698e-73
330 1.31727e-73
331 3.97966e-74
332 1.19869e-74
333 3.59968e-75
334 1.07775e-75
335 3.21716e-76
336 9.57488e-77
337 2.84121e-77
338 8.40595e-78
339 2.47963e-78
340 7.29303e-79
341 2.13872e-79
342 6.25356e-80
343 1.8232e-80
344 5.29999e-81
345 1.53623e-81
346 4.43997e-82
347 1.27953e-82
348 3.67681e-83
349 1.05353e-83
350 3.01008e-84
351 8.57572e-85
352 2.43628e-85
353 6.90165e-86
354 1.94962e-86
355 5.49189e-87
356 1.54266e-87
357 4.32119e-88
358 1.20704e-88
359 3.36222e-89
360 9.33949e-90
361 2.58712e-90
362 7.14673e-91
363 1.9688e-91
364 5.40878e-92
365 1.48186e-92
366 4.04879e-93
367 1.10321e-93
368 2.99786e-94
369 8.12429e-95
370 2.19575e-95
371 5.91847e-96
372 1.59099e-96
373 4.26538e-97
374 1.14048e-97
375 3.04127e-98
376 8.08849e-99
377 2.14549e-99
378 5.67589e-100
379 1.4976e-100
380 3.94104e-101
381 1.03439e-101
382 2.70784e-102
383 7.07008e-103
384 1.84117e-103
385 4.78225e-104
386 1.23892e-104
387 3.20136e-105
388 8.25092e-106
389 2.12106e-106
390 5.43861e-107
391 1.39095e-107
392 3.54834e-108
393 9.02885e-109
394 2.29159e-109
395 5.80149e-110
396 1.46502e-110
397 3.69023e-111
398 9.27194e-112
399 2.32379e-112
400 5.80948e-113
401 1.44875e-113
402 3.60385e-114
403 8.94257e-115
404 2.21351e-115
405 5.46545e-116
406 1.34617e-116
407 3.30754e-117
408 8.10672e-118
409 1.98208e-118
410 4.83435e-119
411 1.17624e-119
412 2.85495e-120
413 6.91272e-121
414 1.66974e-121
415 4.02347e-122
416 9.6718e-123
417 2.31938e-123
418 5.54875e-124
419 1.32428e-124
420 3.15305e-125
421 7.48944e-126
422 1.77475e-126
423 4.19562e-127
424 9.89534e-128
425 2.32832e-128
426 5.46553e-129
427 1.27998e-129
428 2.99062e-130
429 6.97113e-131
430 1.62119e-131
431 3.76147e-132
432 8.70711e-133
433 2.01088e-133
434 4.63336e-134
435 1.06514e-134
436 2.44298e-135
437 5.59035e-136
438 1.27634e-136
439 2.90737e-137
440 6.60766e-138
441 1.49834e-138
442 3.3899e-139
443 7.65214e-140
444 1.72346e-140
445 3.87293e-141
446 8.68371e-142
447 1.94266e-142
448 4.3363e-143
449 9.65769e-144
450 2.14615e-144
451 4.75866e-145
452 1.0528e-145
453 2.32406e-146
454 5.11908e-147
455 1.12507e-147
456 2.46726e-148
457 5.39883e-149
458 1.17878e-149
459 2.56815e-150
460 5.58295e-151
461 1.21105e-151
462 2.62132e-152
463 5.6616e-153
464 1.22017e-153
465 2.62403e-154
466 5.63096e-155
467 1.20577e-155
468 2.57644e-156
469 5.49347e-157
470 1.16882e-157
471 2.48158e-158
472 5.25759e-159
473 1.11154e-159
474 2.34502e-160
475 4.93689e-161
476 1.03716e-161
477 2.17434e-162
478 4.54883e-163
479 9.49652e-164
480 1.97844e-164
481 4.11318e-165
482 8.53358e-166
483 1.76679e-166
484 3.65038e-167
485 7.52657e-168
486 1.54868e-168
487 3.18003e-169
488 6.51646e-170
489 1.33261e-170
490 2.71961e-171
491 5.53892e-172
492 1.1258e-172
493 2.28357e-173
494 4.6226e-174
495 9.33859e-175
496 1.88278e-175
497 3.78829e-176
498 7.60701e-177
499 1.52445e-177
500 3.0489e-178
501 6.08563e-179
502 1.21228e-179
503 2.41009e-180
504 4.78193e-181
505 9.46917e-182
506 1.87138e-182
507 3.69108e-183
508 7.26591e-184
509 1.42749e-184
510 2.79899e-185
511 5.47748e-186
512 1.06982e-186
513 2.08542e-187
514 4.05724e-188
515 7.87813e-189
516 1.52677e-189
517 2.95313e-190
518 5.70103e-191
519 1.09846e-191
520 2.11243e-192
521 4.05457e-193
522 7.76738e-194
523 1.48516e-194
524 2.83427e-195
525 5.39861e-196
526 1.02635e-196
527 1.94754e-197
528 3.68852e-198
529 6.97262e-199
530 1.31559e-199
531 2.47757e-200
532 4.65708e-201
533 8.73749e-202
534 1.63623e-202
535 3.05838e-203
536 5.70594e-204
537 1.06256e-204
538 1.97502e-205
539 3.66422e-206
540 6.78559e-207
541 1.25427e-207
542 2.31415e-208
543 4.26178e-209
544 7.83416e-210
545 1.43746e-210
546 2.63271e-211
547 4.813e-212
548 8.78285e-213
549 1.59979e-213
550 2.90871e-214
551 5.27897e-215
552 9.56335e-216
553 1.72936e-216
554 3.12158e-217
555 5.62448e-218
556 1.0116e-218
557 1.81615e-219
558 3.25475e-220
559 5.82245e-221
560 1.03972e-221
561 1.85334e-222
562 3.29776e-223
563 5.85747e-224
564 1.03856e-224
565 1.83816e-225
566 3.24763e-226
567 5.72774e-227
568 1.00841e-227
569 1.77224e-228
570 3.10919e-229
571 5.44517e-230
572 9.51954e-231
573 1.66135e-231
574 2.89434e-232
575 5.03363e-233
576 8.73894e-234
577 1.51455e-234
578 2.62033e-235
579 4.52561e-236
580 7.80277e-237
581 1.34299e-237
582 2.30754e-238
583 3.95805e-239
584 6.77748e-240
585 1.15854e-240
586 1.97704e-241
587 3.36804e-242
588 5.72795e-243
589 9.72487e-244
590 1.64828e-244
591 2.78897e-245
592 4.71111e-246
593 7.94453e-247
594 1.33746e-247
595 2.24784e-248
596 3.77154e-249
597 6.31748e-250
598 1.05644e-250
599 1.76366e-251
600 2.93944e-252
601 4.89092e-253
602 8.12445e-254
603 1.34734e-254
604 2.23069e-255
605 3.68709e-256
606 6.08431e-257
607 1.00236e-257
608 1.64862e-258
609 2.70709e-259
610 4.43785e-260
611 7.26325e-261
612 1.18681e-261
613 1.93606e-262
614 3.15319e-263
615 5.12715e-264
616 8.32329e-265
617 1.34899e-265
618 2.18284e-266
619 3.52639e-267
620 5.68773e-268
621 9.15899e-269
622 1.47251e-269
623 2.36357e-270
624 3.78778e-271
625 6.06044e-272
626 9.68122e-273
627 1.54405e-273
628 2.45868e-274
629 3.90888e-275
630 6.20457e-276
631 9.83291e-277
632 1.55584e-277
633 2.45788e-278
634 3.87679e-279
635 6.10518e-280
636 9.59934e-281
637 1.50696e-281
638 2.36201e-282
639 3.69641e-283
640 5.77564e-284
641 9.01036e-285
642 1.40348e-285
643 2.18271e-286
644 3.3893e-287
645 5.25473e-288
646 8.13426e-289
647 1.25723e-289
648 1.94017e-290
649 2.98947e-291
650 4.59919e-292
651 7.0648e-293
652 1.08356e-293
653 1.65935e-294
654 2.53724e-295
655 3.87365e-296
656 5.90495e-297
657 8.98775e-298
658 1.36592e-298
659 2.07272e-299
660 3.14048e-300
661 4.7511e-301
662 7.17689e-302
663 1.08249e-302
664 1.63025e-303
665 2.45151e-304
666 3.68094e-305
667 5.51865e-306
668 8.26145e-307
669 1.2349e-307
670 1.84313e-308
671 2.74684e-309
672 4.08756e-310
673 6.07363e-311
674 9.01133e-312
675 1.33501e-312
676 1.97487e-313
677 2.91709e-314
678 4.30249e-315
679 6.33651e-316
680 9.3184e-317
681 1.36834e-317
682 2.00637e-318
683 2.93757e-319
684 4.29491e-320
685 6.26969e-321
686 9.14021e-322
687 1.33398e-322
688 1.97626e-323
689 4.94066e-324
690 0
691 0
692 0
693 0
694 0
695 0
696 0
697 0
698 0
699 0
700 0
701 0
702 0
703 0
704 0
705 0
706 0
707 0
708 0
709 0
710 0
711 0
712 0
713 0
714 0
715 0
716 0
717 0
718 0
719 0
720 0
721 0
722 0
723 0
724 0
725 0
726 0
727 0
728 0
729 0
730 0
731 0
732 0
733 0
734 0
735 0
736 0
737 0
738 0
739 0
740 0
741 0
742 0
743 0
744 0
745 0
746 0
747 0
748 0
749 0
750 0
751 0
752 0
753 0
754 0
755 0
756 0
757 0
758 0
759 0
760 0
761 0
762 0
763 0
764 0
765 0
766 0
767 0
768 0
769 0
770 0
771 0
772 0
773 0
774 0
775 0
776 0
777 0
778 0
779 0
780 0
781 0
782 0
783 0
784 0
785 0
786 0
787 0
788 0
789 0
790 0
791 0
792 0
793 0
794 0
795 0
796 0
797 0
798 0
799 0
800 0
801 0
802 0
803 0
804 0
805 0
806 0
807 0
808 0
809 0
810 0
811 0
812 0
813 0
814 0
815 0
816 0
817 0
818 0
819 0
820 0
821 0
822 0
823 0
824 0
825 0
826 0
827 0
828 0
829 0
830 0
831 0
832 0
833 0
834 0
835 0
836 0
837 0
838 0
839 0
840 0
841 0
842 0
843 0
844 0
845 0
846 0
847 0
848 0
849 0
850 0
851 0
852 0
853 0
854 0
855 0
856 0
857 0
858 0
859 0
860 0
861 0
862 0
863 0
864 0
865 0
866 0
867 0
868 0
869 0
870 0
871 0
872 0
873 0
874 0
875 0
876 0
877 0
878 0
879 0
880 0
881 0
882 0
883 0
884 0
885 0
886 0
887 0
888 0
889 0
890 0
891 0
892 0
893 0
894 0
895 0
896 0
897 0
898 0
899 0
900 0
901 0
902 0
903 0
904 0
905 0
906 0
907 0
908 0
909 0
910 0
911 0
912 0
913 0
914 0
915 0
916 0
917 0
918 0
919 0
920 0
921 0
922 0
923 0
924 0
925 0
926 0
927 0
928 0
929 0
930 0
931 0
932 0
933 0
934 0
935 0
936 0
937 0
938 0
939 0
940 0
941 0
942 0
943 0
944 0
945 0
946 0
947 0
948 0
949 0
950 0
951 0
952 0
953 0
954 0
955 0
956 0
957 0
958 0
959 0
960 0
961 0
962 0
963 0
964 0
965 0
966 0
967 0
968 0
969 0
970 0
971 0
972 0
973 0
974 0
975 0
976 0
977 0
978 0
979 0
980 0
981 0
982 0
983 0
984 0
985 0
986 0
987 0
988 0
989 0
990 0
991 0
992 0
993 0
994 0
995 0
996 0
997 0
998 0
999 0
1000 0

