-1
-0.981982
-0.928576
-0.841698
-0.724466
-0.581087
-0.41671
-0.237241
-0.0491276
0.140874
0.325924
0.499365
0.654948
0.78706
0.890925
0.962779
1
1.00121
0.966318
0.896534
0.79432
0.663306
0.508161
0.334431
0.148337
-0.0434482
-0.23403
-0.416546
-0.584412
-0.731553
-0.852629
-0.943222
-1
-1.02084
-1.00489
-0.952651
-0.865893
-0.747649
-0.60209
-0.434378
-0.250487
-0.0569888
0.139177
0.330956
0.511424
0.674047
0.812904
0.922911
1
1.04128
1.04511
1.01123
0.940704
0.835921
0.70052
0.539248
0.357807
0.162645
-0.0392668
-0.240683
-0.434345
-0.613236
-0.77084
-0.901374
-1
-1.063
-1.08792
-1.07367
-1.02055
-0.930256
-0.805851
-0.651623
-0.472965
-0.276172
-0.0682342
0.143419
0.351179
0.547534
0.725331
0.878043
1
1.08661
1.13451
1.14171
1.10768
1.03336
0.921137
0.774801
0.599378
0.400981
0.186595
-0.0361673
-0.259335
-0.474863
-0.674916
-0.852154
-1
-1.11288
-1.18643
-1.21767
-1.20511
-1.14882
-1.05046
-0.913204
-0.741651
-0.541681
-0.320249
-0.085144
0.155275
0.392387
0.617601
0.822674
1
1.14291
1.24588
1.3048
1.31706
1.28175
1.19962
1.07312
0.906351
0.704868
0.47556
0.226388
-0.0338802
-0.295981
-0.550471
-0.788069
-1
-1.17828
-1.31607
-1.40788
-1.4498
-1.43969
-1.37722
-1.26396
-1.10333
-0.900474
-0.662145
-0.396458
-0.112625
0.179363
0.469078
0.746022
1
1.2215
1.40203
1.53443
1.61318
1.63459
1.59696
1.50071
1.34835
1.14445
0.895514
0.609772
0.296909
-0.0322469
-0.366093
-0.692653
-1
-1.27667
-1.51211
-1.69701
-1.82375
-1.8866
-1.88204
-1.80889
-1.6684
-1.46426
-1.20251
-0.891402
-0.54111
-0.163432
0.228592
0.621127
1
1.35122
1.66146
1.91854
2.11189
2.23297
2.27561
2.23629
2.11433
1.91196
1.63438
1.28956
0.888106
0.442932
-0.0311407
-0.517846
-1
-1.46007
-1.88081
-2.24582
-2.54021
-2.7511
-2.86816
-2.88407
-2.79481
-2.59997
-2.30283
-1.91041
-1.43333
-0.885563
-0.284087
0.35159
1
1.63841
2.2435
2.79216
3.26226
3.63347
3.88794
4.01111
3.99223
3.82492
3.50759
3.04369
2.44179
1.71561
0.883781
-0.0305048
-1
-1.99402
-2.97927
-3.92065
-4.78226
-5.5284
-6.12458
-6.53858
-6.74145
-6.7084
-6.41973
-5.86145
-5.02596
-3.91238
-2.52688
-0.882688
1
3.09445
5.36776
7.78162
10.2931
12.8558
15.4207
17.9374
20.3555
22.6256
24.7008
26.5376
28.0972
29.3464
30.2584
31
30.8136
30.2584
29.3464
28.0972
26.5376
24.7008
22.6256
20.3555
17.9374
15.4207
12.8558
10.2931
7.78159
5.36774
3.09443
1
-0.882714
-2.5269
-3.9124
-5.02597
-5.86147
-6.41975
-6.70842
-6.74146
-6.53859
-6.12459
-5.52841
-4.78227
-3.92066
-2.97928
-1.99403
-1
-0.030511
0.883775
1.7156
2.44178
3.04368
3.50759
3.82492
3.99222
4.01111
3.88794
3.63346
3.26226
2.79216
2.2435
1.6384
1
0.351581
-0.284094
-0.885571
-1.43334
-1.91042
-2.30284
-2.59998
-2.79482
-2.88408
-2.86817
-2.75111
-2.54022
-2.24583
-1.88081
-1.46008
-1
-0.51785
-0.0311469
0.442927
0.8881
1.28955
1.63437
1.91196
2.11432
2.23629
2.27561
2.23296
2.11189
1.91854
1.66146
1.35122
1
0.621122
0.228588
-0.163437
-0.541112
-0.891406
-1.20251
-1.46426
-1.6684
-1.80889
-1.88205
-1.88661
-1.82375
-1.69702
-1.51211
-1.27668
-1
-0.692655
-0.366094
-0.0322483
0.296908
0.609771
0.895513
1.14445
1.34834
1.50071
1.59696
1.63459
1.61318
1.53443
1.40203
1.2215
1
0.746018
0.469075
0.179359
-0.112628
-0.396463
-0.66215
-0.900478
-1.10333
-1.26397
-1.37723
-1.43969
-1.44981
-1.40788
-1.31608
-1.17829
-1
-0.788074
-0.550475
-0.295985
-0.0338854
0.226385
0.475557
0.704864
0.906347
1.07312
1.19961
1.28175
1.31706
1.30479
1.24588
1.1429
1
0.822671
0.6176
0.392386
0.155275
-0.085146
-0.32025
-0.541682
-0.741651
-0.913205
-1.05046
-1.14882
-1.20511
-1.21767
-1.18643
-1.11288
-1
-0.852154
-0.674917
-0.474864
-0.259336
-0.0361679
0.186594
0.40098
0.599376
0.7748
0.921136
1.03335
1.10768
1.14171
1.13451
1.08661
1
0.878041
0.72533
0.547532
0.351179
0.143418
-0.0682353
-0.276173
-0.472965
-0.651625
-0.805852
-0.930257
-1.02055
-1.07367
-1.08792
-1.063
-1
-0.901375
-0.770841
-0.613237
-0.434346
-0.240684
-0.0392678
0.162644
0.357805
0.539247
0.700519
0.835921
0.940703
1.01123
1.04511
1.04127
1
0.92291
0.812903
0.674046
0.511424
0.330955
0.139177
-0.0569897
-0.250487
-0.434378
-0.602091
-0.74765
-0.865893
-0.952651
-1.00489
-1.02084
-1
-0.943222
-0.852629
-0.731554
-0.584412
-0.416547
-0.23403
-0.0434482
0.148336
0.334431
0.508161
0.663306
0.79432
0.896535
0.966318
1.00121
1
0.962778
0.890925
0.787059
0.654947
0.499365
0.325923
0.140873
-0.0491257
-0.237243
-0.416713
-0.581087
-0.724465
-0.841698
-0.928576
-0.981982
-1
