0 0
0.000125 0.171929
0.00025 0.338738
0.000375 0.495459
0.0005 0.637424
0.000625 0.760406
0.00075 0.860742
0.000875 0.935444
0.001 0.982287
0.001125 0.999877
0.00125 0.987688
0.001375 0.946085
0.0015 0.876307
0.001625 0.78043
0.00175 0.661312
0.001875 0.522498
0.002 0.368124
0.002125 0.202787
0.00225 0.0314106
0.002375 -0.140901
0.0025 -0.309017
0.002625 -0.46793
0.00275 -0.612907
0.002875 -0.739631
0.003 -0.844328
0.003125 -0.92388
0.00325 -0.975917
0.003375 -0.99889
0.0035 -0.992115
0.003625 -0.955793
0.00375 -0.891006
0.003875 -0.799684
0.004 -0.684547
0.004125 -0.549023
0.00425 -0.397148
0.004375 -0.233446
0.0045 -0.0627914
0.004625 0.109733
0.00475 0.27899
0.004875 0.439938
0.005 0.587784
0.005125 0.718125
0.00525 0.827079
0.005375 0.911402
0.0055 0.968582
0.005625 0.996917
0.00575 0.995562
0.005875 0.964558
0.006 0.904829
0.006125 0.818152
0.00625 0.70711
0.006375 0.57501
0.0065 0.425784
0.006625 0.263879
0.00675 0.0941145
0.006875 -0.0784526
0.007 -0.248683
0.00712499 -0.411508
0.00724999 -0.562077
0.00737499 -0.695907
0.00749999 -0.809012
0.00762499 -0.898024
0.00774999 -0.960291
0.00787499 -0.99396
0.00799999 -0.998027
0.00812499 -0.972372
0.00824999 -0.917758
0.00837499 -0.835811
0.00849999 -0.728973
0.008625 -0.600426
0.00875 -0.453996
0.008875 -0.294046
0.009 -0.125339
0.009125 0.0471011
0.00925 0.218138
0.009375 0.382679
0.0095 0.535823
0.009625 0.67301
0.00975 0.790153
0.009875 0.883764
0.01 0.951056
0.010125 0.990023
0.01025 0.999507
0.010375 0.979223
0.0105 0.929777
0.010625 0.852641
0.01075 0.750112
0.010875 0.625243
0.011 0.481754
0.011125 0.323917
0.01125 0.156434
0.011375 -0.0157083
0.0115 -0.187383
0.011625 -0.353476
0.01175 -0.509043
0.011875 -0.64945
0.012 -0.770515
0.012125 -0.868633
0.01225 -0.940882
0.012375 -0.98511
0.0125 -1
0.012625 -0.985109
0.01275 -0.940879
0.012875 -0.868629
0.013 -0.77051
0.013125 -0.649444
0.01325 -0.509036
0.013375 -0.353469
0.0135 -0.187375
0.013625 -0.0157
0.01375 0.156442
0.013875 0.323925
0.014 0.481761
0.014125 0.625249
0.01425 0.750117
0.014375 0.852645
0.0145 0.92978
0.014625 0.979225
0.01475 0.999507
0.014875 0.990022
0.015 0.951053
0.015125 0.88376
0.01525 0.790148
0.015375 0.673003
0.0155 0.535816
0.015625 0.382672
0.01575 0.21813
0.015875 0.0470929
0.016 -0.125347
0.016125 -0.294054
0.01625 -0.454004
0.016375 -0.600432
0.0165 -0.728979
0.016625 -0.835816
0.01675 -0.917761
0.016875 -0.972374
0.017 -0.998028
0.017125 -0.993959
0.01725 -0.960289
0.017375 -0.89802
0.0175 -0.809006
0.017625 -0.6959
0.01775 -0.562068
0.017875 -0.411497
0.018 -0.248671
0.018125 -0.0784393
0.01825 0.0941285
0.018375 0.263893
0.0185 0.425798
0.018625 0.575023
0.01875 0.707122
0.018875 0.818162
0.019 0.904837
0.019125 0.964563
0.01925 0.995564
0.019375 0.996916
0.0195 0.968577
0.019625 0.911393
0.01975 0.827067
0.019875 0.718109
0.02 0.587765
0.020125 0.439916
0.02025 0.278966
0.020375 0.109708
0.0205 -0.062817
0.020625 -0.233471
0.02075 -0.397173
0.020875 -0.549046
0.021 -0.684567
0.021125 -0.799702
0.02125 -0.89102
0.021375 -0.955802
0.0215 -0.992118
0.021625 -0.998888
0.02175 -0.97591
0.021875 -0.923868
0.022 -0.844311
0.022125 -0.73961
0.02225 -0.612882
0.022375 -0.467902
0.0225 -0.308986
0.022625 -0.140869
0.02275 0.0314436
0.022875 0.20282
0.023 0.368156
0.023125 0.522527
0.02325 0.661338
0.023375 0.780452
0.0235 0.876324
0.023625 0.946097
0.02375 0.987694
0.023875 0.999876
0.024 0.98228
0.024125 0.935431
0.02425 0.860723
0.024375 0.760382
0.0245 0.637395
0.024625 0.495426
0.02475 0.338702
0.024875 0.171891
0.025 -3.9136e-05
0.025125 -0.171968
0.02525 -0.338775
0.025375 -0.495494
0.0255 -0.637455
0.025625 -0.760433
0.02575 -0.860763
0.025875 -0.935459
0.026 -0.982295
0.026125 -0.999877
0.02625 -0.987682
0.026375 -0.946071
0.0265 -0.876286
0.026625 -0.780403
0.02675 -0.661279
0.026875 -0.522461
0.027 -0.368083
0.027125 -0.202743
0.02725 -0.0313653
0.027375 0.140947
0.0275 0.309061
0.027625 0.467971
0.02775 0.612944
0.027875 0.739663
0.028 0.844353
0.028125 0.923898
0.02825 0.975927
0.028375 0.998892
0.0285 0.992109
0.028625 0.955779
0.02875 0.890984
0.028875 0.799655
0.029 0.68451
0.029125 0.54898
0.02925 0.397101
0.029375 0.233395
0.0295 0.0627389
0.029625 -0.109786
0.02975 -0.279041
0.029875 -0.439987
0.03 -0.587828
0.030125 -0.718164
0.03025 -0.827111
0.030375 -0.911426
0.0305 -0.968597
0.030625 -0.996922
0.03075 -0.995557
0.030875 -0.964543
0.031 -0.904803
0.031125 -0.818117
0.03125 -0.707067
0.031375 -0.574961
0.0315 -0.425732
0.031625 -0.263825
0.03175 -0.0940608
0.031875 0.0785045
0.032 0.248732
0.032125 0.411552
0.03225 0.562115
0.032375 0.695939
0.0325 0.809037
0.032625 0.898042
0.03275 0.960302
0.032875 0.993964
0.033 0.998025
0.033125 0.972364
0.03325 0.917746
0.033375 0.835797
0.0335 0.728957
0.033625 0.600409
0.03375 0.45398
0.033875 0.294031
0.034 0.125326
0.034125 -0.0471119
0.03425 -0.218146
0.034375 -0.382684
0.0345 -0.535826
0.034625 -0.67301
0.03475 -0.790152
0.034875 -0.883762
0.035 -0.951053
0.035125 -0.990022
0.03525 -0.999507
0.035375 -0.979226
0.0355 -0.929783
0.035625 -0.852651
0.03575 -0.750127
0.035875 -0.625263
0.036 -0.481778
0.036125 -0.323946
0.03625 -0.156466
0.036375 0.0156728
0.0365 0.187345
0.036625 0.353438
0.03675 0.509006
0.036875 0.649415
0.037 0.770484
0.037125 0.868608
0.03725 0.940864
0.037375 0.9851
0.0375 1
0.037625 0.985119
0.03775 0.940901
0.037875 0.868662
0.038 0.770554
0.038125 0.649498
0.03825 0.5091
0.0383749 0.35354
0.0384999 0.187452
0.0386249 0.0157819
0.0387499 -0.156359
0.0388749 -0.323843
0.0389999 -0.481682
0.0391249 -0.625178
0.0392499 -0.750054
0.0393749 -0.852594
0.0394999 -0.929743
0.0396249 -0.979204
0.0397499 -0.999504
0.0398749 -0.990037
0.0399999 -0.951087
0.0401249 -0.883813
0.0402499 -0.790218
0.0403749 -0.673091
0.0404999 -0.535918
0.0406249 -0.382785
0.0407499 -0.218253
0.0408749 -0.047221
0.0409999 0.125217
0.0411249 0.293926
0.0412499 0.453882
0.0413749 0.600321
0.0414999 0.728883
0.0416249 0.835737
0.0417499 0.917703
0.0418749 0.972339
0.0419999 0.998018
0.0421249 0.993976
0.0422499 0.960333
0.0423749 0.89809
0.0424999 0.809101
0.0426249 0.696018
0.0427499 0.562206
0.0428749 0.411651
0.0429999 0.248838
0.0431249 0.0786133
0.0432499 -0.0939521
0.0433749 -0.26372
0.0434999 -0.425633
0.0436249 -0.574871
0.0437499 -0.70699
0.0438749 -0.818053
0.0439999 -0.904755
0.0441249 -0.964512
0.0442499 -0.995546
0.0443749 -0.996931
0.0444999 -0.968628
0.0446249 -0.911478
0.0447499 -0.827184
0.0448749 -0.718256
0.0449999 -0.587937
0.0451249 -0.44011
0.0452499 -0.279176
0.0453749 -0.109928
