10 36.6634
20 29.0357
30 19.3644
40 10.0295
50 1.79134
60 -5.09183
70 -10.5724
80 -14.704
90 -17.5906
100 -19.3612
110 -20.1543
120 -20.1097
130 -19.3629
140 -18.0424
150 -16.2671
160 -14.1459
170 -11.7773
180 -9.2488
190 -6.63769
200 -4.01116
210 -1.42693
220 1.06622
230 3.42777
240 5.62485
250 7.63154
260 9.42827
270 11.0011
280 12.3413
290 13.4445
300 14.3104
310 14.9421
320 15.3457
330 15.5297
340 15.5049
350 15.2837
360 14.8799
370 14.3083
380 13.5846
390 12.7249
400 11.7456
410 10.6633
420 9.49441
430 8.255
440 6.96085
450 5.62716
460 4.26854
470 2.89886
480 1.53126
490 0.177996
500 -1.1495
510 -2.44073
520 -3.68609
530 -4.87694
540 -6.00554
550 -7.0651
560 -8.04972
570 -8.95443
580 -9.77508
590 -10.5084
600 -11.152
610 -11.704
620 -12.1636
630 -12.5305
640 -12.805
650 -12.9882
660 -13.0816
670 -13.0873
680 -13.0079
690 -12.8464
700 -12.606
710 -12.2907
720 -11.9044
730 -11.4514
740 -10.9362
750 -10.3635
760 -9.73819
770 -9.06522
780 -8.34963
790 -7.5965
800 -6.81092
810 -5.99799
820 -5.16276
830 -4.31019
840 -3.4452
850 -2.57256
860 -1.69692
870 -0.822805
880 0.0454468
890 0.903663
900 1.74786
910 2.57426
920 3.37928
930 4.15958
940 4.91202
950 5.63369
960 6.32193
970 6.97431
980 7.58861
990 8.16288
1000 8.6954
1010 9.18466
1020 9.62941
1030 10.0286
1040 10.3815
1050 10.6873
1060 10.9459
1070 11.1569
1080 11.3205
1090 11.4368
1100 11.5062
1110 11.5293
1120 11.5068
1130 11.4397
1140 11.3289
1150 11.1757
1160 10.9814
1170 10.7475
1180 10.4753
1190 10.1667
1200 9.82342
1210 9.44717
1220 9.03992
1230 8.60363
1240 8.1403
1250 7.65202
1260 7.14088
1270 6.60903
1280 6.0586
1290 5.49178
1300 4.91073
1310 4.31763
1320 3.71464
1330 3.1039
1340 2.48753
1350 1.86764
1360 1.24628
1370 0.625458
1380 0.00715937
1390 -0.606697
1400 -1.21425
1410 -1.81368
1420 -2.40325
1430 -2.98129
1440 -3.54619
1450 -4.09642
1460 -4.63051
1470 -5.14709
1480 -5.64486
1490 -6.12261
1500 -6.5792
1510 -7.01357
1520 -7.42478
1530 -7.81193
1540 -8.17423
1550 -8.51098
1560 -8.82156
1570 -9.10543
1580 -9.36213
1590 -9.59131
1600 -9.79267
1610 -9.96601
1620 -10.1112
1630 -10.2282
1640 -10.3171
1650 -10.3779
1660 -10.4108
1670 -10.4161
1680 -10.3941
1690 -10.3452
1700 -10.2698
1710 -10.1684
1720 -10.0416
1730 -9.88998
1740 -9.71424
1750 -9.51508
1760 -9.29329
1770 -9.04965
1780 -8.78502
1790 -8.50028
1800 -8.19636
1810 -7.8742
1820 -7.53479
1830 -7.17913
1840 -6.80824
1850 -6.42318
1860 -6.025
1870 -5.61479
1880 -5.19363
1890 -4.76262
1900 -4.32286
1910 -3.87545
1920 -3.42151
1930 -2.96212
1940 -2.4984
1950 -2.03142
1960 -1.56227
1970 -1.09203
1980 -0.621737
1990 -0.152442
2000 0.314835
2010 0.779094
2020 1.23935
2030 1.69465
2040 2.14406
2050 2.58668
2060 3.02162
2070 3.44803
2080 3.8651
2090 4.27204
2100 4.66809
2110 5.05253
2120 5.42468
2130 5.78387
2140 6.1295
2150 6.46099
2160 6.77778
2170 7.07938
2180 7.36532
2190 7.63516
2200 7.88851
2210 8.12502
2220 8.34437
2230 8.54629
2240 8.73053
2250 8.89689
2260 9.0452
2270 9.17535
2280 9.28723
2290 9.38079
2300 9.45602
2310 9.51292
2320 9.55155
2330 9.572
2340 9.57437
2350 9.55883
2360 9.52555
2370 9.47474
2380 9.40665
2390 9.32154
2400 9.21971
2410 9.10149
2420 8.96723
2430 8.8173
2440 8.65211
2450 8.47207
2460 8.27762
2470 8.06923
2480 7.84738
2490 7.61258
2500 7.36533
2510 7.10617
2520 6.83564
2530 6.55432
2540 6.26276
2550 5.96155
2560 5.65129
2570 5.33257
2580 5.00601
2590 4.67221
2600 4.3318
2610 3.98541
2620 3.63365
2630 3.27717
2640 2.91658
2650 2.55251
2660 2.1856
2670 1.81647
2680 1.44574
2690 1.07403
2700 0.701954
2710 0.330113
2720 -0.0408928
2730 -0.410471
2740 -0.778039
2750 -1.14303
2760 -1.50487
2770 -1.86301
2780 -2.21692
2790 -2.56607
2800 -2.90994
2810 -3.24804
2820 -3.57987
2830 -3.90497
2840 -4.22288
2850 -4.53316
2860 -4.83539
2870 -5.12916
2880 -5.41408
2890 -5.68979
2900 -5.95592
2910 -6.21214
2920 -6.45814
2930 -6.69361
2940 -6.91827
2950 -7.13187
2960 -7.33415
2970 -7.52491
2980 -7.70392
2990 -7.87102
3000 -8.02603
3010 -8.16881
3020 -8.29923
3030 -8.41718
3040 -8.52258
3050 -8.61536
3060 -8.69546
3070 -8.76286
3080 -8.81754
3090 -8.8595
3100 -8.88877
3110 -8.90539
3120 -8.90942
3130 -8.90093
3140 -8.88001
3150 -8.84677
3160 -8.80134
3170 -8.74385
3180 -8.67446
3190 -8.59334
3200 -8.50068
3210 -8.39668
3220 -8.28154
3230 -8.1555
3240 -8.01878
3250 -7.87165
3260 -7.71436
3270 -7.54719
3280 -7.37042
3290 -7.18435
3300 -6.98928
3310 -6.78552
3320 -6.5734
3330 -6.35324
3340 -6.12539
3350 -5.89018
3360 -5.64798
3370 -5.39913
3380 -5.14401
3390 -4.88297
3400 -4.61639
3410 -4.34465
3420 -4.06812
3430 -3.78719
3440 -3.50224
3450 -3.21366
3460 -2.92183
3470 -2.62715
3480 -2.33
3490 -2.03077
3500 -1.72984
3510 -1.42761
3520 -1.12446
3530 -0.820769
3540 -0.516918
3550 -0.213286
3560 0.0897564
3570 0.391838
3580 0.692594
3590 0.991663
3600 1.28869
3610 1.58333
3620 1.87523
3630 2.16405
3640 2.44947
3650 2.73116
3660 3.0088
3670 3.28208
3680 3.5507
3690 3.81436
3700 4.07278
3710 4.32569
3720 4.5728
3730 4.81387
3740 5.04864
3750 5.27686
3760 5.49832
3770 5.71278
3780 5.92003
3790 6.11988
3800 6.31213
3810 6.49659
3820 6.6731
3830 6.8415
3840 7.00163
3850 7.15336
3860 7.29655
3870 7.4311
3880 7.55688
3890 7.67381
3900 7.78179
3910 7.88076
3920 7.97065
3930 8.05139
3940 8.12296
3950 8.18532
3960 8.23844
3970 8.28231
3980 8.31693
3990 8.3423
4000 8.35846
4010 8.36542
4020 8.36322
4030 8.35192
4040 8.33156
4050 8.30222
4060 8.26397
4070 8.2169
4080 8.16109
4090 8.09666
4100 8.02372
4110 7.94238
4120 7.85277
4130 7.75502
4140 7.64929
4150 7.53571
4160 7.41446
4170 7.28569
4180 7.14957
4190 7.00628
4200 6.856
4210 6.69894
4220 6.53527
4230 6.36521
4240 6.18895
4250 6.00671
4260 5.81871
4270 5.62517
4280 5.42631
4290 5.22236
4300 5.01354
4310 4.80011
4320 4.58229
4330 4.36032
4340 4.13446
4350 3.90494
4360 3.67202
4370 3.43594
4380 3.19695
4390 2.95531
4400 2.71127
4410 2.46509
4420 2.21701
4430 1.9673
4440 1.7162
4450 1.46398
4460 1.21088
4470 0.957153
4480 0.703058
4490 0.448843
4500 0.194755
4510 -0.0589582
4520 -0.312052
4530 -0.564285
4540 -0.815415
4550 -1.06521
4560 -1.31342
4570 -1.55983
4580 -1.80421
4590 -2.04633
4600 -2.28597
4610 -2.5229
4620 -2.75693
4630 -2.98784
4640 -3.21542
4650 -3.43948
4660 -3.65981
4670 -3.87623
4680 -4.08855
4690 -4.29658
4700 -4.50017
4710 -4.69912
4720 -4.89328
4730 -5.08248
4740 -5.26658
4750 -5.44542
4760 -5.61886
4770 -5.78676
4780 -5.949
4790 -6.10544
4800 -6.25598
4810 -6.40048
4820 -6.53886
4830 -6.67101
4840 -6.79683
4850 -6.91623
4860 -7.02915
4870 -7.13549
4880 -7.23519
4890 -7.3282
4900 -7.41444
4910 -7.49388
4920 -7.56647
4930 -7.63217
4940 -7.69096
4950 -7.74281
4960 -7.78769
4970 -7.82561
4980 -7.85655
4990 -7.88051
5000 -7.8975
5010 -7.90754
5020 -7.91065
5030 -7.90684
5040 -7.89615
5050 -7.87862
5060 -7.85428
5070 -7.82319
5080 -7.7854
5090 -7.74097
5100 -7.68996
5110 -7.63244
5120 -7.56849
5130 -7.49819
5140 -7.42162
5150 -7.33887
5160 -7.25004
5170 -7.15522
5180 -7.05451
5190 -6.94804
5200 -6.8359
5210 -6.71822
5220 -6.59511
5230 -6.4667
5240 -6.33312
5250 -6.1945
5260 -6.05097
5270 -5.90267
5280 -5.74974
5290 -5.59233
5300 -5.43059
5310 -5.26466
5320 -5.09469
5330 -4.92085
5340 -4.74329
5350 -4.56217
5360 -4.37765
5370 -4.1899
5380 -3.99907
5390 -3.80534
5400 -3.60888
5410 -3.40985
5420 -3.20843
5430 -3.00478
5440 -2.79908
5450 -2.59151
5460 -2.38223
5470 -2.17142
5480 -1.95926
5490 -1.74592
5500 -1.53157
5510 -1.3164
5520 -1.10056
5530 -0.884244
5540 -0.667616
5550 -0.450851
5560 -0.234119
5570 -0.0175933
5580 0.198558
5590 0.414167
5600 0.629066
5610 0.843088
5620 1.05607
5630 1.26785
5640 1.47827
5650 1.68717
5660 1.89439
5670 2.09977
5680 2.30317
5690 2.50444
5700 2.70342
5710 2.89998
5720 3.09397
5730 3.28524
5740 3.47367
5750 3.65912
5760 3.84146
5770 4.02056
5780 4.1963
5790 4.36855
5800 4.5372
5810 4.70212
5820 4.86322
5830 5.02038
5840 5.17349
5850 5.32246
5860 5.46719
5870 5.60758
5880 5.74355
5890 5.875
5900 6.00186
5910 6.12405
5920 6.24149
5930 6.35411
5940 6.46184
5950 6.56463
5960 6.6624
5970 6.75512
5980 6.84271
5990 6.92515
6000 7.00238
6010 7.07437
6020 7.14108
6030 7.20248
6040 7.25855
6050 7.30925
6060 7.35458
6070 7.39451
6080 7.42903
6090 7.45815
6100 7.48185
6110 7.50013
6120 7.513
6130 7.52048
6140 7.52256
6150 7.51927
6160 7.51063
6170 7.49665
6180 7.47738
6190 7.45283
6200 7.42304
6210 7.38806
6220 7.34792
6230 7.30266
6240 7.25234
6250 7.197
6260 7.13671
6270 7.07152
6280 7.00148
6290 6.92667
6300 6.84716
6310 6.763
6320 6.67429
6330 6.58108
6340 6.48346
6350 6.38152
6360 6.27533
6370 6.16498
6380 6.05056
6390 5.93217
6400 5.80989
6410 5.68383
6420 5.55407
6430 5.42073
6440 5.28389
6450 5.14368
6460 5.00018
6470 4.85351
6480 4.70379
6490 4.55111
6500 4.39559
6510 4.23735
6520 4.0765
6530 3.91315
6540 3.74743
6550 3.57945
6560 3.40933
6570 3.23719
6580 3.06315
6590 2.88734
6600 2.70987
6610 2.53087
6620 2.35047
6630 2.16878
6640 1.98593
6650 1.80204
6660 1.61725
6670 1.43166
6680 1.24542
6690 1.05863
6700 0.871433
6710 0.683942
6720 0.496284
6730 0.308581
6740 0.120956
6750 -0.06647
6760 -0.253575
6770 -0.440239
6780 -0.626343
6790 -0.811767
6800 -0.996394
6810 -1.18011
6820 -1.36279
6830 -1.54433
6840 -1.72462
6850 -1.90353
6860 -2.08097
6870 -2.25682
6880 -2.43097
6890 -2.60332
6900 -2.77377
6910 -2.9422
6920 -3.10853
6930 -3.27265
6940 -3.43446
6950 -3.59387
6960 -3.75078
6970 -3.9051
6980 -4.05675
6990 -4.20563
7000 -4.35167
7010 -4.49476
7020 -4.63485
7030 -4.77184
7040 -4.90566
7050 -5.03624
7060 -5.1635
7070 -5.28737
7080 -5.40779
7090 -5.5247
7100 -5.63802
7110 -5.7477
7120 -5.85369
7130 -5.95592
7140 -6.05435
7150 -6.14892
7160 -6.23959
7170 -6.32631
7180 -6.40905
7190 -6.48776
7200 -6.5624
7210 -6.63294
7220 -6.69936
7230 -6.76161
7240 -6.81968
7250 -6.87354
7260 -6.92317
7270 -6.96855
7280 -7.00967
7290 -7.04651
7300 -7.07906
7310 -7.10732
7320 -7.13128
7330 -7.15093
7340 -7.16628
7350 -7.17733
7360 -7.18408
7370 -7.18655
7380 -7.18474
7390 -7.17866
7400 -7.16833
7410 -7.15377
7420 -7.135
7430 -7.11204
7440 -7.08491
7450 -7.05365
7460 -7.01828
7470 -6.97883
7480 -6.93534
7490 -6.88784
7500 -6.83637
7510 -6.78098
7520 -6.7217
7530 -6.65859
7540 -6.59168
7550 -6.52102
7560 -6.44668
7570 -6.36869
7580 -6.28712
7590 -6.20202
7600 -6.11345
7610 -6.02148
7620 -5.92615
7630 -5.82754
7640 -5.72571
7650 -5.62073
7660 -5.51266
7670 -5.40159
7680 -5.28756
7690 -5.17067
7700 -5.05099
7710 -4.92858
7720 -4.80353
7730 -4.67591
7740 -4.54581
7750 -4.4133
7760 -4.27847
7770 -4.14139
7780 -4.00215
7790 -3.86084
7800 -3.71753
7810 -3.57232
7820 -3.42529
7830 -3.27653
7840 -3.12612
7850 -2.97416
7860 -2.82073
7870 -2.66592
7880 -2.50982
7890 -2.35252
7900 -2.19412
7910 -2.0347
7920 -1.87435
7930 -1.71317
7940 -1.55124
7950 -1.38867
7960 -1.22553
7970 -1.06191
7980 -0.897926
7990 -0.733649
8000 -0.569175
8010 -0.404595
8020 -0.239998
8030 -0.0754757
8040 0.0888833
8050 0.25299
8060 0.416754
8070 0.580089
8080 0.742907
8090 0.90512
8100 1.06664
8110 1.22739
8120 1.38727
8130 1.54621
8140 1.70412
8150 1.86092
8160 2.01652
8170 2.17085
8180 2.32383
8190 2.47537
8200 2.62541
8210 2.77386
8220 2.92064
8230 3.06569
8240 3.20894
8250 3.3503
8260 3.48971
8270 3.62709
8280 3.76239
8290 3.89554
8300 4.02646
8310 4.1551
8320 4.28139
8330 4.40528
8340 4.5267
8350 4.64559
8360 4.7619
8370 4.87558
8380 4.98656
8390 5.09481
8400 5.20026
8410 5.30288
8420 5.40261
8430 5.4994
8440 5.59323
8450 5.68403
8460 5.77178
8470 5.85644
8480 5.93796
8490 6.01632
8500 6.09148
8510 6.16341
8520 6.23208
8530 6.29746
8540 6.35953
8550 6.41827
8560 6.47364
8570 6.52563
8580 6.57423
8590 6.6194
8600 6.66115
8610 6.69946
8620 6.7343
8630 6.76569
8640 6.7936
8650 6.81803
8660 6.83897
8670 6.85643
8680 6.8704
8690 6.88089
8700 6.8879
8710 6.89142
8720 6.89147
8730 6.88806
8740 6.88119
8750 6.87088
8760 6.85714
8770 6.83998
8780 6.81942
8790 6.79548
8800 6.76818
8810 6.73754
8820 6.70358
8830 6.66632
8840 6.6258
8850 6.58204
8860 6.53507
8870 6.48491
8880 6.43161
8890 6.37519
8900 6.3157
8910 6.25315
8920 6.18761
8930 6.11909
8940 6.04765
8950 5.97332
8960 5.89614
8970 5.81617
8980 5.73345
8990 5.64802
9000 5.55992
9010 5.46922
9020 5.37596
9030 5.28019
9040 5.18196
9050 5.08133
9060 4.97834
9070 4.87306
9080 4.76554
9090 4.65584
9100 4.54401
9110 4.43012
9120 4.31422
9130 4.19638
9140 4.07664
9150 3.95509
9160 3.83177
9170 3.70675
9180 3.58009
9190 3.45187
9200 3.32213
9210 3.19096
9220 3.0584
9230 2.92454
9240 2.78943
9250 2.65315
9260 2.51575
9270 2.37732
9280 2.2379
9290 2.09758
9300 1.95642
9310 1.81449
9320 1.67186
9330 1.5286
9340 1.38477
9350 1.24044
9360 1.09569
9370 0.950577
9380 0.805175
9390 0.659552
9400 0.513776
9410 0.367915
9420 0.222038
9430 0.0762116
9440 -0.0694951
9450 -0.215015
9460 -0.360282
9470 -0.505228
9480 -0.649787
9490 -0.793894
9500 -0.937481
9510 -1.08049
9520 -1.22284
9530 -1.36448
9540 -1.50535
9550 -1.64538
9560 -1.7845
9570 -1.92267
9580 -2.0598
9590 -2.19585
9600 -2.33076
9610 -2.46446
9620 -2.5969
9630 -2.72801
9640 -2.85775
9650 -2.98605
9660 -3.11287
9670 -3.23814
9680 -3.36181
9690 -3.48383
9700 -3.60415
9710 -3.72272
9720 -3.83948
9730 -3.9544
9740 -4.06741
9750 -4.17847
9760 -4.28755
9770 -4.39458
9780 -4.49953
9790 -4.60236
9800 -4.70303
9810 -4.80148
9820 -4.89769
9830 -4.99162
9840 -5.08322
9850 -5.17247
9860 -5.25932
9870 -5.34375
9880 -5.42572
9890 -5.50519
9900 -5.58215
9910 -5.65656
9920 -5.72839
9930 -5.79761
9940 -5.8642
9950 -5.92815
9960 -5.98941
9970 -6.04798
9980 -6.10383
9990 -6.15694
10000 -6.2073
10010 -6.25488
10020 -6.29968
10030 -6.34167
10040 -6.38086
10050 -6.41721
10060 -6.45074
10070 -6.48141
10080 -6.50924
10090 -6.5342
10100 -6.5563
10110 -6.57554
10120 -6.5919
10130 -6.60539
10140 -6.61601
10150 -6.62376
10160 -6.62864
10170 -6.63065
10180 -6.6298
10190 -6.6261
10200 -6.61955
10210 -6.61017
10220 -6.59795
10230 -6.58292
10240 -6.56507
10250 -6.54444
10260 -6.52102
10270 -6.49485
10280 -6.46592
10290 -6.43426
10300 -6.3999
10310 -6.36284
10320 -6.32312
10330 -6.28074
10340 -6.23574
10350 -6.18814
10360 -6.13797
10370 -6.08524
10380 -6.03
10390 -5.97226
10400 -5.91205
10410 -5.84941
10420 -5.78437
10430 -5.71695
10440 -5.6472
10450 -5.57514
10460 -5.50082
10470 -5.42425
10480 -5.34549
10490 -5.26457
10500 -5.18152
10510 -5.09639
10520 -5.00922
10530 -4.92004
10540 -4.8289
10550 -4.73583
10560 -4.64088
10570 -4.5441
10580 -4.44552
10590 -4.3452
10600 -4.24317
10610 -4.13948
10620 -4.03418
10630 -3.92731
10640 -3.81892
10650 -3.70906
10660 -3.59778
10670 -3.48512
10680 -3.37114
10690 -3.25588
10700 -3.13939
10710 -3.02172
10720 -2.90292
10730 -2.78305
10740 -2.66216
10750 -2.54028
10760 -2.41749
10770 -2.29383
10780 -2.16934
10790 -2.04409
10800 -1.91813
10810 -1.7915
10820 -1.66426
10830 -1.53647
10840 -1.40817
10850 -1.27942
10860 -1.15027
10870 -1.02078
10880 -0.890994
10890 -0.760969
10900 -0.630756
10910 -0.500409
10920 -0.369981
10930 -0.239523
10940 -0.109088
10950 0.0212706
10960 0.151502
10970 0.281554
10980 0.411376
10990 0.540914
11000 0.670119
11010 0.79894
11020 0.927325
11030 1.05523
11040 1.18259
11050 1.30937
11060 1.43552
11070 1.56098
11080 1.68571
11090 1.80966
11100 1.93278
11110 2.05503
11120 2.17636
11130 2.29672
11140 2.41607
11150 2.53436
11160 2.65155
11170 2.76759
11180 2.88244
11190 2.99606
11200 3.10841
11210 3.21943
11220 3.3291
11230 3.43737
11240 3.5442
11250 3.64955
11260 3.75339
11270 3.85567
11280 3.95636
11290 4.05543
11300 4.15283
11310 4.24854
11320 4.34251
11330 4.43472
11340 4.52513
11350 4.61371
11360 4.70043
11370 4.78526
11380 4.86817
11390 4.94914
11400 5.02812
11410 5.1051
11420 5.18006
11430 5.25296
11440 5.32378
11450 5.3925
11460 5.45909
11470 5.52354
11480 5.58582
11490 5.64591
11500 5.70379
11510 5.75945
11520 5.81287
11530 5.86403
11540 5.91291
11550 5.95951
11560 6.0038
11570 6.04578
11580 6.08543
11590 6.12274
11600 6.1577
11610 6.19031
11620 6.22055
11630 6.24841
11640 6.2739
11650 6.297
11660 6.31771
11670 6.33603
11680 6.35195
11690 6.36548
11700 6.3766
11710 6.38533
11720 6.39166
11730 6.39559
11740 6.39712
11750 6.39627
11760 6.39303
11770 6.38741
11780 6.37941
11790 6.36905
11800 6.35633
11810 6.34125
11820 6.32384
11830 6.30409
11840 6.28202
11850 6.25765
11860 6.23098
11870 6.20203
11880 6.17081
11890 6.13735
11900 6.10164
11910 6.06372
11920 6.0236
11930 5.9813
11940 5.93683
11950 5.89022
11960 5.84149
11970 5.79065
11980 5.73774
11990 5.68278
12000 5.62578
12010 5.56677
12020 5.50578
12030 5.44283
12040 5.37795
12050 5.31116
12060 5.2425
12070 5.17199
12080 5.09966
12090 5.02554
12100 4.94965
12110 4.87204
12120 4.79272
12130 4.71174
12140 4.62912
12150 4.54489
12160 4.4591
12170 4.37177
12180 4.28293
12190 4.19263
12200 4.10089
12210 4.00775
12220 3.91325
12230 3.81743
12240 3.72031
12250 3.62194
12260 3.52235
12270 3.42159
12280 3.31968
12290 3.21667
12300 3.1126
12310 3.0075
12320 2.90142
12330 2.79439
12340 2.68645
12350 2.57765
12360 2.46802
12370 2.3576
12380 2.24644
12390 2.13457
12400 2.02203
12410 1.90887
12420 1.79513
12430 1.68085
12440 1.56606
12450 1.45082
12460 1.33515
12470 1.21911
12480 1.10273
12490 0.986063
12500 0.869139
12510 0.752004
12520 0.634699
12530 0.517265
12540 0.399744
12550 0.282177
12560 0.164605
12570 0.047069
12580 -0.0703899
12590 -0.187731
12600 -0.304913
12610 -0.421897
12620 -0.538641
12630 -0.655105
12640 -0.77125
12650 -0.887035
12660 -1.00242
12670 -1.11737
12680 -1.23184
12690 -1.3458
12700 -1.4592
12710 -1.572
12720 -1.68418
12730 -1.79568
12740 -1.90649
12750 -2.01654
12760 -2.12582
12770 -2.23428
12780 -2.34189
12790 -2.44861
12800 -2.55441
12810 -2.65926
12820 -2.76311
12830 -2.86593
12840 -2.96769
12850 -3.06836
12860 -3.16791
12870 -3.2663
12880 -3.3635
12890 -3.45948
12900 -3.5542
12910 -3.64765
12920 -3.73978
12930 -3.83058
12940 -3.92
12950 -4.00803
12960 -4.09463
12970 -4.17978
12980 -4.26346
12990 -4.34562
13000 -4.42626
13010 -4.50534
13020 -4.58284
13030 -4.65874
13040 -4.73302
13050 -4.80564
13060 -4.8766
13070 -4.94586
13080 -5.01341
13090 -5.07923
13100 -5.1433
13110 -5.2056
13120 -5.26611
13130 -5.32481
13140 -5.38169
13150 -5.43673
13160 -5.48991
13170 -5.54123
13180 -5.59066
13190 -5.6382
13200 -5.68382
13210 -5.72752
13220 -5.76929
13230 -5.80911
13240 -5.84698
13250 -5.88288
13260 -5.91681
13270 -5.94875
13280 -5.97871
13290 -6.00667
13300 -6.03262
13310 -6.05657
13320 -6.07851
13330 -6.09843
13340 -6.11632
13350 -6.13219
13360 -6.14604
13370 -6.15786
13380 -6.16765
13390 -6.17541
13400 -6.18115
13410 -6.18485
13420 -6.18654
13430 -6.1862
13440 -6.18383
13450 -6.17946
13460 -6.17307
13470 -6.16468
13480 -6.15428
13490 -6.1419
13500 -6.12752
13510 -6.11117
13520 -6.09284
13530 -6.07255
13540 -6.05031
13550 -6.02612
13560 -6.00001
13570 -5.97197
13580 -5.94202
13590 -5.91018
13600 -5.87645
13610 -5.84085
13620 -5.8034
13630 -5.76411
13640 -5.72299
13650 -5.68006
13660 -5.63534
13670 -5.58884
13680 -5.54058
13690 -5.49058
13700 -5.43886
13710 -5.38544
13720 -5.33033
13730 -5.27356
13740 -5.21515
13750 -5.15512
13760 -5.09348
13770 -5.03027
13780 -4.9655
13790 -4.8992
13800 -4.83138
13810 -4.76209
13820 -4.69133
13830 -4.61913
13840 -4.54552
13850 -4.47052
13860 -4.39417
13870 -4.31647
13880 -4.23747
13890 -4.15719
13900 -4.07565
13910 -3.99289
13920 -3.90892
13930 -3.82379
13940 -3.73751
13950 -3.65012
13960 -3.56164
13970 -3.47211
13980 -3.38155
13990 -3.29
14000 -3.19748
14010 -3.10402
14020 -3.00966
14030 -2.91443
14040 -2.81835
14050 -2.72147
14060 -2.6238
14070 -2.52538
14080 -2.42625
14090 -2.32643
14100 -2.22595
14110 -2.12486
14120 -2.02318
14130 -1.92094
14140 -1.81817
14150 -1.71492
14160 -1.61121
14170 -1.50707
14180 -1.40254
14190 -1.29765
14200 -1.19243
14210 -1.08692
14220 -0.981143
14230 -0.875141
14240 -0.768944
14250 -0.662585
14260 -0.556096
14270 -0.449511
14280 -0.342863
14290 -0.236184
14300 -0.129507
14310 -0.0228651
14320 0.0837093
14330 0.190184
14340 0.296526
14350 0.402703
14360 0.508683
14370 0.614434
14380 0.719924
14390 0.825121
14400 0.929994
14410 1.03451
14420 1.13864
14430 1.24235
14440 1.34561
14450 1.44839
14460 1.55066
14470 1.65239
14480 1.75355
14490 1.85411
14500 1.95404
14510 2.05331
14520 2.15188
14530 2.24975
14540 2.34686
14550 2.4432
14560 2.53874
14570 2.63345
14580 2.7273
14590 2.82026
14600 2.91231
14610 3.00343
14620 3.09358
14630 3.18275
14640 3.27089
14650 3.358
14660 3.44405
14670 3.529
14680 3.61284
14690 3.69555
14700 3.7771
14710 3.85746
14720 3.93662
14730 4.01455
14740 4.09124
14750 4.16666
14760 4.24078
14770 4.3136
14780 4.38508
14790 4.45522
14800 4.52399
14810 4.59137
14820 4.65735
14830 4.7219
14840 4.78502
14850 4.84668
14860 4.90686
14870 4.96556
14880 5.02275
14890 5.07843
14900 5.13257
14910 5.18516
14920 5.2362
14930 5.28566
14940 5.33354
14950 5.37982
14960 5.42449
14970 5.46754
14980 5.50896
14990 5.54874
15000 5.58687
15010 5.62334
15020 5.65814
15030 5.69127
15040 5.72272
15050 5.75247
15060 5.78053
15070 5.80689
15080 5.83155
15090 5.85449
15100 5.87571
15110 5.89521
15120 5.91299
15130 5.92905
15140 5.94337
15150 5.95596
15160 5.96682
15170 5.97595
15180 5.98335
15190 5.98901
15200 5.99294
15210 5.99513
15220 5.9956
15230 5.99434
15240 5.99135
15250 5.98665
15260 5.98022
15270 5.97208
15280 5.96223
15290 5.95068
15300 5.93742
15310 5.92248
15320 5.90584
15330 5.88753
15340 5.86755
15350 5.8459
15360 5.82259
15370 5.79764
15380 5.77105
15390 5.74283
15400 5.713
15410 5.68156
15420 5.64852
15430 5.61389
15440 5.57769
15450 5.53994
15460 5.50063
15470 5.45979
15480 5.41743
15490 5.37356
15500 5.32819
15510 5.28135
15520 5.23305
15530 5.1833
15540 5.13212
15550 5.07952
15560 5.02552
15570 4.97015
15580 4.9134
15590 4.85532
15600 4.7959
15610 4.73517
15620 4.67315
15630 4.60986
15640 4.54532
15650 4.47954
15660 4.41255
15670 4.34437
15680 4.27502
15690 4.20451
15700 4.13287
15710 4.06013
15720 3.9863
15730 3.9114
15740 3.83546
15750 3.7585
15760 3.68054
15770 3.60161
15780 3.52173
15790 3.44092
15800 3.3592
15810 3.2766
15820 3.19315
15830 3.10886
15840 3.02377
15850 2.93789
15860 2.85126
15870 2.76389
15880 2.67581
15890 2.58705
15900 2.49763
15910 2.40758
15920 2.31692
15930 2.22568
15940 2.13388
15950 2.04155
15960 1.94873
15970 1.85542
15980 1.76166
15990 1.66748
16000 1.5729
16010 1.47795
16020 1.38265
16030 1.28703
16040 1.19112
16050 1.09495
16060 0.998534
16070 0.901907
16080 0.805093
16090 0.708121
16100 0.611016
16110 0.513805
16120 0.416514
16130 0.31917
16140 0.2218
16150 0.124429
16160 0.0270858
16170 -0.0702051
16180 -0.167417
16190 -0.264523
16200 -0.361498
16210 -0.458314
16220 -0.554948
16230 -0.651371
16240 -0.74756
16250 -0.843487
16260 -0.939127
16270 -1.03446
16280 -1.12945
16290 -1.22408
16300 -1.31832
16310 -1.41214
16320 -1.50554
16330 -1.59847
16340 -1.69091
16350 -1.78284
16360 -1.87424
16370 -1.96508
16380 -2.05534
16390 -2.14499
16400 -2.23402
16410 -2.32239
16420 -2.41009
16430 -2.49709
16440 -2.58337
16450 -2.66891
16460 -2.75369
16470 -2.83768
16480 -2.92087
16490 -3.00323
16500 -3.08474
16510 -3.16538
16520 -3.24513
16530 -3.32397
16540 -3.40188
16550 -3.47884
16560 -3.55484
16570 -3.62984
16580 -3.70384
16590 -3.77682
16600 -3.84875
16610 -3.91963
16620 -3.98943
16630 -4.05813
16640 -4.12572
16650 -4.19218
16660 -4.2575
16670 -4.32166
16680 -4.38465
16690 -4.44644
16700 -4.50703
16710 -4.5664
16720 -4.62453
16730 -4.68142
16740 -4.73704
16750 -4.7914
16760 -4.84446
16770 -4.89623
16780 -4.94668
16790 -4.99581
16800 -5.04361
16810 -5.09006
16820 -5.13516
16830 -5.17889
16840 -5.22125
16850 -5.26222
16860 -5.3018
16870 -5.33997
16880 -5.37674
16890 -5.41208
16900 -5.446
16910 -5.47849
16920 -5.50954
16930 -5.53914
16940 -5.56729
16950 -5.59398
16960 -5.6192
16970 -5.64296
16980 -5.66525
16990 -5.68606
17000 -5.7054
17010 -5.72324
17020 -5.73961
17030 -5.75448
17040 -5.76786
17050 -5.77976
17060 -5.79015
17070 -5.79906
17080 -5.80647
17090 -5.81238
17100 -5.8168
17110 -5.81972
17120 -5.82115
17130 -5.82109
17140 -5.81954
17150 -5.8165
17160 -5.81198
17170 -5.80597
17180 -5.79848
17190 -5.78952
17200 -5.77909
17210 -5.76719
17220 -5.75382
17230 -5.739
17240 -5.72273
17250 -5.70501
17260 -5.68585
17270 -5.66526
17280 -5.64324
17290 -5.6198
17300 -5.59495
17310 -5.56869
17320 -5.54104
17330 -5.512
17340 -5.48159
17350 -5.4498
17360 -5.41666
17370 -5.38217
17380 -5.34634
17390 -5.30918
17400 -5.2707
17410 -5.23092
17420 -5.18984
17430 -5.14748
17440 -5.10385
17450 -5.05896
17460 -5.01282
17470 -4.96545
17480 -4.91687
17490 -4.86707
17500 -4.81609
17510 -4.76392
17520 -4.7106
17530 -4.65612
17540 -4.60051
17550 -4.54379
17560 -4.48596
17570 -4.42704
17580 -4.36705
17590 -4.30601
17600 -4.24392
17610 -4.18082
17620 -4.11671
17630 -4.05161
17640 -3.98554
17650 -3.91852
17660 -3.85056
17670 -3.78168
17680 -3.71191
17690 -3.64125
17700 -3.56973
17710 -3.49737
17720 -3.42418
17730 -3.35019
17740 -3.2754
17750 -3.19986
17760 -3.12356
17770 -3.04653
17780 -2.9688
17790 -2.89038
17800 -2.81129
17810 -2.73155
17820 -2.65118
17830 -2.57021
17840 -2.48864
17850 -2.40652
17860 -2.32385
17870 -2.24065
17880 -2.15695
17890 -2.07277
17900 -1.98812
17910 -1.90304
17920 -1.81754
17930 -1.73164
17940 -1.64537
17950 -1.55874
17960 -1.47178
17970 -1.38451
17980 -1.29695
17990 -1.20912
18000 -1.12104
18010 -1.03274
18020 -0.944243
18030 -0.855561
18040 -0.76672
18050 -0.677742
18060 -0.588649
18070 -0.499462
18080 -0.410203
18090 -0.320894
18100 -0.231557
18110 -0.142213
18120 -0.0528836
18130 0.0364092
18140 0.125644
18150 0.214799
18160 0.303853
18170 0.392785
18180 0.481573
18190 0.570196
18200 0.658633
18210 0.746863
18220 0.834864
18230 0.922616
18240 1.0101
18250 1.09729
18260 1.18417
18270 1.27072
18280 1.35691
18290 1.44273
18300 1.52816
18310 1.61318
18320 1.69777
18330 1.7819
18340 1.86556
18350 1.94873
18360 2.03138
18370 2.11351
18380 2.19509
18390 2.2761
18400 2.35652
18410 2.43634
18420 2.51553
18430 2.59408
18440 2.67197
18450 2.74919
18460 2.82571
18470 2.90151
18480 2.97659
18490 3.05092
18500 3.12448
18510 3.19727
18520 3.26926
18530 3.34043
18540 3.41078
18550 3.48028
18560 3.54892
18570 3.61669
18580 3.68356
18590 3.74953
18600 3.81458
18610 3.8787
18620 3.94187
18630 4.00407
18640 4.0653
18650 4.12554
18660 4.18478
18670 4.243
18680 4.30019
18690 4.35635
18700 4.41145
18710 4.46549
18720 4.51845
18730 4.57033
18740 4.62111
18750 4.67078
18760 4.71933
18770 4.76675
18780 4.81303
18790 4.85816
18800 4.90214
18810 4.94495
18820 4.98658
18830 5.02703
18840 5.06629
18850 5.10435
18860 5.1412
18870 5.17683
18880 5.21125
18890 5.24443
18900 5.27638
18910 5.30709
18920 5.33655
18930 5.36476
18940 5.39171
18950 5.4174
18960 5.44182
18970 5.46497
18980 5.48684
18990 5.50744
19000 5.52675
19010 5.54478
19020 5.56151
19030 5.57696
19040 5.59111
19050 5.60397
19060 5.61553
19070 5.6258
19080 5.63476
19090 5.64242
19100 5.64879
19110 5.65385
19120 5.65762
19130 5.66008
19140 5.66125
19150 5.66111
19160 5.65968
19170 5.65696
19180 5.65295
19190 5.64764
19200 5.64104
19210 5.63317
19220 5.624
19230 5.61357
19240 5.60185
19250 5.58887
19260 5.57461
19270 5.5591
19280 5.54233
19290 5.52431
19300 5.50504
19310 5.48453
19320 5.46279
19330 5.43981
19340 5.41562
19350 5.39021
19360 5.36359
19370 5.33576
19380 5.30675
19390 5.27655
19400 5.24517
19410 5.21262
19420 5.17892
19430 5.14405
19440 5.10805
19450 5.07091
19460 5.03265
19470 4.99328
19480 4.95279
19490 4.91122
19500 4.86856
19510 4.82483
19520 4.78004
19530 4.73419
19540 4.68731
19550 4.63939
19560 4.59047
19570 4.54053
19580 4.48961
19590 4.4377
19600 4.38483
19610 4.33101
19620 4.27624
19630 4.22055
19640 4.16394
19650 4.10643
19660 4.04803
19670 3.98876
19680 3.92863
19690 3.86766
19700 3.80586
19710 3.74323
19720 3.67981
19730 3.61561
19740 3.55063
19750 3.48489
19760 3.41842
19770 3.35122
19780 3.28331
19790 3.2147
19800 3.14542
19810 3.07548
19820 3.00489
19830 2.93367
19840 2.86184
19850 2.78942
19860 2.71641
19870 2.64284
19880 2.56873
19890 2.49408
19900 2.41892
19910 2.34327
19920 2.26714
19930 2.19055
19940 2.11351
19950 2.03605
19960 1.95818
19970 1.87992
19980 1.80128
19990 1.72229
20000 1.64296
20010 1.56331
