10 22.7046
20 13.3597
30 5.4087
40 -0.948462
50 -5.80047
60 -9.30768
70 -11.6472
80 -12.9936
90 -13.511
100 -13.3501
110 -12.6468
120 -11.5223
130 -10.0834
140 -8.42349
150 -6.62319
160 -4.75161
170 -2.86714
180 -1.01849
190 0.754388
200 2.41938
210 3.95138
220 5.33151
230 6.54636
240 7.58732
250 8.44995
260 9.13339
270 9.63986
280 9.97415
290 10.1432
300 10.1557
310 10.0217
320 9.75243
330 9.35981
340 8.85635
350 8.25488
360 7.56836
370 6.80968
380 5.99159
390 5.12648
400 4.22634
410 3.30265
420 2.36631
430 1.42757
440 0.496027
450 -0.419476
460 -1.31081
470 -2.17062
480 -2.99228
490 -3.76993
500 -4.49846
510 -5.1735
520 -5.79136
530 -6.34907
540 -6.84429
550 -7.27534
560 -7.64113
570 -7.94111
580 -8.1753
590 -8.34419
600 -8.44872
610 -8.49026
620 -8.47058
630 -8.39176
640 -8.25621
650 -8.06661
660 -7.82589
670 -7.53716
680 -7.20374
690 -6.82905
700 -6.41665
710 -5.97017
720 -5.49332
730 -4.9898
740 -4.46336
750 -3.9177
760 -3.35651
770 -2.7834
780 -2.20194
790 -1.61558
800 -1.02769
810 -0.441492
820 0.139885
830 0.713472
840 1.27644
850 1.82612
860 2.36001
870 2.87575
880 3.37118
890 3.84431
900 4.29331
910 4.71653
920 5.11252
930 5.47999
940 5.81781
950 6.12506
960 6.40096
970 6.6449
980 6.85644
990 7.0353
1000 7.18135
1010 7.2946
1020 7.37521
1030 7.42347
1040 7.43981
1050 7.42476
1060 7.37898
1070 7.30323
1080 7.1984
1090 7.06542
1100 6.90536
1110 6.71933
1120 6.50854
1130 6.27424
1140 6.01776
1150 5.74047
1160 5.44377
1170 5.12913
1180 4.79801
1190 4.45193
1200 4.0924
1210 3.72096
1220 3.33915
1230 2.94849
1240 2.55052
1250 2.14676
1260 1.73872
1270 1.32787
1280 0.915682
1290 0.503571
1300 0.0929373
1310 -0.314862
1320 -0.718511
1330 -1.11673
1340 -1.50831
1350 -1.89205
1360 -2.26683
1370 -2.63158
1380 -2.98529
1390 -3.32698
1400 -3.65577
1410 -3.9708
1420 -4.2713
1430 -4.55654
1440 -4.82586
1450 -5.07867
1460 -5.31443
1470 -5.53267
1480 -5.73298
1490 -5.915
1500 -6.07845
1510 -6.2231
1520 -6.34878
1530 -6.45536
1540 -6.54281
1550 -6.61112
1560 -6.66034
1570 -6.69057
1580 -6.70198
1590 -6.69477
1600 -6.66919
1610 -6.62555
1620 -6.56418
1630 -6.48547
1640 -6.38984
1650 -6.27775
1660 -6.1497
1670 -6.00622
1680 -5.84786
1690 -5.67523
1700 -5.48892
1710 -5.28958
1720 -5.07788
1730 -4.8545
1740 -4.62012
1750 -4.37548
1760 -4.12129
1770 -3.85831
1780 -3.58726
1790 -3.30893
1800 -3.02405
1810 -2.73341
1820 -2.43776
1830 -2.13787
1840 -1.8345
1850 -1.52842
1860 -1.22038
1870 -0.911111
1880 -0.601364
1890 -0.29186
1900 0.0166853
1910 0.323573
1920 0.628117
1930 0.929647
1940 1.22751
1950 1.52108
1960 1.80973
1970 2.09287
1980 2.36993
1990 2.64036
2000 2.90362
2010 3.15922
2020 3.40668
2030 3.64553
2040 3.87535
2050 4.09573
2060 4.3063
2070 4.50671
2080 4.69662
2090 4.87574
2100 5.04379
2110 5.20054
2120 5.34575
2130 5.47925
2140 5.60087
2150 5.71047
2160 5.80793
2170 5.89318
2180 5.96615
2190 6.02681
2200 6.07515
2210 6.11118
2220 6.13495
2230 6.14652
2240 6.14597
2250 6.13341
2260 6.10898
2270 6.07283
2280 6.02513
2290 5.96607
2300 5.89586
2310 5.81474
2320 5.72295
2330 5.62076
2340 5.50845
2350 5.38631
2360 5.25466
2370 5.11382
2380 4.96412
2390 4.80593
2400 4.63959
2410 4.46548
2420 4.28398
2430 4.09548
2440 3.90038
2450 3.69908
2460 3.49199
2470 3.27952
2480 3.06211
2490 2.84016
2500 2.6141
2510 2.38438
2520 2.1514
2530 1.91561
2540 1.67744
2550 1.43731
2560 1.19566
2570 0.952899
2580 0.70946
2590 0.465759
2600 0.222209
2610 -0.0207791
2620 -0.262804
2630 -0.503467
2640 -0.742379
2650 -0.979156
2660 -1.21342
2670 -1.44482
2680 -1.67297
2690 -1.89755
2700 -2.1182
2710 -2.3346
2720 -2.54644
2730 -2.75339
2740 -2.95518
2750 -3.1515
2760 -3.3421
2770 -3.5267
2780 -3.70507
2790 -3.87696
2800 -4.04215
2810 -4.20042
2820 -4.3516
2830 -4.49548
2840 -4.63189
2850 -4.76069
2860 -4.88172
2870 -4.99485
2880 -5.09997
2890 -5.19697
2900 -5.28576
2910 -5.36626
2920 -5.43842
2930 -5.50217
2940 -5.55747
2950 -5.60432
2960 -5.64268
2970 -5.67257
2980 -5.694
2990 -5.70698
3000 -5.71157
3010 -5.7078
3020 -5.69574
3030 -5.67546
3040 -5.64704
3050 -5.61058
3060 -5.56619
3070 -5.51397
3080 -5.45406
3090 -5.38659
3100 -5.3117
3110 -5.22955
3120 -5.1403
3130 -5.04412
3140 -4.94118
3150 -4.83169
3160 -4.71582
3170 -4.59378
3180 -4.46578
3190 -4.33203
3200 -4.19276
3210 -4.04818
3220 -3.89852
3230 -3.74403
3240 -3.58494
3250 -3.42149
3260 -3.25393
3270 -3.08252
3280 -2.9075
3290 -2.72913
3300 -2.54767
3310 -2.36337
3320 -2.17651
3330 -1.98733
3340 -1.79611
3350 -1.60311
3360 -1.40858
3370 -1.2128
3380 -1.01602
3390 -0.818504
3400 -0.620513
3410 -0.422304
3420 -0.224133
3430 -0.026254
3440 0.171083
3450 0.367629
3460 0.563139
3470 0.757373
3480 0.950091
3490 1.14106
3500 1.33005
3510 1.51684
3520 1.7012
3530 1.88292
3540 2.0618
3550 2.23761
3560 2.41017
3570 2.57929
3580 2.74476
3590 2.90641
3600 3.06407
3610 3.21756
3620 3.36673
3630 3.5114
3640 3.65145
3650 3.78671
3660 3.91706
3670 4.04237
3680 4.16251
3690 4.27736
3700 4.38683
3710 4.49081
3720 4.58921
3730 4.68194
3740 4.76893
3750 4.85009
3760 4.92537
3770 4.99472
3780 5.05808
3790 5.1154
3800 5.16667
3810 5.21184
3820 5.2509
3830 5.28384
3840 5.31065
3850 5.33133
3860 5.34589
3870 5.35435
3880 5.35672
3890 5.35304
3900 5.34334
3910 5.32766
3920 5.30605
3930 5.27857
3940 5.24528
3950 5.20623
3960 5.16151
3970 5.1112
3980 5.05536
3990 4.99411
4000 4.92752
4010 4.85571
4020 4.77876
4030 4.69681
4040 4.60994
4050 4.5183
4060 4.42199
4070 4.32115
4080 4.2159
4090 4.10638
4100 3.99274
4110 3.8751
4120 3.75362
4130 3.62844
4140 3.49971
4150 3.36759
4160 3.23224
4170 3.0938
4180 2.95245
4190 2.80834
4200 2.66163
4210 2.5125
4220 2.36111
4230 2.20763
4240 2.05222
4250 1.89505
4260 1.7363
4270 1.57614
4280 1.41474
4290 1.25226
4300 1.08888
4310 0.924778
4320 0.760112
4330 0.595055
4340 0.429777
4350 0.264446
4360 0.0992274
4370 -0.065712
4380 -0.230208
4390 -0.3941
4400 -0.557224
4410 -0.719424
4420 -0.880541
4430 -1.04042
4440 -1.19891
4450 -1.35586
4460 -1.51113
4470 -1.66456
4480 -1.81602
4490 -1.96536
4500 -2.11245
4510 -2.25716
4520 -2.39936
4530 -2.53892
4540 -2.67571
4550 -2.80962
4560 -2.94053
4570 -3.06832
4580 -3.1929
4590 -3.31415
4600 -3.43197
4610 -3.54627
4620 -3.65695
4630 -3.76392
4640 -3.8671
4650 -3.9664
4660 -4.06175
4670 -4.15308
4680 -4.24032
4690 -4.3234
4700 -4.40227
4710 -4.47686
4720 -4.54713
4730 -4.61303
4740 -4.67452
4750 -4.73155
4760 -4.7841
4770 -4.83214
4780 -4.87564
4790 -4.91458
4800 -4.94894
4810 -4.97871
4820 -5.00388
4830 -5.02445
4840 -5.04042
4850 -5.0518
4860 -5.05858
4870 -5.06079
4880 -5.05845
4890 -5.05156
4900 -5.04017
4910 -5.02429
4920 -5.00395
4930 -4.97921
4940 -4.95008
4950 -4.91663
4960 -4.87889
4970 -4.83691
4980 -4.79075
4990 -4.74048
5000 -4.68613
5010 -4.6278
5020 -4.56552
5030 -4.49939
5040 -4.42947
5050 -4.35584
5060 -4.27857
5070 -4.19775
5080 -4.11346
5090 -4.02579
5100 -3.93482
5110 -3.84065
5120 -3.74337
5130 -3.64308
5140 -3.53987
5150 -3.43385
5160 -3.3251
5170 -3.21375
5180 -3.09988
5190 -2.98361
5200 -2.86505
5210 -2.7443
5220 -2.62147
5230 -2.49668
5240 -2.37003
5250 -2.24165
5260 -2.11163
5270 -1.98011
5280 -1.84718
5290 -1.71298
5300 -1.57761
5310 -1.44119
5320 -1.30383
5330 -1.16567
5340 -1.0268
5350 -0.887346
5360 -0.747429
5370 -0.607161
5380 -0.466659
5390 -0.326037
5400 -0.185411
5410 -0.0448946
5420 0.0953987
5430 0.235356
5440 0.374866
5450 0.513818
5460 0.652102
5470 0.789609
5480 0.926233
5490 1.06187
5500 1.19641
5510 1.32975
5520 1.46179
5530 1.59243
5540 1.72158
5550 1.84913
5560 1.97499
5570 2.09906
5580 2.22127
5590 2.34151
5600 2.4597
5610 2.57575
5620 2.68958
5630 2.80112
5640 2.91027
5650 3.01698
5660 3.12115
5670 3.22272
5680 3.32162
5690 3.41779
5700 3.51115
5710 3.60165
5720 3.68923
5730 3.77383
5740 3.85539
5750 3.93387
5760 4.00921
5770 4.08137
5780 4.15031
5790 4.21598
5800 4.27835
5810 4.33737
5820 4.39303
5830 4.44527
5840 4.49409
5850 4.53945
5860 4.58134
5870 4.61972
5880 4.65459
5890 4.68593
5900 4.71374
5910 4.73799
5920 4.75869
5930 4.77583
5940 4.78941
5950 4.79944
5960 4.80591
5970 4.80884
5980 4.80823
5990 4.8041
6000 4.79646
6010 4.78533
6020 4.77073
6030 4.75268
6040 4.73121
6050 4.70634
6060 4.6781
6070 4.64652
6080 4.61164
6090 4.57349
6100 4.53212
6110 4.48755
6120 4.43984
6130 4.38903
6140 4.33516
6150 4.27829
6160 4.21846
6170 4.15572
6180 4.09014
6190 4.02175
6200 3.95064
6210 3.87684
6220 3.80043
6230 3.72146
6240 3.64
6250 3.55611
6260 3.46986
6270 3.38132
6280 3.29056
6290 3.19765
6300 3.10266
6310 3.00565
6320 2.90672
6330 2.80592
6340 2.70334
6350 2.59906
6360 2.49314
6370 2.38567
6380 2.27673
6390 2.1664
6400 2.05475
6410 1.94187
6420 1.82784
6430 1.71273
6440 1.59664
6450 1.47964
6460 1.36182
6470 1.24326
6480 1.12403
6490 1.00423
6500 0.883939
6510 0.763234
6520 0.642201
6530 0.520921
6540 0.399478
6550 0.277952
6560 0.156425
6570 0.0349796
6580 -0.0863048
6590 -0.207348
6600 -0.328069
6610 -0.44839
6620 -0.568231
6630 -0.687516
6640 -0.806166
6650 -0.924105
6660 -1.04126
6670 -1.15755
6680 -1.27291
6690 -1.38726
6700 -1.50053
6710 -1.61264
6720 -1.72354
6730 -1.83315
6740 -1.94141
6750 -2.04824
6760 -2.15358
6770 -2.25737
6780 -2.35954
6790 -2.46004
6800 -2.5588
6810 -2.65577
6820 -2.75089
6830 -2.8441
6840 -2.93534
6850 -3.02458
6860 -3.11174
6870 -3.1968
6880 -3.27968
6890 -3.36036
6900 -3.43879
6910 -3.51491
6920 -3.5887
6930 -3.66011
6940 -3.72909
6950 -3.79563
6960 -3.85967
6970 -3.92119
6980 -3.98016
6990 -4.03654
7000 -4.09032
7010 -4.14145
7020 -4.18992
7030 -4.23571
7040 -4.27879
7050 -4.31914
7060 -4.35675
7070 -4.3916
7080 -4.42369
7090 -4.45298
7100 -4.47949
7110 -4.50319
7120 -4.52408
7130 -4.54215
7140 -4.55741
7150 -4.56985
7160 -4.57947
7170 -4.58627
7180 -4.59026
7190 -4.59144
7200 -4.58982
7210 -4.58541
7220 -4.57822
7230 -4.56826
7240 -4.55554
7250 -4.54008
7260 -4.5219
7270 -4.50101
7280 -4.47743
7290 -4.4512
7300 -4.42232
7310 -4.39083
7320 -4.35674
7330 -4.3201
7340 -4.28092
7350 -4.23923
7360 -4.19508
7370 -4.14849
7380 -4.09949
7390 -4.04812
7400 -3.99443
7410 -3.93844
7420 -3.88019
7430 -3.81973
7440 -3.7571
7450 -3.69234
7460 -3.62549
7470 -3.5566
7480 -3.48572
7490 -3.41289
7500 -3.33816
7510 -3.26158
7520 -3.18319
7530 -3.10306
7540 -3.02122
7550 -2.93774
7560 -2.85266
7570 -2.76604
7580 -2.67793
7590 -2.58839
7600 -2.49747
7610 -2.40523
7620 -2.31173
7630 -2.21702
7640 -2.12116
7650 -2.02421
7660 -1.92623
7670 -1.82727
7680 -1.72739
7690 -1.62666
7700 -1.52513
7710 -1.42287
7720 -1.31993
7730 -1.21638
7740 -1.11226
7750 -1.00766
7760 -0.902613
7770 -0.797196
7780 -0.691464
7790 -0.585479
7800 -0.4793
7810 -0.372988
7820 -0.266603
7830 -0.160204
7840 -0.0538511
7850 0.0523962
7860 0.158479
7870 0.264339
7880 0.369916
7890 0.475155
7900 0.579996
7910 0.684382
7920 0.788257
7930 0.891565
7940 0.99425
7950 1.09626
7960 1.19753
7970 1.29802
7980 1.39767
7990 1.49642
8000 1.59423
8010 1.69104
8020 1.78681
8030 1.88148
8040 1.97501
8050 2.06735
8060 2.15844
8070 2.24825
8080 2.33672
8090 2.42382
8100 2.50949
8110 2.59371
8120 2.67641
8130 2.75757
8140 2.83714
8150 2.91509
8160 2.99138
8170 3.06596
8180 3.13881
8190 3.20988
8200 3.27915
8210 3.34659
8220 3.41215
8230 3.47581
8240 3.53755
8250 3.59733
8260 3.65513
8270 3.71091
8280 3.76466
8290 3.81635
8300 3.86597
8310 3.91348
8320 3.95887
8330 4.00212
8340 4.04321
8350 4.08212
8360 4.11885
8370 4.15337
8380 4.18568
8390 4.21575
8400 4.24359
8410 4.26918
8420 4.29252
8430 4.31359
8440 4.3324
8450 4.34893
8460 4.36319
8470 4.37516
8480 4.38486
8490 4.39229
8500 4.39743
8510 4.4003
8520 4.4009
8530 4.39924
8540 4.39531
8550 4.38914
8560 4.38072
8570 4.37007
8580 4.35719
8590 4.34211
8600 4.32482
8610 4.30535
8620 4.28371
8630 4.25992
8640 4.23399
8650 4.20594
8660 4.1758
8670 4.14357
8680 4.10929
8690 4.07297
8700 4.03463
8710 3.99431
8720 3.95203
8730 3.9078
8740 3.86166
8750 3.81364
8760 3.76377
8770 3.71206
8780 3.65857
8790 3.6033
8800 3.5463
8810 3.4876
8820 3.42723
8830 3.36522
8840 3.30161
8850 3.23644
8860 3.16974
8870 3.10155
8880 3.0319
8890 2.96083
8900 2.88838
8910 2.81459
8920 2.73949
8930 2.66314
8940 2.58556
8950 2.5068
8960 2.4269
8970 2.34591
8980 2.26385
8990 2.18079
9000 2.09675
9010 2.01178
9020 1.92593
9030 1.83924
9040 1.75175
9050 1.66351
9060 1.57456
9070 1.48495
9080 1.39471
9090 1.30391
9100 1.21257
9110 1.12075
9120 1.02849
9130 0.93584
9140 0.84284
9150 0.749538
9160 0.655979
9170 0.562207
9180 0.468269
9190 0.37421
9200 0.280075
9210 0.185908
9220 0.0917551
9230 -0.00233942
9240 -0.0963309
9250 -0.190175
9260 -0.283828
9270 -0.377245
9280 -0.470383
9290 -0.563198
9300 -0.655648
9310 -0.74769
9320 -0.83928
9330 -0.930378
9340 -1.02094
9350 -1.11093
9360 -1.2003
9370 -1.28901
9380 -1.37702
9390 -1.4643
9400 -1.5508
9410 -1.63648
9420 -1.72132
9430 -1.80526
9440 -1.88827
9450 -1.97032
9460 -2.05136
9470 -2.13137
9480 -2.21031
9490 -2.28814
9500 -2.36484
9510 -2.44036
9520 -2.51468
9530 -2.58776
9540 -2.65958
9550 -2.73009
9560 -2.79928
9570 -2.86712
9580 -2.93357
9590 -2.9986
9600 -3.0622
9610 -3.12434
9620 -3.18498
9630 -3.24411
9640 -3.3017
9650 -3.35773
9660 -3.41218
9670 -3.46502
9680 -3.51624
9690 -3.56581
9700 -3.61372
9710 -3.65994
9720 -3.70446
9730 -3.74727
9740 -3.78835
9750 -3.82767
9760 -3.86524
9770 -3.90103
9780 -3.93503
9790 -3.96724
9800 -3.99763
9810 -4.02621
9820 -4.05296
9830 -4.07787
9840 -4.10093
9850 -4.12215
9860 -4.14151
9870 -4.15901
9880 -4.17464
9890 -4.18841
9900 -4.2003
9910 -4.21032
9920 -4.21847
9930 -4.22475
9940 -4.22915
9950 -4.23169
9960 -4.23236
9970 -4.23116
9980 -4.22811
9990 -4.2232
10000 -4.21644
10010 -4.20784
10020 -4.19741
10030 -4.18515
10040 -4.17107
10050 -4.15518
10060 -4.1375
10070 -4.11803
10080 -4.09679
10090 -4.07379
10100 -4.04904
10110 -4.02256
10120 -3.99436
10130 -3.96446
10140 -3.93287
10150 -3.89961
10160 -3.8647
10170 -3.82815
10180 -3.78999
10190 -3.75024
10200 -3.70891
10210 -3.66603
10220 -3.62162
10230 -3.57569
10240 -3.52828
10250 -3.47941
10260 -3.42909
10270 -3.37736
10280 -3.32423
10290 -3.26974
10300 -3.21391
10310 -3.15677
10320 -3.09833
10330 -3.03864
10340 -2.97772
10350 -2.91559
10360 -2.85229
10370 -2.78784
10380 -2.72228
10390 -2.65562
10400 -2.58792
10410 -2.51918
10420 -2.44945
10430 -2.37876
10440 -2.30714
10450 -2.23461
10460 -2.16122
10470 -2.08699
10480 -2.01196
10490 -1.93615
10500 -1.85961
10510 -1.78237
10520 -1.70446
10530 -1.62591
10540 -1.54676
10550 -1.46704
10560 -1.38678
10570 -1.30603
10580 -1.22481
10590 -1.14316
10600 -1.06111
10610 -0.978702
10620 -0.895967
10630 -0.81294
10640 -0.729656
10650 -0.646149
10660 -0.562455
10670 -0.478608
10680 -0.394642
10690 -0.310594
10700 -0.226496
10710 -0.142384
10720 -0.0582927
10730 0.0257443
10740 0.109693
10750 0.193518
10760 0.277186
10770 0.360664
10780 0.443918
10790 0.526913
10800 0.609618
10810 0.691999
10820 0.774023
10830 0.855657
10840 0.93687
10850 1.01763
10860 1.0979
10870 1.17766
10880 1.25687
10890 1.33549
10900 1.41351
10910 1.49089
10920 1.5676
10930 1.64361
10940 1.71889
10950 1.79341
10960 1.86715
10970 1.94007
10980 2.01215
10990 2.08336
11000 2.15368
11010 2.22307
11020 2.29151
11030 2.35898
11040 2.42546
11050 2.4909
11060 2.55531
11070 2.61863
11080 2.68087
11090 2.74199
11100 2.80197
11110 2.86079
11120 2.91842
11130 2.97486
11140 3.03007
11150 3.08404
11160 3.13675
11170 3.18817
11180 3.2383
11190 3.28712
11200 3.33461
11210 3.38074
11220 3.42552
11230 3.46891
11240 3.51091
11250 3.55151
11260 3.59068
11270 3.62842
11280 3.66472
11290 3.69956
11300 3.73293
11310 3.76483
11320 3.79524
11330 3.82415
11340 3.85155
11350 3.87744
11360 3.90181
11370 3.92466
11380 3.94597
11390 3.96574
11400 3.98396
11410 4.00064
11420 4.01577
11430 4.02934
11440 4.04135
11450 4.05181
11460 4.0607
11470 4.06803
11480 4.0738
11490 4.07801
11500 4.08066
11510 4.08176
11520 4.08129
11530 4.07928
11540 4.07571
11550 4.0706
11560 4.06395
11570 4.05576
11580 4.04604
11590 4.0348
11600 4.02204
11610 4.00777
11620 3.992
11630 3.97474
11640 3.956
11650 3.93578
11660 3.91409
11670 3.89096
11680 3.86638
11690 3.84037
11700 3.81294
11710 3.78411
11720 3.75388
11730 3.72228
11740 3.68931
11750 3.65499
11760 3.61934
11770 3.58237
11780 3.54409
11790 3.50453
11800 3.4637
11810 3.42162
11820 3.3783
11830 3.33376
11840 3.28803
11850 3.24112
11860 3.19305
11870 3.14384
11880 3.0935
11890 3.04207
11900 2.98956
11910 2.936
11920 2.88139
11930 2.82578
11940 2.76917
11950 2.71159
11960 2.65306
11970 2.59361
11980 2.53327
11990 2.47204
12000 2.40996
12010 2.34705
12020 2.28334
12030 2.21885
12040 2.1536
12050 2.08762
12060 2.02094
12070 1.95358
12080 1.88556
12090 1.81692
12100 1.74767
12110 1.67785
12120 1.60748
12130 1.53658
12140 1.46519
12150 1.39332
12160 1.32102
12170 1.24829
12180 1.17518
12190 1.1017
12200 1.02789
12210 0.953769
12220 0.879366
12230 0.804707
12240 0.729821
12250 0.654735
12260 0.579476
12270 0.504071
12280 0.428548
12290 0.352932
12300 0.277253
12310 0.201536
12320 0.125808
12330 0.0500977
12340 -0.0255694
12350 -0.101166
12360 -0.176666
12370 -0.252042
12380 -0.327267
12390 -0.402316
12400 -0.477162
12410 -0.551779
12420 -0.626141
12430 -0.700222
12440 -0.773997
12450 -0.847439
12460 -0.920524
12470 -0.993226
12480 -1.06552
12490 -1.13738
12500 -1.20879
12510 -1.27971
12520 -1.35013
12530 -1.42002
12540 -1.48936
12550 -1.55812
12560 -1.62629
12570 -1.69383
12580 -1.76072
12590 -1.82695
12600 -1.89249
12610 -1.95732
12620 -2.02142
12630 -2.08476
12640 -2.14733
12650 -2.20911
12660 -2.27007
12670 -2.3302
12680 -2.38947
12690 -2.44787
12700 -2.50538
12710 -2.56198
12720 -2.61765
12730 -2.67237
12740 -2.72614
12750 -2.77892
12760 -2.8307
12770 -2.88147
12780 -2.93121
12790 -2.9799
12800 -3.02754
12810 -3.0741
12820 -3.11958
12830 -3.16395
12840 -3.2072
12850 -3.24933
12860 -3.29031
12870 -3.33014
12880 -3.36881
12890 -3.4063
12900 -3.4426
12910 -3.4777
12920 -3.5116
12930 -3.54427
12940 -3.57572
12950 -3.60593
12960 -3.6349
12970 -3.66262
12980 -3.68908
12990 -3.71427
13000 -3.73818
13010 -3.76082
13020 -3.78217
13030 -3.80224
13040 -3.82101
13050 -3.83847
13060 -3.85464
13070 -3.8695
13080 -3.88305
13090 -3.89529
13100 -3.90621
13110 -3.91582
13120 -3.92411
13130 -3.93108
13140 -3.93674
13150 -3.94107
13160 -3.94409
13170 -3.94579
13180 -3.94618
13190 -3.94526
13200 -3.94302
13210 -3.93948
13220 -3.93463
13230 -3.92848
13240 -3.92103
13250 -3.91229
13260 -3.90226
13270 -3.89095
13280 -3.87836
13290 -3.8645
13300 -3.84937
13310 -3.83299
13320 -3.81536
13330 -3.79648
13340 -3.77637
13350 -3.75503
13360 -3.73248
13370 -3.70872
13380 -3.68376
13390 -3.65761
13400 -3.63028
13410 -3.60179
13420 -3.57213
13430 -3.54134
13440 -3.50941
13450 -3.47636
13460 -3.4422
13470 -3.40694
13480 -3.3706
13490 -3.33319
13500 -3.29473
13510 -3.25522
13520 -3.21469
13530 -3.17314
13540 -3.1306
13550 -3.08708
13560 -3.04258
13570 -2.99714
13580 -2.95076
13590 -2.90346
13600 -2.85526
13610 -2.80618
13620 -2.75623
13630 -2.70542
13640 -2.65379
13650 -2.60134
13660 -2.54809
13670 -2.49406
13680 -2.43927
13690 -2.38374
13700 -2.32749
13710 -2.27053
13720 -2.21289
13730 -2.15458
13740 -2.09563
13750 -2.03605
13760 -1.97587
13770 -1.9151
13780 -1.85376
13790 -1.79188
13800 -1.72947
13810 -1.66656
13820 -1.60317
13830 -1.53931
13840 -1.47501
13850 -1.41029
13860 -1.34517
13870 -1.27967
13880 -1.21382
13890 -1.14763
13900 -1.08112
13910 -1.01432
13920 -0.94725
13930 -0.879928
13940 -0.812378
13950 -0.744621
13960 -0.676678
13970 -0.608571
13980 -0.540322
13990 -0.471953
14000 -0.403484
14010 -0.334938
14020 -0.266336
14030 -0.197699
14040 -0.12905
14050 -0.0604089
14060 0.00820191
14070 0.0767614
14080 0.145248
14090 0.213641
14100 0.281919
14110 0.350061
14120 0.418046
14130 0.485853
14140 0.553461
14150 0.62085
14160 0.687999
14170 0.754887
14180 0.821494
14190 0.887801
14200 0.953786
14210 1.01943
14220 1.08471
14230 1.14962
14240 1.21412
14250 1.27821
14260 1.34185
14270 1.40504
14280 1.46775
14290 1.52997
14300 1.59168
14310 1.65285
14320 1.71348
14330 1.77353
14340 1.83301
14350 1.89188
14360 1.95013
14370 2.00775
14380 2.06471
14390 2.121
14400 2.17661
14410 2.23152
14420 2.28571
14430 2.33917
14440 2.39188
14450 2.44382
14460 2.49499
14470 2.54537
14480 2.59494
14490 2.64369
14500 2.69161
14510 2.73868
14520 2.78489
14530 2.83023
14540 2.87468
14550 2.91823
14560 2.96088
14570 3.0026
14580 3.0434
14590 3.08324
14600 3.12214
14610 3.16007
14620 3.19703
14630 3.233
14640 3.26798
14650 3.30195
14660 3.33492
14670 3.36686
14680 3.39778
14690 3.42766
14700 3.45649
14710 3.48428
14720 3.51101
14730 3.53667
14740 3.56126
14750 3.58478
14760 3.60722
14770 3.62857
14780 3.64882
14790 3.66799
14800 3.68605
14810 3.703
14820 3.71885
14830 3.73359
14840 3.74721
14850 3.75972
14860 3.77111
14870 3.78138
14880 3.79052
14890 3.79855
14900 3.80545
14910 3.81122
14920 3.81587
14930 3.81939
14940 3.8218
14950 3.82307
14960 3.82323
14970 3.82226
14980 3.82018
14990 3.81698
15000 3.81266
15010 3.80723
15020 3.8007
15030 3.79306
15040 3.78431
15050 3.77447
15060 3.76354
15070 3.75152
15080 3.73841
15090 3.72423
15100 3.70897
15110 3.69265
15120 3.67526
15130 3.65682
15140 3.63734
15150 3.61681
15160 3.59525
15170 3.57266
15180 3.54906
15190 3.52444
15200 3.49883
15210 3.47222
15220 3.44463
15230 3.41606
15240 3.38653
15250 3.35605
15260 3.32462
15270 3.29225
15280 3.25896
15290 3.22476
15300 3.18965
15310 3.15366
15320 3.11678
15330 3.07904
15340 3.04044
15350 3.00099
15360 2.96071
15370 2.91962
15380 2.87772
15390 2.83502
15400 2.79155
15410 2.74731
15420 2.70231
15430 2.65658
15440 2.61012
15450 2.56295
15460 2.51508
15470 2.46653
15480 2.41731
15490 2.36744
15500 2.31694
15510 2.2658
15520 2.21407
15530 2.16173
15540 2.10883
15550 2.05536
15560 2.00134
15570 1.9468
15580 1.89174
15590 1.83619
15600 1.78015
15610 1.72365
15620 1.66671
15630 1.60933
15640 1.55153
15650 1.49334
15660 1.43477
15670 1.37583
15680 1.31655
15690 1.25693
15700 1.197
15710 1.13678
15720 1.07628
15730 1.01551
15740 0.954501
15750 0.893265
15760 0.831818
15770 0.770178
15780 0.708364
15790 0.646392
15800 0.58428
15810 0.522045
15820 0.459704
15830 0.397275
15840 0.334776
15850 0.272224
15860 0.209635
15870 0.147028
15880 0.0844204
15890 0.0218284
15900 -0.0407302
15910 -0.103238
15920 -0.165679
15930 -0.228034
15940 -0.290288
15950 -0.352422
15960 -0.414421
15970 -0.476267
15980 -0.537944
15990 -0.599434
16000 -0.660722
16010 -0.72179
16020 -0.782622
16030 -0.843203
16040 -0.903514
16050 -0.963542
16060 -1.02327
16070 -1.08268
16080 -1.14176
16090 -1.20048
16100 -1.25885
16110 -1.31684
16120 -1.37443
16130 -1.43161
16140 -1.48837
16150 -1.54469
16160 -1.60055
16170 -1.65595
16180 -1.71086
16190 -1.76527
16200 -1.81918
16210 -1.87255
16220 -1.92539
16230 -1.97768
16240 -2.02939
16250 -2.08053
16260 -2.13108
16270 -2.18102
16280 -2.23034
16290 -2.27903
16300 -2.32707
16310 -2.37446
16320 -2.42119
16330 -2.46723
16340 -2.51259
16350 -2.55724
16360 -2.60117
16370 -2.64439
16380 -2.68687
16390 -2.7286
16400 -2.76958
16410 -2.80979
16420 -2.84923
16430 -2.88789
16440 -2.92574
16450 -2.9628
16460 -2.99904
16470 -3.03446
16480 -3.06906
16490 -3.10281
16500 -3.13572
16510 -3.16778
16520 -3.19897
16530 -3.2293
16540 -3.25875
16550 -3.28732
16560 -3.315
16570 -3.34179
16580 -3.36768
16590 -3.39266
16600 -3.41673
16610 -3.43988
16620 -3.46211
16630 -3.48341
16640 -3.50378
16650 -3.52322
16660 -3.54171
16670 -3.55927
16680 -3.57587
16690 -3.59153
16700 -3.60623
16710 -3.61998
16720 -3.63277
16730 -3.6446
16740 -3.65546
16750 -3.66536
16760 -3.6743
16770 -3.68227
16780 -3.68927
16790 -3.69531
16800 -3.70037
16810 -3.70447
16820 -3.7076
16830 -3.70976
16840 -3.71095
16850 -3.71117
16860 -3.71043
16870 -3.70872
16880 -3.70605
16890 -3.70242
16900 -3.69783
16910 -3.69229
16920 -3.68579
16930 -3.67833
16940 -3.66993
16950 -3.66059
16960 -3.6503
16970 -3.63908
16980 -3.62692
16990 -3.61383
17000 -3.59982
17010 -3.58488
17020 -3.56903
17030 -3.55227
17040 -3.53461
17050 -3.51605
17060 -3.49659
17070 -3.47625
17080 -3.45502
17090 -3.43292
17100 -3.40995
17110 -3.38612
17120 -3.36144
17130 -3.33591
17140 -3.30954
17150 -3.28234
17160 -3.25432
17170 -3.22548
17180 -3.19584
17190 -3.16539
17200 -3.13416
17210 -3.10214
17220 -3.06936
17230 -3.03581
17240 -3.0015
17250 -2.96646
17260 -2.93068
17270 -2.89417
17280 -2.85696
17290 -2.81904
17300 -2.78042
17310 -2.74113
17320 -2.70116
17330 -2.66053
17340 -2.61925
17350 -2.57733
17360 -2.53479
17370 -2.49163
17380 -2.44786
17390 -2.40351
17400 -2.35857
17410 -2.31306
17420 -2.267
17430 -2.22039
17440 -2.17325
17450 -2.12559
17460 -2.07743
17470 -2.02877
17480 -1.97963
17490 -1.93002
17500 -1.87995
17510 -1.82945
17520 -1.77851
17530 -1.72716
17540 -1.6754
17550 -1.62326
17560 -1.57074
17570 -1.51785
17580 -1.46462
17590 -1.41105
17600 -1.35716
17610 -1.30297
17620 -1.24848
17630 -1.19371
17640 -1.13867
17650 -1.08339
17660 -1.02786
17670 -0.972113
17680 -0.916154
17690 -0.86
17700 -0.803664
17710 -0.747162
17720 -0.690506
17730 -0.633711
17740 -0.576791
17750 -0.519761
17760 -0.462634
17770 -0.405426
17780 -0.348149
17790 -0.290819
17800 -0.23345
17810 -0.176055
17820 -0.118649
17830 -0.0612459
17840 -0.00386001
17850 0.0534946
17860 0.110804
17870 0.168054
17880 0.225231
17890 0.28232
17900 0.339309
17910 0.396183
17920 0.452927
17930 0.50953
17940 0.565976
17950 0.622252
17960 0.678345
17970 0.734241
17980 0.789927
17990 0.845389
18000 0.900614
18010 0.95559
18020 1.0103
18030 1.06474
18040 1.11888
18050 1.17273
18060 1.22626
18070 1.27946
18080 1.33232
18090 1.38483
18100 1.43698
18110 1.48875
18120 1.54013
18130 1.59111
18140 1.64167
18150 1.69181
18160 1.74152
18170 1.79077
18180 1.83957
18190 1.8879
18200 1.93574
18210 1.98309
18220 2.02994
18230 2.07628
18240 2.12209
18250 2.16736
18260 2.21209
18270 2.25626
18280 2.29987
18290 2.3429
18300 2.38535
18310 2.4272
18320 2.46844
18330 2.50908
18340 2.54909
18350 2.58847
18360 2.62721
18370 2.6653
18380 2.70274
18390 2.73951
18400 2.7756
18410 2.81102
18420 2.84574
18430 2.87977
18440 2.9131
18450 2.94571
18460 2.97761
18470 3.00878
18480 3.03922
18490 3.06893
18500 3.09789
18510 3.1261
18520 3.15355
18530 3.18024
18540 3.20617
18550 3.23132
18560 3.2557
18570 3.27929
18580 3.3021
18590 3.32411
18600 3.34533
18610 3.36575
18620 3.38536
18630 3.40417
18640 3.42217
18650 3.43935
18660 3.45571
18670 3.47125
18680 3.48597
18690 3.49986
18700 3.51292
18710 3.52515
18720 3.53655
18730 3.54712
18740 3.55685
18750 3.56574
18760 3.57379
18770 3.581
18780 3.58738
18790 3.59291
18800 3.5976
18810 3.60145
18820 3.60445
18830 3.60662
18840 3.60794
18850 3.60842
18860 3.60807
18870 3.60687
18880 3.60484
18890 3.60197
18900 3.59827
18910 3.59373
18920 3.58836
18930 3.58217
18940 3.57514
18950 3.5673
18960 3.55863
18970 3.54914
18980 3.53884
18990 3.52772
19000 3.5158
19010 3.50307
19020 3.48954
19030 3.47521
19040 3.46009
19050 3.44418
19060 3.42749
19070 3.41001
19080 3.39176
19090 3.37274
19100 3.35296
19110 3.33242
19120 3.31112
19130 3.28907
19140 3.26628
19150 3.24276
19160 3.2185
19170 3.19352
19180 3.16783
19190 3.14142
19200 3.11431
19210 3.0865
19220 3.058
19230 3.02882
19240 2.99896
19250 2.96844
19260 2.93725
19270 2.90541
19280 2.87293
19290 2.83981
19300 2.80606
19310 2.77169
19320 2.73671
19330 2.70113
19340 2.66495
19350 2.62819
19360 2.59085
19370 2.55294
19380 2.51448
19390 2.47546
19400 2.43591
19410 2.39582
19420 2.35522
19430 2.3141
19440 2.27248
19450 2.23037
19460 2.18778
19470 2.14472
19480 2.1012
19490 2.05723
19500 2.01281
19510 1.96797
19520 1.92271
19530 1.87704
19540 1.83097
19550 1.78451
19560 1.73768
19570 1.69048
19580 1.64293
19590 1.59503
19600 1.5468
19610 1.49825
19620 1.44939
19630 1.40022
19640 1.35078
19650 1.30105
19660 1.25106
19670 1.20082
19680 1.15033
19690 1.09962
19700 1.04868
19710 0.997536
19720 0.946197
19730 0.894673
19740 0.842977
19750 0.791119
19760 0.739112
19770 0.686968
19780 0.634697
19790 0.582312
19800 0.529825
19810 0.477246
19820 0.424589
19830 0.371864
19840 0.319084
19850 0.266259
19860 0.213402
19870 0.160525
19880 0.107639
19890 0.0547561
19900 0.00188741
19910 -0.0509551
19920 -0.10376
19930 -0.156515
19940 -0.20921
19950 -0.261832
19960 -0.31437
19970 -0.366813
19980 -0.419149
19990 -0.471366
20000 -0.523455
20010 -0.575402
