10 -17.6453
20 -16.6959
30 -13.1968
40 -9.04352
50 -4.93164
60 -1.17406
70 2.08467
80 4.78697
90 6.92433
100 8.51697
110 9.60213
120 10.2267
130 10.4424
140 10.3028
150 9.86117
160 9.16897
170 8.27496
180 7.22462
190 6.05976
200 4.81832
210 3.53433
220 2.23796
230 0.955578
240 -0.290075
250 -1.47969
260 -2.5972
270 -3.62955
280 -4.56647
290 -5.40022
300 -6.12542
310 -6.73874
320 -7.23876
330 -7.62569
340 -7.90121
350 -8.06829
360 -8.13097
370 -8.09422
380 -7.96377
390 -7.74597
400 -7.44766
410 -7.07606
420 -6.63861
430 -6.14294
440 -5.59673
450 -5.00761
460 -4.38317
470 -3.73081
480 -3.05773
490 -2.37087
500 -1.67688
510 -0.98207
520 -0.292383
530 0.386611
540 1.04974
550 1.69226
560 2.30982
570 2.89852
580 3.45487
590 3.97581
600 4.45868
610 4.90124
620 5.30164
630 5.65843
640 5.97052
650 6.23716
660 6.45796
670 6.63284
680 6.76203
690 6.84603
700 6.88561
710 6.88179
720 6.83581
730 6.74909
740 6.62328
750 6.46017
760 6.26167
770 6.02987
780 5.76694
790 5.47512
800 5.15677
810 4.81427
820 4.45006
830 4.06661
840 3.66639
850 3.25187
860 2.82551
870 2.38976
880 1.947
890 1.4996
900 1.04985
910 0.599974
920 0.152142
930 -0.291569
940 -0.729167
950 -1.15875
960 -1.57851
970 -1.98675
980 -2.38186
990 -2.76235
1000 -3.12685
1010 -3.47406
1020 -3.80285
1030 -4.11215
1040 -4.40103
1050 -4.66868
1060 -4.91437
1070 -5.13752
1080 -5.33763
1090 -5.51432
1100 -5.6673
1110 -5.7964
1120 -5.90154
1130 -5.98274
1140 -6.04009
1150 -6.07381
1160 -6.08417
1170 -6.07153
1180 -6.03633
1190 -5.97909
1200 -5.90037
1210 -5.80083
1220 -5.68117
1230 -5.54214
1240 -5.38455
1250 -5.20926
1260 -5.01715
1270 -4.80917
1280 -4.58627
1290 -4.34945
1300 -4.09973
1310 -3.83814
1320 -3.56574
1330 -3.28359
1340 -2.99276
1350 -2.69433
1360 -2.38939
1370 -2.079
1380 -1.76423
1390 -1.44615
1400 -1.12581
1410 -0.804226
1420 -0.482424
1430 -0.161395
1440 0.15789
1450 0.474486
1460 0.787476
1470 1.09597
1480 1.39912
1490 1.69609
1500 1.98609
1510 2.26839
1520 2.54225
1530 2.807
1540 3.06201
1550 3.30667
1560 3.54043
1570 3.76277
1580 3.97323
1590 4.17136
1600 4.35677
1610 4.52912
1620 4.68811
1630 4.83346
1640 4.96495
1650 5.08241
1660 5.18568
1670 5.27468
1680 5.34932
1690 5.4096
1700 5.45553
1710 5.48715
1720 5.50455
1730 5.50785
1740 5.49721
1750 5.47281
1760 5.43487
1770 5.38364
1780 5.31939
1790 5.24243
1800 5.15309
1810 5.05172
1820 4.9387
1830 4.81443
1840 4.67933
1850 4.53383
1860 4.3784
1870 4.2135
1880 4.03963
1890 3.85727
1900 3.66695
1910 3.46919
1920 3.26451
1930 3.05346
1940 2.83658
1950 2.61441
1960 2.38751
1970 2.15644
1980 1.92175
1990 1.684
2000 1.44373
2010 1.2015
2020 0.957864
2030 0.713353
2040 0.468505
2050 0.22385
2060 -0.0200921
2070 -0.26281
2080 -0.503804
2090 -0.742581
2100 -0.978664
2110 -1.21159
2120 -1.44089
2130 -1.66615
2140 -1.88692
2150 -2.10281
2160 -2.31342
2170 -2.51836
2180 -2.71729
2190 -2.90985
2200 -3.09572
2210 -3.27458
2220 -3.44615
2230 -3.61016
2240 -3.76635
2250 -3.91449
2260 -4.05435
2270 -4.18574
2280 -4.30849
2290 -4.42242
2300 -4.52741
2310 -4.62333
2320 -4.71007
2330 -4.78755
2340 -4.85571
2350 -4.91449
2360 -4.96387
2370 -5.00384
2380 -5.03439
2390 -5.05556
2400 -5.06738
2410 -5.0699
2420 -5.06321
2430 -5.04739
2440 -5.02254
2450 -4.98878
2460 -4.94625
2470 -4.89508
2480 -4.83545
2490 -4.76752
2500 -4.69148
2510 -4.60753
2520 -4.51587
2530 -4.41674
2540 -4.31035
2550 -4.19695
2560 -4.0768
2570 -3.95013
2580 -3.81723
2590 -3.67837
2600 -3.53382
2610 -3.38388
2620 -3.22884
2630 -3.06899
2640 -2.90464
2650 -2.73609
2660 -2.56366
2670 -2.38765
2680 -2.20839
2690 -2.02618
2700 -1.84136
2710 -1.65423
2720 -1.46512
2730 -1.27435
2740 -1.08222
2750 -0.889072
2760 -0.695207
2770 -0.500939
2780 -0.30658
2790 -0.112435
2800 0.0811909
2810 0.274
2820 0.465697
2830 0.655992
2840 0.844601
2850 1.03125
2860 1.21565
2870 1.39755
2880 1.57669
2890 1.75281
2900 1.92566
2910 2.09501
2920 2.26063
2930 2.42229
2940 2.57978
2950 2.73289
2960 2.88143
2970 3.0252
2980 3.16403
2990 3.29775
3000 3.42619
3010 3.5492
3020 3.66664
3030 3.77837
3040 3.88427
3050 3.98423
3060 4.07815
3070 4.16592
3080 4.24746
3090 4.3227
3100 4.39157
3110 4.45401
3120 4.50998
3130 4.55944
3140 4.60237
3150 4.63873
3160 4.66854
3170 4.69178
3180 4.70846
3190 4.71861
3200 4.72224
3210 4.7194
3220 4.71014
3230 4.69449
3240 4.67253
3250 4.64432
3260 4.60993
3270 4.56946
3280 4.52299
3290 4.47063
3300 4.41247
3310 4.34863
3320 4.27923
3330 4.20439
3340 4.12425
3350 4.03893
3360 3.94859
3370 3.85338
3380 3.75343
3390 3.64892
3400 3.54
3410 3.42684
3420 3.30961
3430 3.18849
3440 3.06364
3450 2.93526
3460 2.80352
3470 2.66861
3480 2.53072
3490 2.39005
3500 2.24677
3510 2.10109
3520 1.95321
3530 1.80331
3540 1.6516
3550 1.49828
3560 1.34353
3570 1.18757
3580 1.03059
3590 0.87278
3600 0.714348
3610 0.555486
3620 0.396389
3630 0.237252
3640 0.078266
3650 -0.0803779
3660 -0.238491
3670 -0.395888
3680 -0.552384
3690 -0.707797
3700 -0.86195
3710 -1.01467
3720 -1.16577
3730 -1.3151
3740 -1.46249
3750 -1.60776
3760 -1.75078
3770 -1.89137
3780 -2.02939
3790 -2.1647
3800 -2.29715
3810 -2.4266
3820 -2.55292
3830 -2.67598
3840 -2.79567
3850 -2.91185
3860 -3.02441
3870 -3.13326
3880 -3.23827
3890 -3.33936
3900 -3.43643
3910 -3.52939
3920 -3.61816
3930 -3.70266
3940 -3.78281
3950 -3.85856
3960 -3.92984
3970 -3.99658
3980 -4.05875
3990 -4.1163
4000 -4.16918
4010 -4.21737
4020 -4.26082
4030 -4.29953
4040 -4.33346
4050 -4.36262
4060 -4.38698
4070 -4.40654
4080 -4.42132
4090 -4.43131
4100 -4.43653
4110 -4.437
4120 -4.43274
4130 -4.42377
4140 -4.41013
4150 -4.39186
4160 -4.36899
4170 -4.34158
4180 -4.30968
4190 -4.27333
4200 -4.2326
4210 -4.18755
4220 -4.13825
4230 -4.08477
4240 -4.02719
4250 -3.96558
4260 -3.90003
4270 -3.83062
4280 -3.75744
4290 -3.68058
4300 -3.60015
4310 -3.51623
4320 -3.42894
4330 -3.33837
4340 -3.24463
4350 -3.14783
4360 -3.04808
4370 -2.94549
4380 -2.84019
4390 -2.73229
4400 -2.62191
4410 -2.50916
4420 -2.39418
4430 -2.27708
4440 -2.158
4450 -2.03705
4460 -1.91437
4470 -1.79009
4480 -1.66432
4490 -1.53721
4500 -1.40889
4510 -1.27947
4520 -1.1491
4530 -1.0179
4540 -0.886012
4550 -0.753555
4560 -0.620664
4570 -0.487466
4580 -0.354093
4590 -0.220672
4600 -0.0873306
4610 0.0458045
4620 0.178608
4630 0.310954
4640 0.442721
4650 0.573786
4660 0.704029
4670 0.83333
4680 0.961573
4690 1.08864
4700 1.21442
4710 1.33881
4720 1.46168
4730 1.58293
4740 1.70247
4750 1.82017
4760 1.93595
4770 2.04971
4780 2.16134
4790 2.27076
4800 2.37788
4810 2.4826
4820 2.58484
4830 2.68452
4840 2.78155
4850 2.87587
4860 2.9674
4870 3.05606
4880 3.14179
4890 3.22453
4900 3.3042
4910 3.38076
4920 3.45415
4930 3.52431
4940 3.59119
4950 3.65476
4960 3.71496
4970 3.77176
4980 3.82511
4990 3.875
5000 3.92138
5010 3.96423
5020 4.00353
5030 4.03926
5040 4.0714
5050 4.09993
5060 4.12485
5070 4.14614
5080 4.16382
5090 4.17786
5100 4.18828
5110 4.19508
5120 4.19827
5130 4.19786
5140 4.19387
5150 4.18631
5160 4.1752
5170 4.16057
5180 4.14243
5190 4.12083
5200 4.09579
5210 4.06735
5220 4.03554
5230 4.0004
5240 3.96198
5250 3.92032
5260 3.87546
5270 3.82746
5280 3.77637
5290 3.72224
5300 3.66514
5310 3.6051
5320 3.54221
5330 3.47651
5340 3.40808
5350 3.33698
5360 3.26329
5370 3.18705
5380 3.10837
5390 3.02729
5400 2.9439
5410 2.85828
5420 2.7705
5430 2.68065
5440 2.58879
5450 2.49502
5460 2.39941
5470 2.30206
5480 2.20303
5490 2.10243
5500 2.00033
5510 1.89682
5520 1.79199
5530 1.68593
5540 1.57872
5550 1.47046
5560 1.36123
5570 1.25112
5580 1.14023
5590 1.02864
5600 0.916444
5610 0.803731
5620 0.69059
5630 0.577112
5640 0.463386
5650 0.349501
5660 0.235547
5670 0.121612
5680 0.00778281
5690 -0.105852
5700 -0.219205
5710 -0.332191
5720 -0.444725
5730 -0.556721
5740 -0.668096
5750 -0.778768
5760 -0.888653
5770 -0.997671
5780 -1.10574
5790 -1.21279
5800 -1.31873
5810 -1.4235
5820 -1.52701
5830 -1.62919
5840 -1.72998
5850 -1.82929
5860 -1.92706
5870 -2.02323
5880 -2.11772
5890 -2.21047
5900 -2.30142
5910 -2.3905
5920 -2.47767
5930 -2.56285
5940 -2.64599
5950 -2.72704
5960 -2.80595
5970 -2.88266
5980 -2.95712
5990 -3.0293
6000 -3.09913
6010 -3.16659
6020 -3.23163
6030 -3.2942
6040 -3.35428
6050 -3.41182
6060 -3.4668
6070 -3.51918
6080 -3.56893
6090 -3.61603
6100 -3.66044
6110 -3.70216
6120 -3.74115
6130 -3.77739
6140 -3.81088
6150 -3.8416
6160 -3.86952
6170 -3.89465
6180 -3.91697
6190 -3.93647
6200 -3.95316
6210 -3.96702
6220 -3.97807
6230 -3.98629
6240 -3.99169
6250 -3.99428
6260 -3.99407
6270 -3.99106
6280 -3.98527
6290 -3.9767
6300 -3.96538
6310 -3.95131
6320 -3.93452
6330 -3.91503
6340 -3.89286
6350 -3.86804
6360 -3.84058
6370 -3.81052
6380 -3.77789
6390 -3.74271
6400 -3.70501
6410 -3.66484
6420 -3.62223
6430 -3.57721
6440 -3.52982
6450 -3.4801
6460 -3.4281
6470 -3.37385
6480 -3.31739
6490 -3.25878
6500 -3.19806
6510 -3.13528
6520 -3.07048
6530 -3.00372
6540 -2.93504
6550 -2.8645
6560 -2.79216
6570 -2.71805
6580 -2.64225
6590 -2.5648
6600 -2.48576
6610 -2.40519
6620 -2.32315
6630 -2.23969
6640 -2.15488
6650 -2.06877
6660 -1.98143
6670 -1.89292
6680 -1.8033
6690 -1.71262
6700 -1.62096
6710 -1.52838
6720 -1.43493
6730 -1.34069
6740 -1.24571
6750 -1.15007
6760 -1.05382
6770 -0.957029
6780 -0.859761
6790 -0.762081
6800 -0.664053
6810 -0.565741
6820 -0.467208
6830 -0.36852
6840 -0.26974
6850 -0.170932
6860 -0.0721576
6870 0.0265186
6880 0.125034
6890 0.223327
6900 0.321336
6910 0.418998
6920 0.516253
6930 0.613041
6940 0.709301
6950 0.804975
6960 0.900004
6970 0.994329
6980 1.08789
6990 1.18064
7000 1.27252
7010 1.36346
7020 1.45343
7030 1.54236
7040 1.6302
7050 1.7169
7060 1.80241
7070 1.88668
7080 1.96966
7090 2.05131
7100 2.13157
7110 2.2104
7120 2.28776
7130 2.3636
7140 2.43789
7150 2.51057
7160 2.58161
7170 2.65097
7180 2.71862
7190 2.78451
7200 2.84861
7210 2.91089
7220 2.97131
7230 3.02984
7240 3.08646
7250 3.14113
7260 3.19383
7270 3.24452
7280 3.29319
7290 3.33981
7300 3.38435
7310 3.42681
7320 3.46715
7330 3.50536
7340 3.54142
7350 3.57531
7360 3.60703
7370 3.63656
7380 3.66388
7390 3.68899
7400 3.71188
7410 3.73254
7420 3.75096
7430 3.76715
7440 3.78108
7450 3.79278
7460 3.80222
7470 3.80942
7480 3.81437
7490 3.81708
7500 3.81755
7510 3.81579
7520 3.81181
7530 3.80561
7540 3.7972
7550 3.78659
7560 3.77381
7570 3.75885
7580 3.74173
7590 3.72247
7600 3.70109
7610 3.6776
7620 3.65202
7630 3.62437
7640 3.59468
7650 3.56297
7660 3.52925
7670 3.49356
7680 3.45592
7690 3.41636
7700 3.3749
7710 3.33157
7720 3.2864
7730 3.23943
7740 3.19068
7750 3.14019
7760 3.08798
7770 3.0341
7780 2.97857
7790 2.92144
7800 2.86274
7810 2.8025
7820 2.74077
7830 2.67758
7840 2.61297
7850 2.54699
7860 2.47966
7870 2.41104
7880 2.34116
7890 2.27007
7900 2.19781
7910 2.12441
7920 2.04994
7930 1.97442
7940 1.89791
7950 1.82044
7960 1.74207
7970 1.66284
7980 1.58279
7990 1.50198
8000 1.42044
8010 1.33822
8020 1.25538
8030 1.17195
8040 1.08798
8050 1.00353
8060 0.918634
8070 0.833345
8080 0.747708
8090 0.661772
8100 0.575583
8110 0.489189
8120 0.402637
8130 0.315974
8140 0.229248
8150 0.142504
8160 0.0557902
8170 -0.0308475
8180 -0.117363
8190 -0.203709
8200 -0.289841
8210 -0.375714
8220 -0.461281
8230 -0.546498
8240 -0.63132
8250 -0.715704
8260 -0.799605
8270 -0.88298
8280 -0.965787
8290 -1.04798
8300 -1.12952
8310 -1.21037
8320 -1.29048
8330 -1.36982
8340 -1.44834
8350 -1.526
8360 -1.60277
8370 -1.67861
8380 -1.75347
8390 -1.82734
8400 -1.90015
8410 -1.97189
8420 -2.04252
8430 -2.112
8440 -2.1803
8450 -2.24738
8460 -2.31322
8470 -2.37779
8480 -2.44105
8490 -2.50297
8500 -2.56352
8510 -2.62268
8520 -2.68042
8530 -2.73672
8540 -2.79154
8550 -2.84486
8560 -2.89667
8570 -2.94693
8580 -2.99562
8590 -3.04273
8600 -3.08822
8610 -3.1321
8620 -3.17432
8630 -3.21488
8640 -3.25377
8650 -3.29095
8660 -3.32643
8670 -3.36018
8680 -3.39219
8690 -3.42245
8700 -3.45095
8710 -3.47768
8720 -3.50263
8730 -3.52579
8740 -3.54715
8750 -3.56671
8760 -3.58446
8770 -3.60039
8780 -3.61451
8790 -3.6268
8800 -3.63728
8810 -3.64593
8820 -3.65275
8830 -3.65775
8840 -3.66093
8850 -3.66229
8860 -3.66184
8870 -3.65957
8880 -3.6555
8890 -3.64963
8900 -3.64196
8910 -3.63251
8920 -3.62128
8930 -3.60828
8940 -3.59353
8950 -3.57703
8960 -3.5588
8970 -3.53885
8980 -3.51719
8990 -3.49384
9000 -3.46881
9010 -3.44211
9020 -3.41378
9030 -3.38381
9040 -3.35223
9050 -3.31907
9060 -3.28433
9070 -3.24804
9080 -3.21022
9090 -3.1709
9100 -3.13008
9110 -3.08781
9120 -3.04409
9130 -2.99896
9140 -2.95244
9150 -2.90455
9160 -2.85533
9170 -2.80479
9180 -2.75296
9190 -2.69988
9200 -2.64557
9210 -2.59005
9220 -2.53336
9230 -2.47553
9240 -2.41659
9250 -2.35656
9260 -2.29548
9270 -2.23338
9280 -2.17029
9290 -2.10624
9300 -2.04127
9310 -1.97541
9320 -1.90868
9330 -1.84113
9340 -1.77279
9350 -1.70369
9360 -1.63386
9370 -1.56334
9380 -1.49217
9390 -1.42037
9400 -1.34799
9410 -1.27506
9420 -1.20161
9430 -1.12768
9440 -1.0533
9450 -0.97851
9460 -0.903347
9470 -0.827844
9480 -0.752038
9490 -0.675965
9500 -0.599659
9510 -0.523156
9520 -0.446493
9530 -0.369705
9540 -0.292827
9550 -0.215895
9560 -0.138945
9570 -0.0620108
9580 0.014871
9590 0.0916658
9600 0.168339
9610 0.244855
9620 0.32118
9630 0.397279
9640 0.473118
9650 0.548664
9660 0.623882
9670 0.698739
9680 0.773202
9690 0.847237
9700 0.920814
9710 0.993898
9720 1.06646
9730 1.13846
9740 1.20988
9750 1.28068
9760 1.35083
9770 1.4203
9780 1.48907
9790 1.55709
9800 1.62435
9810 1.69082
9820 1.75646
9830 1.82125
9840 1.88516
9850 1.94817
9860 2.01024
9870 2.07136
9880 2.1315
9890 2.19063
9900 2.24873
9910 2.30577
9920 2.36174
9930 2.41661
9940 2.47035
9950 2.52295
9960 2.57439
9970 2.62464
9980 2.67369
9990 2.72151
10000 2.76809
10010 2.81342
10020 2.85746
10030 2.90021
10040 2.94165
10050 2.98176
10060 3.02053
10070 3.05795
10080 3.094
10090 3.12867
10100 3.16194
10110 3.19381
10120 3.22426
10130 3.25329
10140 3.28088
10150 3.30702
10160 3.33171
10170 3.35493
10180 3.37669
10190 3.39697
10200 3.41577
10210 3.43308
10220 3.44891
10230 3.46323
10240 3.47606
10250 3.48739
10260 3.49722
10270 3.50554
10280 3.51235
10290 3.51767
10300 3.52147
10310 3.52378
10320 3.52458
10330 3.52389
10340 3.5217
10350 3.51802
10360 3.51285
10370 3.50621
10380 3.49808
10390 3.48849
10400 3.47743
10410 3.46492
10420 3.45096
10430 3.43556
10440 3.41874
10450 3.40049
10460 3.38083
10470 3.35978
10480 3.33734
10490 3.31352
10500 3.28834
10510 3.26181
10520 3.23395
10530 3.20477
10540 3.17427
10550 3.14249
10560 3.10943
10570 3.07512
10580 3.03955
10590 3.00277
10600 2.96477
10610 2.92558
10620 2.88523
10630 2.84372
10640 2.80107
10650 2.75731
10660 2.71246
10670 2.66653
10680 2.61955
10690 2.57154
10700 2.52252
10710 2.47251
10720 2.42153
10730 2.36962
10740 2.31678
10750 2.26305
10760 2.20844
10770 2.15298
10780 2.0967
10790 2.03962
10800 1.98176
10810 1.92315
10820 1.86382
10830 1.80378
10840 1.74307
10850 1.68172
10860 1.61973
10870 1.55716
10880 1.49401
10890 1.43031
10900 1.3661
10910 1.3014
10920 1.23624
10930 1.17063
10940 1.10462
10950 1.03823
10960 0.971481
10970 0.904405
10980 0.837028
10990 0.769378
11000 0.701483
11010 0.63337
11020 0.565066
11030 0.4966
11040 0.427998
11050 0.359288
11060 0.290498
11070 0.221655
11080 0.152787
11090 0.0839196
11100 0.0150815
11110 -0.0537006
11120 -0.1224
11130 -0.190989
11140 -0.259441
11150 -0.327729
11160 -0.395828
11170 -0.46371
11180 -0.531349
11190 -0.598719
11200 -0.665795
11210 -0.73255
11220 -0.798959
11230 -0.864997
11240 -0.930638
11250 -0.995858
11260 -1.06063
11270 -1.12493
11280 -1.18874
11290 -1.25203
11300 -1.31478
11310 -1.37696
11320 -1.43856
11330 -1.49954
11340 -1.55989
11350 -1.61958
11360 -1.67859
11370 -1.7369
11380 -1.7945
11390 -1.85135
11400 -1.90743
11410 -1.96274
11420 -2.01724
11430 -2.07092
11440 -2.12376
11450 -2.17574
11460 -2.22684
11470 -2.27704
11480 -2.32633
11490 -2.37469
11500 -2.4221
11510 -2.46854
11520 -2.51401
11530 -2.55847
11540 -2.60193
11550 -2.64436
11560 -2.68575
11570 -2.72608
11580 -2.76535
11590 -2.80354
11600 -2.84063
11610 -2.87662
11620 -2.91149
11630 -2.94523
11640 -2.97783
11650 -3.00928
11660 -3.03957
11670 -3.0687
11680 -3.09664
11690 -3.1234
11700 -3.14897
11710 -3.17333
11720 -3.19648
11730 -3.21842
11740 -3.23914
11750 -3.25863
11760 -3.27688
11770 -3.2939
11780 -3.30968
11790 -3.32421
11800 -3.3375
11810 -3.34953
11820 -3.36031
11830 -3.36983
11840 -3.3781
11850 -3.38511
11860 -3.39086
11870 -3.39535
11880 -3.39858
11890 -3.40056
11900 -3.40128
11910 -3.40074
11920 -3.39896
11930 -3.39593
11940 -3.39165
11950 -3.38613
11960 -3.37937
11970 -3.37137
11980 -3.36215
11990 -3.35171
12000 -3.34005
12010 -3.32718
12020 -3.31311
12030 -3.29783
12040 -3.28137
12050 -3.26373
12060 -3.24491
12070 -3.22493
12080 -3.2038
12090 -3.18152
12100 -3.1581
12110 -3.13356
12120 -3.10791
12130 -3.08115
12140 -3.0533
12150 -3.02437
12160 -2.99438
12170 -2.96332
12180 -2.93123
12190 -2.89811
12200 -2.86397
12210 -2.82883
12220 -2.7927
12230 -2.7556
12240 -2.71754
12250 -2.67854
12260 -2.63862
12270 -2.59778
12280 -2.55605
12290 -2.51344
12300 -2.46996
12310 -2.42565
12320 -2.3805
12330 -2.33454
12340 -2.28779
12350 -2.24027
12360 -2.19199
12370 -2.14296
12380 -2.09322
12390 -2.04278
12400 -1.99166
12410 -1.93987
12420 -1.88744
12430 -1.83439
12440 -1.78073
12450 -1.72648
12460 -1.67167
12470 -1.61632
12480 -1.56045
12490 -1.50407
12500 -1.4472
12510 -1.38988
12520 -1.33211
12530 -1.27392
12540 -1.21534
12550 -1.15637
12560 -1.09705
12570 -1.03739
12580 -0.977423
12590 -0.917158
12600 -0.856622
12610 -0.795835
12620 -0.734821
12630 -0.673599
12640 -0.612191
12650 -0.55062
12660 -0.488907
12670 -0.427073
12680 -0.36514
12690 -0.30313
12700 -0.241063
12710 -0.178963
12720 -0.116849
12730 -0.0547439
12740 0.0073312
12750 0.0693551
12760 0.131307
12770 0.193164
12780 0.254907
12790 0.316515
12800 0.377965
12810 0.439238
12820 0.500313
12830 0.56117
12840 0.621787
12850 0.682144
12860 0.742222
12870 0.802
12880 0.861458
12890 0.920577
12900 0.979337
12910 1.03772
12920 1.0957
12930 1.15327
12940 1.2104
12950 1.26708
12960 1.32328
12970 1.379
12980 1.4342
12990 1.48888
13000 1.54301
13010 1.59658
13020 1.64957
13030 1.70197
13040 1.75375
13050 1.8049
13060 1.85541
13070 1.90525
13080 1.95442
13090 2.0029
13100 2.05067
13110 2.09771
13120 2.14402
13130 2.18957
13140 2.23436
13150 2.27837
13160 2.32159
13170 2.364
13180 2.40559
13190 2.44635
13200 2.48626
13210 2.52532
13220 2.56351
13230 2.60083
13240 2.63725
13250 2.67277
13260 2.70738
13270 2.74107
13280 2.77382
13290 2.80564
13300 2.83651
13310 2.86642
13320 2.89536
13330 2.92332
13340 2.95031
13350 2.9763
13360 3.0013
13370 3.02529
13380 3.04828
13390 3.07024
13400 3.09119
13410 3.11111
13420 3.12999
13430 3.14784
13440 3.16465
13450 3.18041
13460 3.19513
13470 3.20879
13480 3.2214
13490 3.23295
13500 3.24344
13510 3.25287
13520 3.26124
13530 3.26855
13540 3.27478
13550 3.27996
13560 3.28407
13570 3.28711
13580 3.28909
13590 3.29001
13600 3.28986
13610 3.28865
13620 3.28639
13630 3.28307
13640 3.27869
13650 3.27326
13660 3.26679
13670 3.25927
13680 3.25071
13690 3.24112
13700 3.23049
13710 3.21884
13720 3.20617
13730 3.19248
13740 3.17779
13750 3.16209
13760 3.14539
13770 3.1277
13780 3.10903
13790 3.08938
13800 3.06877
13810 3.04719
13820 3.02467
13830 3.0012
13840 2.97679
13850 2.95146
13860 2.92522
13870 2.89806
13880 2.87001
13890 2.84108
13900 2.81127
13910 2.78059
13920 2.74906
13930 2.71668
13940 2.68347
13950 2.64945
13960 2.61461
13970 2.57898
13980 2.54256
13990 2.50537
14000 2.46743
14010 2.42874
14020 2.38931
14030 2.34917
14040 2.30832
14050 2.26678
14060 2.22456
14070 2.18167
14080 2.13814
14090 2.09397
14100 2.04919
14110 2.00379
14120 1.95781
14130 1.91125
14140 1.86413
14150 1.81647
14160 1.76827
14170 1.71957
14180 1.67036
14190 1.62067
14200 1.57052
14210 1.51992
14220 1.46888
14230 1.41743
14240 1.36558
14250 1.31334
14260 1.26074
14270 1.20778
14280 1.15449
14290 1.10088
14300 1.04698
14310 0.992786
14320 0.938329
14330 0.883623
14340 0.828684
14350 0.773531
14360 0.718179
14370 0.662647
14380 0.606951
14390 0.551109
14400 0.495138
14410 0.439055
14420 0.382877
14430 0.326621
14440 0.270305
14450 0.213947
14460 0.157562
14470 0.101168
14480 0.0447831
14490 -0.0115768
14500 -0.0678943
14510 -0.124152
14520 -0.180334
14530 -0.236423
14540 -0.292402
14550 -0.348254
14560 -0.403963
14570 -0.459512
14580 -0.514884
14590 -0.570064
14600 -0.625034
14610 -0.679779
14620 -0.734283
14630 -0.788529
14640 -0.842502
14650 -0.896186
14660 -0.949564
14670 -1.00262
14680 -1.05534
14690 -1.10772
14700 -1.15972
14710 -1.21134
14720 -1.26257
14730 -1.31339
14740 -1.36378
14750 -1.41373
14760 -1.46323
14770 -1.51226
14780 -1.5608
14790 -1.60885
14800 -1.6564
14810 -1.70341
14820 -1.7499
14830 -1.79583
14840 -1.8412
14850 -1.886
14860 -1.93021
14870 -1.97382
14880 -2.01682
14890 -2.05919
14900 -2.10093
14910 -2.14203
14920 -2.18246
14930 -2.22223
14940 -2.26132
14950 -2.29972
14960 -2.33742
14970 -2.37441
14980 -2.41068
14990 -2.44622
15000 -2.48102
15010 -2.51507
15020 -2.54836
15030 -2.58089
15040 -2.61264
15050 -2.64361
15060 -2.67379
15070 -2.70317
15080 -2.73174
15090 -2.7595
15100 -2.78645
15110 -2.81256
15120 -2.83784
15130 -2.86228
15140 -2.88587
15150 -2.90862
15160 -2.9305
15170 -2.95153
15180 -2.97169
15190 -2.99097
15200 -3.00938
15210 -3.02691
15220 -3.04356
15230 -3.05931
15240 -3.07418
15250 -3.08815
15260 -3.10123
15270 -3.1134
15280 -3.12467
15290 -3.13504
15300 -3.14451
15310 -3.15306
15320 -3.16071
15330 -3.16745
15340 -3.17327
15350 -3.17819
15360 -3.18219
15370 -3.18529
15380 -3.18747
15390 -3.18874
15400 -3.18911
15410 -3.18856
15420 -3.18711
15430 -3.18475
15440 -3.18149
15450 -3.17733
15460 -3.17227
15470 -3.16631
15480 -3.15946
15490 -3.15171
15500 -3.14309
15510 -3.13357
15520 -3.12318
15530 -3.11191
15540 -3.09977
15550 -3.08676
15560 -3.07289
15570 -3.05817
15580 -3.04259
15590 -3.02617
15600 -3.0089
15610 -2.9908
15620 -2.97187
15630 -2.95212
15640 -2.93156
15650 -2.91018
15660 -2.888
15670 -2.86503
15680 -2.84127
15690 -2.81674
15700 -2.79143
15710 -2.76535
15720 -2.73853
15730 -2.71095
15740 -2.68264
15750 -2.6536
15760 -2.62383
15770 -2.59336
15780 -2.56218
15790 -2.53031
15800 -2.49776
15810 -2.46454
15820 -2.43065
15830 -2.39612
15840 -2.36094
15850 -2.32512
15860 -2.28869
15870 -2.25165
15880 -2.21401
15890 -2.17578
15900 -2.13697
15910 -2.0976
15920 -2.05768
15930 -2.01722
15940 -1.97622
15950 -1.93471
15960 -1.89269
15970 -1.85018
15980 -1.80718
15990 -1.76372
16000 -1.7198
16010 -1.67544
16020 -1.63064
16030 -1.58543
16040 -1.53981
16050 -1.4938
16060 -1.44741
16070 -1.40065
16080 -1.35354
16090 -1.30609
16100 -1.25831
16110 -1.21023
16120 -1.16184
16130 -1.11316
16140 -1.06421
16150 -1.01501
16160 -0.965556
16170 -0.915873
16180 -0.865973
16190 -0.815868
16200 -0.765574
16210 -0.715103
16220 -0.66447
16230 -0.613689
16240 -0.562773
16250 -0.511736
16260 -0.460593
16270 -0.409357
16280 -0.358042
16290 -0.306662
16300 -0.255232
16310 -0.203764
16320 -0.152273
16330 -0.100772
16340 -0.049276
16350 0.00220184
16360 0.0536476
16370 0.105047
16380 0.156388
16390 0.207655
16400 0.258835
16410 0.309915
16420 0.360881
16430 0.41172
16440 0.462418
16450 0.512961
16460 0.563338
16470 0.613533
16480 0.663535
16490 0.713329
16500 0.762904
16510 0.812246
16520 0.861343
16530 0.910181
16540 0.958748
16550 1.00703
16560 1.05502
16570 1.1027
16580 1.15006
16590 1.19708
16600 1.24376
16610 1.29009
16620 1.33604
16630 1.38162
16640 1.4268
16650 1.47159
16660 1.51595
16670 1.55989
16680 1.6034
16690 1.64645
16700 1.68905
16710 1.73118
16720 1.77283
16730 1.81399
16740 1.85465
16750 1.8948
16760 1.93443
16770 1.97353
16780 2.01209
16790 2.0501
16800 2.08756
16810 2.12444
16820 2.16075
16830 2.19648
16840 2.23161
16850 2.26614
16860 2.30006
16870 2.33336
16880 2.36603
16890 2.39808
16900 2.42947
16910 2.46023
16920 2.49032
16930 2.51975
16940 2.54851
16950 2.5766
16960 2.604
16970 2.63071
16980 2.65672
16990 2.68204
17000 2.70665
17010 2.73054
17020 2.75372
17030 2.77617
17040 2.7979
17050 2.81889
17060 2.83915
17070 2.85866
17080 2.87743
17090 2.89545
17100 2.91271
17110 2.92922
17120 2.94497
17130 2.95995
17140 2.97417
17150 2.98762
17160 3.00029
17170 3.0122
17180 3.02332
17190 3.03367
17200 3.04324
17210 3.05203
17220 3.06003
17230 3.06725
17240 3.07368
17250 3.07933
17260 3.0842
17270 3.08827
17280 3.09156
17290 3.09407
17300 3.09579
17310 3.09672
17320 3.09687
17330 3.09623
17340 3.09481
17350 3.09261
17360 3.08962
17370 3.08586
17380 3.08132
17390 3.07601
17400 3.06993
17410 3.06307
17420 3.05545
17430 3.04706
17440 3.03791
17450 3.028
17460 3.01734
17470 3.00592
17480 2.99376
17490 2.98085
17500 2.9672
17510 2.95282
17520 2.9377
17530 2.92186
17540 2.9053
17550 2.88802
17560 2.87003
17570 2.85133
17580 2.83193
17590 2.81183
17600 2.79105
17610 2.76958
17620 2.74744
17630 2.72462
17640 2.70114
17650 2.677
17660 2.65221
17670 2.62677
17680 2.6007
17690 2.57399
17700 2.54667
17710 2.51873
17720 2.49018
17730 2.46103
17740 2.43128
17750 2.40096
17760 2.37005
17770 2.33858
17780 2.30655
17790 2.27397
17800 2.24085
17810 2.20719
17820 2.17301
17830 2.13832
17840 2.10311
17850 2.06741
17860 2.03122
17870 1.99456
17880 1.95742
17890 1.91983
17900 1.88178
17910 1.8433
17920 1.80438
17930 1.76505
17940 1.72531
17950 1.68516
17960 1.64463
17970 1.60372
17980 1.56244
17990 1.5208
18000 1.47881
18010 1.43649
18020 1.39384
18030 1.35088
18040 1.30761
18050 1.26404
18060 1.2202
18070 1.17608
18080 1.1317
18090 1.08707
18100 1.0422
18110 0.997106
18120 0.951794
18130 0.906276
18140 0.860564
18150 0.814669
18160 0.768603
18170 0.722376
18180 0.676
18190 0.629487
18200 0.582848
18210 0.536094
18220 0.489237
18230 0.442287
18240 0.395257
18250 0.348157
18260 0.301
18270 0.253796
18280 0.206557
18290 0.159295
18300 0.11202
18310 0.064744
18320 0.0174783
18330 -0.0297657
18340 -0.0769769
18350 -0.124144
18360 -0.171256
18370 -0.218301
18380 -0.265268
18390 -0.312147
18400 -0.358925
18410 -0.405593
18420 -0.452139
18430 -0.498551
18440 -0.54482
18450 -0.590935
18460 -0.636884
18470 -0.682656
18480 -0.728242
18490 -0.773631
18500 -0.818811
18510 -0.863773
18520 -0.908506
18530 -0.952999
18540 -0.997243
18550 -1.04123
18560 -1.08494
18570 -1.12838
18580 -1.17152
18590 -1.21437
18600 -1.2569
18610 -1.29912
18620 -1.34101
18630 -1.38256
18640 -1.42376
18650 -1.4646
18660 -1.50508
18670 -1.54518
18680 -1.5849
18690 -1.62423
18700 -1.66315
18710 -1.70166
18720 -1.73975
18730 -1.77742
18740 -1.81465
18750 -1.85143
18760 -1.88776
18770 -1.92363
18780 -1.95903
18790 -1.99396
18800 -2.0284
18810 -2.06235
18820 -2.0958
18830 -2.12875
18840 -2.16118
18850 -2.19309
18860 -2.22448
18870 -2.25533
18880 -2.28564
18890 -2.3154
18900 -2.34461
18910 -2.37327
18920 -2.40135
18930 -2.42886
18940 -2.4558
18950 -2.48215
18960 -2.50792
18970 -2.53309
18980 -2.55766
18990 -2.58163
19000 -2.60499
19010 -2.62774
19020 -2.64987
19030 -2.67138
19040 -2.69225
19050 -2.7125
19060 -2.73212
19070 -2.75109
19080 -2.76942
19090 -2.78711
19100 -2.80414
19110 -2.82053
19120 -2.83625
19130 -2.85132
19140 -2.86573
19150 -2.87947
19160 -2.89255
19170 -2.90496
19180 -2.91669
19190 -2.92776
19200 -2.93814
19210 -2.94786
19220 -2.95689
19230 -2.96525
19240 -2.97292
19250 -2.97991
19260 -2.98622
19270 -2.99185
19280 -2.99679
19290 -3.00105
19300 -3.00463
19310 -3.00752
19320 -3.00972
19330 -3.01124
19340 -3.01208
19350 -3.01223
19360 -3.01171
19370 -3.01049
19380 -3.0086
19390 -3.00603
19400 -3.00278
19410 -2.99885
19420 -2.99425
19430 -2.98897
19440 -2.98303
19450 -2.97641
19460 -2.96912
19470 -2.96117
19480 -2.95255
19490 -2.94328
19500 -2.93335
19510 -2.92276
19520 -2.91152
19530 -2.89964
19540 -2.88711
19550 -2.87393
19560 -2.86012
19570 -2.84568
19580 -2.8306
19590 -2.8149
19600 -2.79857
19610 -2.78163
19620 -2.76408
19630 -2.74591
19640 -2.72715
19650 -2.70778
19660 -2.68782
19670 -2.66726
19680 -2.64613
19690 -2.62441
19700 -2.60213
19710 -2.57927
19720 -2.55585
19730 -2.53188
19740 -2.50735
19750 -2.48228
19760 -2.45667
19770 -2.43053
19780 -2.40387
19790 -2.37668
19800 -2.34898
19810 -2.32078
19820 -2.29207
19830 -2.26287
19840 -2.23319
19850 -2.20303
19860 -2.17239
19870 -2.1413
19880 -2.10974
19890 -2.07774
19900 -2.04529
19910 -2.01241
19920 -1.9791
19930 -1.94538
19940 -1.91124
19950 -1.8767
19960 -1.84176
19970 -1.80644
19980 -1.77074
19990 -1.73466
20000 -1.69823
20010 -1.66144
