10 -36.9057
20 -25.318
30 -13.9231
40 -4.0389
50 4.04249
60 10.3321
70 14.9569
80 18.0902
90 19.9214
100 20.6399
110 20.4278
120 19.4549
130 17.8772
140 15.8354
150 13.4554
160 10.8482
170 8.11057
180 5.32609
190 2.56584
200 -0.110575
210 -2.65407
220 -5.02511
230 -7.19281
240 -9.134
250 -10.8324
260 -12.2779
270 -13.4656
280 -14.3953
290 -15.0709
300 -15.4994
310 -15.691
320 -15.658
330 -15.4147
340 -14.9768
350 -14.3612
360 -13.5854
370 -12.6677
380 -11.6262
390 -10.4793
400 -9.24514
410 -7.94128
420 -6.5849
430 -5.19247
440 -3.77968
450 -2.36139
460 -0.951505
470 0.437037
480 1.79231
490 3.10343
500 4.36056
510 5.55492
520 6.67878
530 7.72542
540 8.68916
550 9.56529
560 10.35
570 11.0405
580 11.6348
590 12.1316
600 12.5307
610 12.8323
620 13.0375
630 13.1479
640 13.1658
650 13.0938
660 12.9352
670 12.6937
680 12.3733
690 11.9784
700 11.5135
710 10.9836
720 10.3937
730 9.749
740 9.05494
750 8.31688
760 7.54028
770 6.73059
780 5.89325
790 5.03365
800 4.15709
810 3.26877
820 2.37375
830 1.47696
840 0.583153
850 -0.303106
860 -1.17744
870 -2.0357
880 -2.87395
890 -3.68848
900 -4.47583
910 -5.23278
920 -5.95638
930 -6.64391
940 -7.29292
950 -7.9012
960 -8.46683
970 -8.9881
980 -9.4636
990 -9.89212
1000 -10.2727
1010 -10.6047
1020 -10.8876
1030 -11.1211
1040 -11.3053
1050 -11.4402
1060 -11.5262
1070 -11.564
1080 -11.5543
1090 -11.4979
1100 -11.396
1110 -11.2498
1120 -11.0606
1130 -10.83
1140 -10.5596
1150 -10.251
1160 -9.90623
1170 -9.52709
1180 -9.11562
1190 -8.67387
1200 -8.20399
1210 -7.70813
1220 -7.18853
1230 -6.64744
1240 -6.08711
1250 -5.50983
1260 -4.9179
1270 -4.3136
1280 -3.69919
1290 -3.07694
1300 -2.44907
1310 -1.81777
1320 -1.18522
1330 -0.553517
1340 0.0752738
1350 0.699144
1360 1.31615
1370 1.9244
1380 2.52209
1390 3.10748
1400 3.6789
1410 4.23476
1420 4.77357
1430 5.29391
1440 5.79443
1450 6.27391
1460 6.73117
1470 7.16516
1480 7.5749
1490 7.9595
1500 8.31817
1510 8.65022
1520 8.95503
1530 9.23209
1540 9.48095
1550 9.70129
1560 9.89285
1570 10.0555
1580 10.189
1590 10.2935
1600 10.3691
1610 10.4159
1620 10.434
1630 10.4239
1640 10.3859
1650 10.3204
1660 10.228
1670 10.1092
1680 9.96459
1690 9.79492
1700 9.6009
1710 9.38332
1720 9.14301
1730 8.88084
1740 8.59773
1750 8.29463
1760 7.97253
1770 7.63244
1780 7.2754
1790 6.90248
1800 6.51477
1810 6.11338
1820 5.69943
1830 5.27404
1840 4.83836
1850 4.39355
1860 3.94074
1870 3.48109
1880 3.01575
1890 2.54586
1900 2.07256
1910 1.59696
1920 1.1202
1930 0.643355
1940 0.167519
1950 -0.306248
1960 -0.776905
1970 -1.24343
1980 -1.70484
1990 -2.16015
2000 -2.60843
2010 -3.04877
2020 -3.48028
2030 -3.90213
2040 -4.31349
2050 -4.71359
2060 -5.10168
2070 -5.47705
2080 -5.83903
2090 -6.187
2100 -6.52035
2110 -6.83853
2120 -7.14102
2130 -7.42735
2140 -7.69707
2150 -7.9498
2160 -8.18517
2170 -8.40288
2180 -8.60263
2190 -8.7842
2200 -8.94739
2210 -9.09204
2220 -9.21803
2230 -9.32528
2240 -9.41375
2250 -9.48343
2260 -9.53436
2270 -9.5666
2280 -9.58025
2290 -9.57544
2300 -9.55236
2310 -9.5112
2320 -9.4522
2330 -9.37561
2340 -9.28174
2350 -9.17091
2360 -9.04347
2370 -8.89979
2380 -8.74028
2390 -8.56536
2400 -8.37549
2410 -8.17113
2420 -7.95278
2430 -7.72094
2440 -7.47614
2450 -7.21893
2460 -6.94987
2470 -6.66954
2480 -6.37851
2490 -6.0774
2500 -5.76681
2510 -5.44737
2520 -5.11969
2530 -4.78441
2540 -4.44218
2550 -4.09364
2560 -3.73943
2570 -3.38021
2580 -3.01663
2590 -2.64934
2600 -2.27898
2610 -1.9062
2620 -1.53166
2630 -1.15598
2640 -0.779798
2650 -0.40375
2660 -0.0284502
2670 0.345488
2680 0.717461
2690 1.08688
2700 1.45315
2710 1.81572
2720 2.17402
2730 2.5275
2740 2.87564
2750 3.21791
2760 3.55381
2770 3.88287
2780 4.2046
2790 4.51855
2800 4.82429
2810 5.12139
2820 5.40946
2830 5.68811
2840 5.95698
2850 6.21571
2860 6.46399
2870 6.70151
2880 6.92797
2890 7.14312
2900 7.3467
2910 7.53848
2920 7.71827
2930 7.88586
2940 8.0411
2950 8.18383
2960 8.31394
2970 8.4313
2980 8.53584
2990 8.62748
3000 8.70618
3010 8.77192
3020 8.82467
3030 8.86445
3040 8.89128
3050 8.90523
3060 8.90633
3070 8.89469
3080 8.8704
3090 8.83358
3100 8.78435
3110 8.72287
3120 8.64931
3130 8.56384
3140 8.46666
3150 8.35798
3160 8.23803
3170 8.10704
3180 7.96526
3190 7.81295
3200 7.65039
3210 7.47788
3220 7.29569
3230 7.10415
3240 6.90356
3250 6.69427
3260 6.47659
3270 6.25088
3280 6.01748
3290 5.77677
3300 5.52909
3310 5.27482
3320 5.01434
3330 4.74803
3340 4.47627
3350 4.19945
3360 3.91797
3370 3.63222
3380 3.34259
3390 3.04949
3400 2.75331
3410 2.45446
3420 2.15332
3430 1.85031
3440 1.54582
3450 1.24024
3460 0.933971
3470 0.627405
3480 0.320929
3490 0.0149289
3500 -0.290215
3510 -0.594125
3520 -0.896428
3530 -1.19676
3540 -1.49476
3550 -1.79006
3560 -2.08233
3570 -2.37121
3580 -2.65638
3590 -2.9375
3600 -3.21425
3610 -3.48633
3620 -3.75342
3630 -4.01524
3640 -4.27149
3650 -4.52189
3660 -4.76619
3670 -5.00411
3680 -5.23541
3690 -5.45985
3700 -5.67721
3710 -5.88725
3720 -6.08978
3730 -6.2846
3740 -6.47151
3750 -6.65034
3760 -6.82093
3770 -6.98311
3780 -7.13676
3790 -7.28172
3800 -7.41789
3810 -7.54515
3820 -7.6634
3830 -7.77255
3840 -7.87253
3850 -7.96326
3860 -8.0447
3870 -8.1168
3880 -8.17953
3890 -8.23285
3900 -8.27677
3910 -8.31128
3920 -8.33639
3930 -8.35212
3940 -8.35849
3950 -8.35556
3960 -8.34337
3970 -8.32198
3980 -8.29146
3990 -8.25189
4000 -8.20335
4010 -8.14596
4020 -8.0798
4030 -8.00501
4040 -7.9217
4050 -7.83
4060 -7.73006
4070 -7.62202
4080 -7.50605
4090 -7.3823
4100 -7.25094
4110 -7.11216
4120 -6.96613
4130 -6.81305
4140 -6.65311
4150 -6.48651
4160 -6.31347
4170 -6.13419
4180 -5.9489
4190 -5.75782
4200 -5.56117
4210 -5.35919
4220 -5.15211
4230 -4.94017
4240 -4.72361
4250 -4.50269
4260 -4.27764
4270 -4.04872
4280 -3.81618
4290 -3.58027
4300 -3.34126
4310 -3.0994
4320 -2.85495
4330 -2.60817
4340 -2.35932
4350 -2.10866
4360 -1.85645
4370 -1.60296
4380 -1.34843
4390 -1.09314
4400 -0.837338
4410 -0.581282
4420 -0.325229
4430 -0.0694325
4440 0.185856
4450 0.440387
4460 0.693913
4470 0.946189
4480 1.19697
4490 1.44603
4500 1.69312
4510 1.93801
4520 2.18048
4530 2.4203
4540 2.65725
4550 2.89111
4560 3.12168
4570 3.34874
4580 3.57209
4590 3.79154
4600 4.00689
4610 4.21796
4620 4.42456
4630 4.62651
4640 4.82366
4650 5.01582
4660 5.20285
4670 5.38458
4680 5.56087
4690 5.73158
4700 5.89656
4710 6.05571
4720 6.20887
4730 6.35596
4740 6.49684
4750 6.63142
4760 6.7596
4770 6.88129
4780 6.9964
4790 7.10485
4800 7.20658
4810 7.30153
4820 7.38962
4830 7.47081
4840 7.54505
4850 7.61232
4860 7.67256
4870 7.72576
4880 7.77191
4890 7.81097
4900 7.84296
4910 7.86788
4920 7.88571
4930 7.89649
4940 7.90023
4950 7.89695
4960 7.88669
4970 7.86948
4980 7.84537
4990 7.8144
5000 7.77663
5010 7.73212
5020 7.68094
5030 7.62315
5040 7.55884
5050 7.48808
5060 7.41097
5070 7.32759
5080 7.23804
5090 7.14242
5100 7.04084
5110 6.93341
5120 6.82024
5130 6.70146
5140 6.57718
5150 6.44754
5160 6.31267
5170 6.17269
5180 6.02775
5190 5.87799
5200 5.72356
5210 5.5646
5220 5.40126
5230 5.2337
5240 5.06208
5250 4.88655
5260 4.70728
5270 4.52442
5280 4.33815
5290 4.14863
5300 3.95603
5310 3.76052
5320 3.56228
5330 3.36148
5340 3.15828
5350 2.95288
5360 2.74544
5370 2.53615
5380 2.32517
5390 2.11269
5400 1.89888
5410 1.68394
5420 1.46802
5430 1.25131
5440 1.034
5450 0.816248
5460 0.598241
5470 0.380152
5480 0.162157
5490 -0.0555698
5500 -0.272856
5510 -0.489531
5520 -0.705423
5530 -0.920364
5540 -1.13419
5550 -1.34673
5560 -1.55782
5570 -1.76731
5580 -1.97503
5590 -2.18083
5600 -2.38455
5610 -2.58604
5620 -2.78515
5630 -2.98174
5640 -3.17565
5650 -3.36676
5660 -3.55491
5670 -3.73999
5680 -3.92184
5690 -4.10035
5700 -4.27538
5710 -4.44682
5720 -4.61455
5730 -4.77845
5740 -4.93841
5750 -5.09432
5760 -5.24608
5770 -5.39358
5780 -5.53673
5790 -5.67543
5800 -5.8096
5810 -5.93915
5820 -6.06399
5830 -6.18406
5840 -6.29927
5850 -6.40955
5860 -6.51485
5870 -6.61509
5880 -6.71022
5890 -6.80019
5900 -6.88495
5910 -6.96444
5920 -7.03864
5930 -7.10751
5940 -7.171
5950 -7.2291
5960 -7.28177
5970 -7.329
5980 -7.37077
5990 -7.40707
6000 -7.43789
6010 -7.46322
6020 -7.48307
6030 -7.49744
6040 -7.50634
6050 -7.50977
6060 -7.50776
6070 -7.50032
6080 -7.48748
6090 -7.46926
6100 -7.44569
6110 -7.41682
6120 -7.38267
6130 -7.34329
6140 -7.29872
6150 -7.24902
6160 -7.19423
6170 -7.13441
6180 -7.06962
6190 -6.99992
6200 -6.92538
6210 -6.84606
6220 -6.76203
6230 -6.67338
6240 -6.58018
6250 -6.4825
6260 -6.38043
6270 -6.27406
6280 -6.16347
6290 -6.04875
6300 -5.93
6310 -5.80732
6320 -5.68079
6330 -5.55053
6340 -5.41663
6350 -5.27919
6360 -5.13833
6370 -4.99415
6380 -4.84675
6390 -4.69626
6400 -4.54278
6410 -4.38643
6420 -4.22733
6430 -4.06559
6440 -3.90132
6450 -3.73466
6460 -3.56571
6470 -3.39461
6480 -3.22148
6490 -3.04643
6500 -2.86959
6510 -2.69109
6520 -2.51105
6530 -2.3296
6540 -2.14686
6550 -1.96297
6560 -1.77804
6570 -1.5922
6580 -1.40559
6590 -1.21832
6600 -1.03053
6610 -0.842332
6620 -0.653864
6630 -0.465247
6640 -0.276607
6650 -0.0880677
6660 0.100246
6670 0.288211
6680 0.475705
6690 0.662607
6700 0.848795
6710 1.03415
6720 1.21855
6730 1.40189
6740 1.58404
6750 1.76489
6760 1.94432
6770 2.12223
6780 2.2985
6790 2.47303
6800 2.6457
6810 2.81642
6820 2.98507
6830 3.15156
6840 3.31578
6850 3.47763
6860 3.63702
6870 3.79386
6880 3.94805
6890 4.0995
6900 4.24812
6910 4.39383
6920 4.53654
6930 4.67617
6940 4.81264
6950 4.94587
6960 5.0758
6970 5.20234
6980 5.32542
6990 5.44499
7000 5.56097
7010 5.67331
7020 5.78193
7030 5.88679
7040 5.98783
7050 6.085
7060 6.17825
7070 6.26753
7080 6.3528
7090 6.43402
7100 6.51114
7110 6.58413
7120 6.65297
7130 6.71761
7140 6.77803
7150 6.8342
7160 6.88611
7170 6.93372
7180 6.97704
7190 7.01603
7200 7.05069
7210 7.08101
7220 7.10698
7230 7.1286
7240 7.14587
7250 7.15879
7260 7.16737
7270 7.1716
7280 7.17151
7290 7.16709
7300 7.15838
7310 7.14537
7320 7.1281
7330 7.10659
7340 7.08085
7350 7.05092
7360 7.01683
7370 6.9786
7380 6.93627
7390 6.88989
7400 6.83947
7410 6.78508
7420 6.72674
7430 6.66451
7440 6.59843
7450 6.52855
7460 6.45492
7470 6.3776
7480 6.29664
7490 6.2121
7500 6.12403
7510 6.03251
7520 5.93758
7530 5.83932
7540 5.73779
7550 5.63306
7560 5.52519
7570 5.41427
7580 5.30036
7590 5.18353
7600 5.06386
7610 4.94143
7620 4.81631
7630 4.68858
7640 4.55833
7650 4.42564
7660 4.29058
7670 4.15324
7680 4.01371
7690 3.87207
7700 3.7284
7710 3.5828
7720 3.43535
7730 3.28614
7740 3.13526
7750 2.9828
7760 2.82885
7770 2.6735
7780 2.51684
7790 2.35896
7800 2.19996
7810 2.03993
7820 1.87895
7830 1.71713
7840 1.55456
7850 1.39132
7860 1.22751
7870 1.06322
7880 0.898557
7890 0.733598
7900 0.56844
7910 0.403176
7920 0.237898
7930 0.0726959
7940 -0.0923378
7950 -0.257113
7960 -0.421539
7970 -0.585527
7980 -0.748986
7990 -0.91183
8000 -1.07397
8010 -1.23532
8020 -1.39579
8030 -1.5553
8040 -1.71376
8050 -1.87109
8060 -2.0272
8070 -2.18202
8080 -2.33546
8090 -2.48745
8100 -2.6379
8110 -2.78674
8120 -2.93388
8130 -3.07926
8140 -3.22281
8150 -3.36444
8160 -3.50408
8170 -3.64168
8180 -3.77715
8190 -3.91043
8200 -4.04146
8210 -4.17016
8220 -4.29648
8230 -4.42036
8240 -4.54173
8250 -4.66054
8260 -4.77673
8270 -4.89024
8280 -5.00102
8290 -5.10903
8300 -5.2142
8310 -5.31648
8320 -5.41585
8330 -5.51223
8340 -5.60561
8350 -5.69592
8360 -5.78313
8370 -5.86721
8380 -5.94812
8390 -6.02581
8400 -6.10027
8410 -6.17145
8420 -6.23933
8430 -6.30388
8440 -6.36508
8450 -6.4229
8460 -6.47732
8470 -6.52832
8480 -6.57587
8490 -6.61998
8500 -6.66061
8510 -6.69776
8520 -6.73141
8530 -6.76157
8540 -6.78821
8550 -6.81134
8560 -6.83094
8570 -6.84703
8580 -6.85959
8590 -6.86864
8600 -6.87417
8610 -6.87618
8620 -6.8747
8630 -6.86972
8640 -6.86125
8650 -6.84932
8660 -6.83393
8670 -6.81509
8680 -6.79283
8690 -6.76717
8700 -6.73812
8710 -6.70571
8720 -6.66996
8730 -6.6309
8740 -6.58855
8750 -6.54295
8760 -6.49412
8770 -6.4421
8780 -6.38691
8790 -6.3286
8800 -6.2672
8810 -6.20275
8820 -6.13528
8830 -6.06484
8840 -5.99147
8850 -5.91521
8860 -5.83611
8870 -5.75421
8880 -5.66955
8890 -5.5822
8900 -5.49218
8910 -5.39957
8920 -5.3044
8930 -5.20673
8940 -5.10661
8950 -5.0041
8960 -4.89926
8970 -4.79213
8980 -4.68278
8990 -4.57127
9000 -4.45765
9010 -4.34199
9020 -4.22434
9030 -4.10477
9040 -3.98334
9050 -3.86011
9060 -3.73515
9070 -3.60852
9080 -3.48028
9090 -3.3505
9100 -3.21925
9110 -3.0866
9120 -2.9526
9130 -2.81733
9140 -2.68086
9150 -2.54325
9160 -2.40457
9170 -2.2649
9180 -2.12429
9190 -1.98282
9200 -1.84056
9210 -1.69757
9220 -1.55393
9230 -1.40971
9240 -1.26498
9250 -1.1198
9260 -0.974252
9270 -0.828397
9280 -0.682307
9290 -0.536052
9300 -0.389701
9310 -0.243324
9320 -0.0969898
9330 0.0492334
9340 0.195277
9350 0.341072
9360 0.486552
9370 0.631648
9380 0.776294
9390 0.920423
9400 1.06397
9410 1.20687
9420 1.34905
9430 1.49045
9440 1.63102
9450 1.77067
9460 1.90936
9470 2.04701
9480 2.18357
9490 2.31898
9500 2.45317
9510 2.5861
9520 2.71768
9530 2.84788
9540 2.97664
9550 3.10389
9560 3.22958
9570 3.35366
9580 3.47607
9590 3.59676
9600 3.71569
9610 3.83279
9620 3.94802
9630 4.06134
9640 4.17269
9650 4.28202
9660 4.3893
9670 4.49447
9680 4.5975
9690 4.69833
9700 4.79694
9710 4.89328
9720 4.98731
9730 5.07899
9740 5.16829
9750 5.25518
9760 5.33961
9770 5.42155
9780 5.50098
9790 5.57786
9800 5.65217
9810 5.72387
9820 5.79294
9830 5.85935
9840 5.92308
9850 5.98411
9860 6.04241
9870 6.09797
9880 6.15076
9890 6.20077
9900 6.24798
9910 6.29238
9920 6.33394
9930 6.37267
9940 6.40854
9950 6.44155
9960 6.47169
9970 6.49895
9980 6.52332
9990 6.54481
10000 6.5634
10010 6.57909
10020 6.59189
10030 6.60179
10040 6.60879
10050 6.6129
10060 6.61413
10070 6.61246
10080 6.60792
10090 6.60052
10100 6.59025
10110 6.57713
10120 6.56117
10130 6.54238
10140 6.52078
10150 6.49639
10160 6.46921
10170 6.43926
10180 6.40657
10190 6.37115
10200 6.33303
10210 6.29222
10220 6.24875
10230 6.20264
10240 6.15392
10250 6.10261
10260 6.04874
10270 5.99234
10280 5.93343
10290 5.87205
10300 5.80823
10310 5.742
10320 5.67339
10330 5.60244
10340 5.52917
10350 5.45364
10360 5.37586
10370 5.29589
10380 5.21375
10390 5.1295
10400 5.04315
10410 4.95477
10420 4.86438
10430 4.77203
10440 4.67777
10450 4.58163
10460 4.48366
10470 4.38391
10480 4.28241
10490 4.17922
10500 4.07438
10510 3.96794
10520 3.85995
10530 3.75045
10540 3.63949
10550 3.52712
10560 3.4134
10570 3.29836
10580 3.18207
10590 3.06456
10600 2.9459
10610 2.82613
10620 2.70531
10630 2.58348
10640 2.4607
10650 2.33703
10660 2.21251
10670 2.08719
10680 1.96114
10690 1.83439
10700 1.70702
10710 1.57906
10720 1.45057
10730 1.32162
10740 1.19224
10750 1.0625
10760 0.932439
10770 0.802123
10780 0.671602
10790 0.540928
10800 0.410156
10810 0.279338
10820 0.148528
10830 0.0177788
10840 -0.112857
10850 -0.243327
10860 -0.373578
10870 -0.503559
10880 -0.633217
10890 -0.7625
10900 -0.891358
10910 -1.01974
10920 -1.14759
10930 -1.27487
10940 -1.40152
10950 -1.52749
10960 -1.65273
10970 -1.7772
10980 -1.90085
10990 -2.02362
11000 -2.14547
11010 -2.26636
11020 -2.38624
11030 -2.50506
11040 -2.62277
11050 -2.73934
11060 -2.85471
11070 -2.96885
11080 -3.08171
11090 -3.19325
11100 -3.30342
11110 -3.41219
11120 -3.51952
11130 -3.62536
11140 -3.72968
11150 -3.83244
11160 -3.9336
11170 -4.03312
11180 -4.13097
11190 -4.22711
11200 -4.32151
11210 -4.41414
11220 -4.50495
11230 -4.59393
11240 -4.68103
11250 -4.76623
11260 -4.84949
11270 -4.93079
11280 -5.01011
11290 -5.0874
11300 -5.16265
11310 -5.23583
11320 -5.30691
11330 -5.37588
11340 -5.44271
11350 -5.50737
11360 -5.56985
11370 -5.63012
11380 -5.68817
11390 -5.74398
11400 -5.79753
11410 -5.8488
11420 -5.89777
11430 -5.94445
11440 -5.98879
11450 -6.03081
11460 -6.07048
11470 -6.10779
11480 -6.14274
11490 -6.1753
11500 -6.20549
11510 -6.23328
11520 -6.25867
11530 -6.28166
11540 -6.30224
11550 -6.32041
11560 -6.33616
11570 -6.34949
11580 -6.36041
11590 -6.36891
11600 -6.375
11610 -6.37866
11620 -6.37992
11630 -6.37877
11640 -6.37521
11650 -6.36926
11660 -6.36091
11670 -6.35018
11680 -6.33707
11690 -6.3216
11700 -6.30376
11710 -6.28358
11720 -6.26107
11730 -6.23623
11740 -6.20908
11750 -6.17963
11760 -6.14791
11770 -6.11392
11780 -6.07768
11790 -6.0392
11800 -5.99852
11810 -5.95564
11820 -5.91059
11830 -5.86338
11840 -5.81404
11850 -5.76258
11860 -5.70904
11870 -5.65343
11880 -5.59579
11890 -5.53612
11900 -5.47446
11910 -5.41084
11920 -5.34528
11930 -5.27781
11940 -5.20845
11950 -5.13724
11960 -5.06421
11970 -4.98938
11980 -4.91278
11990 -4.83445
12000 -4.75442
12010 -4.67271
12020 -4.58937
12030 -4.50443
12040 -4.41791
12050 -4.32985
12060 -4.2403
12070 -4.14927
12080 -4.05682
12090 -3.96296
12100 -3.86775
12110 -3.77122
12120 -3.6734
12130 -3.57433
12140 -3.47405
12150 -3.3726
12160 -3.27001
12170 -3.16633
12180 -3.0616
12190 -2.95585
12200 -2.84912
12210 -2.74145
12220 -2.63289
12230 -2.52348
12240 -2.41324
12250 -2.30224
12260 -2.1905
12270 -2.07806
12280 -1.96498
12290 -1.85129
12300 -1.73703
12310 -1.62224
12320 -1.50697
12330 -1.39125
12340 -1.27514
12350 -1.15866
12360 -1.04187
12370 -0.924803
12380 -0.807503
12390 -0.690011
12400 -0.57237
12410 -0.454622
12420 -0.336808
12430 -0.218969
12440 -0.101148
12450 0.0166133
12460 0.134275
12470 0.251794
12480 0.369131
12490 0.486245
12500 0.603094
12510 0.719638
12520 0.835836
12530 0.951649
12540 1.06704
12550 1.18196
12560 1.29638
12570 1.41025
12580 1.52354
12590 1.63621
12600 1.74823
12610 1.85954
12620 1.97012
12630 2.07993
12640 2.18893
12650 2.29708
12660 2.40435
12670 2.5107
12680 2.6161
12690 2.72052
12700 2.82391
12710 2.92624
12720 3.02749
12730 3.12761
12740 3.22658
12750 3.32435
12760 3.42091
12770 3.51622
12780 3.61024
12790 3.70295
12800 3.79432
12810 3.88432
12820 3.97292
12830 4.06009
12840 4.14581
12850 4.23004
12860 4.31277
12870 4.39396
12880 4.47359
12890 4.55163
12900 4.62807
12910 4.70287
12920 4.77602
12930 4.84749
12940 4.91726
12950 4.98531
12960 5.05162
12970 5.11617
12980 5.17895
12990 5.23992
13000 5.29908
13010 5.3564
13020 5.41188
13030 5.46549
13040 5.51722
13050 5.56705
13060 5.61498
13070 5.66098
13080 5.70506
13090 5.74718
13100 5.78735
13110 5.82555
13120 5.86177
13130 5.896
13140 5.92824
13150 5.95848
13160 5.98671
13170 6.01292
13180 6.03711
13190 6.05927
13200 6.0794
13210 6.0975
13220 6.11355
13230 6.12757
13240 6.13955
13250 6.14949
13260 6.15738
13270 6.16323
13280 6.16704
13290 6.16881
13300 6.16854
13310 6.16624
13320 6.16191
13330 6.15556
13340 6.14719
13350 6.1368
13360 6.1244
13370 6.11
13380 6.09361
13390 6.07524
13400 6.05488
13410 6.03257
13420 6.00829
13430 5.98208
13440 5.95392
13450 5.92385
13460 5.89187
13470 5.85799
13480 5.82223
13490 5.7846
13500 5.74512
13510 5.70381
13520 5.66067
13530 5.61573
13540 5.569
13550 5.5205
13560 5.47026
13570 5.41828
13580 5.36459
13590 5.3092
13600 5.25214
13610 5.19344
13620 5.1331
13630 5.07115
13640 5.00762
13650 4.94252
13660 4.87589
13670 4.80773
13680 4.73809
13690 4.66698
13700 4.59442
13710 4.52045
13720 4.44508
13730 4.36835
13740 4.29028
13750 4.2109
13760 4.13023
13770 4.04831
13780 3.96515
13790 3.8808
13800 3.79527
13810 3.7086
13820 3.62081
13830 3.53194
13840 3.44201
13850 3.35105
13860 3.2591
13870 3.16619
13880 3.07234
13890 2.97759
13900 2.88197
13910 2.7855
13920 2.68823
13930 2.59018
13940 2.49139
13950 2.39188
13960 2.29169
13970 2.19086
13980 2.08941
13990 1.98737
14000 1.88479
14010 1.78169
14020 1.6781
14030 1.57407
14040 1.46961
14050 1.36477
14060 1.25958
14070 1.15408
14080 1.04828
14090 0.94224
14100 0.835978
14110 0.729532
14120 0.622934
14130 0.516218
14140 0.409417
14150 0.302565
14160 0.195695
14170 0.0888393
14180 -0.0179683
14190 -0.124695
14200 -0.231308
14210 -0.337775
14220 -0.444062
14230 -0.550138
14240 -0.655969
14250 -0.761525
14260 -0.866772
14270 -0.971679
14280 -1.07621
14290 -1.18034
14300 -1.28404
14310 -1.38727
14320 -1.49
14330 -1.59221
14340 -1.69385
14350 -1.79491
14360 -1.89535
14370 -1.99514
14380 -2.09425
14390 -2.19265
14400 -2.29032
14410 -2.38722
14420 -2.48333
14430 -2.57862
14440 -2.67306
14450 -2.76662
14460 -2.85927
14470 -2.951
14480 -3.04176
14490 -3.13155
14500 -3.22032
14510 -3.30806
14520 -3.39474
14530 -3.48033
14540 -3.56482
14550 -3.64817
14560 -3.73036
14570 -3.81138
14580 -3.89119
14590 -3.96977
14600 -4.04711
14610 -4.12319
14620 -4.19797
14630 -4.27144
14640 -4.34358
14650 -4.41437
14660 -4.48379
14670 -4.55183
14680 -4.61845
14690 -4.68365
14700 -4.74741
14710 -4.80971
14720 -4.87053
14730 -4.92986
14740 -4.98769
14750 -5.04399
14760 -5.09875
14770 -5.15196
14780 -5.2036
14790 -5.25367
14800 -5.30214
14810 -5.34901
14820 -5.39427
14830 -5.4379
14840 -5.47989
14850 -5.52023
14860 -5.55892
14870 -5.59594
14880 -5.63129
14890 -5.66495
14900 -5.69692
14910 -5.72719
14920 -5.75576
14930 -5.78262
14940 -5.80776
14950 -5.83118
14960 -5.85287
14970 -5.87284
14980 -5.89107
14990 -5.90756
15000 -5.92232
15010 -5.93533
15020 -5.9466
15030 -5.95613
15040 -5.96391
15050 -5.96995
15060 -5.97424
15070 -5.9768
15080 -5.97761
15090 -5.97668
15100 -5.97402
15110 -5.96963
15120 -5.9635
15130 -5.95565
15140 -5.94608
15150 -5.93479
15160 -5.92179
15170 -5.90709
15180 -5.89069
15190 -5.8726
15200 -5.85283
15210 -5.83138
15220 -5.80826
15230 -5.78349
15240 -5.75706
15250 -5.729
15260 -5.69931
15270 -5.668
15280 -5.63508
15290 -5.60057
15300 -5.56447
15310 -5.5268
15320 -5.48758
15330 -5.4468
15340 -5.4045
15350 -5.36068
15360 -5.31536
15370 -5.26855
15380 -5.22026
15390 -5.17052
15400 -5.11934
15410 -5.06674
15420 -5.01272
15430 -4.95732
15440 -4.90054
15450 -4.84241
15460 -4.78294
15470 -4.72215
15480 -4.66007
15490 -4.5967
15500 -4.53207
15510 -4.46621
15520 -4.39912
15530 -4.33083
15540 -4.26137
15550 -4.19074
15560 -4.11898
15570 -4.04611
15580 -3.97214
15590 -3.8971
15600 -3.82102
15610 -3.7439
15620 -3.66579
15630 -3.5867
15640 -3.50665
15650 -3.42567
15660 -3.34378
15670 -3.26101
15680 -3.17737
15690 -3.09291
15700 -3.00763
15710 -2.92156
15720 -2.83474
15730 -2.74718
15740 -2.65891
15750 -2.56995
15760 -2.48034
15770 -2.39009
15780 -2.29923
15790 -2.2078
15800 -2.11581
15810 -2.02328
15820 -1.93026
15830 -1.83676
15840 -1.74281
15850 -1.64844
15860 -1.55367
15870 -1.45853
15880 -1.36305
15890 -1.26725
15900 -1.17116
15910 -1.07481
15920 -0.978226
15930 -0.881431
15940 -0.784454
15950 -0.687323
15960 -0.590063
15970 -0.492702
15980 -0.395266
15990 -0.297783
16000 -0.20028
16010 -0.102782
16020 -0.00531698
16030 0.0920886
16040 0.189408
16050 0.286615
16060 0.383684
16070 0.480587
16080 0.577299
16090 0.673793
16100 0.770043
16110 0.866024
16120 0.96171
16130 1.05707
16140 1.15209
16150 1.24674
16160 1.34099
16170 1.43482
16180 1.5282
16190 1.6211
16200 1.71352
16210 1.80541
16220 1.89675
16230 1.98753
16240 2.07771
16250 2.16728
16260 2.25621
16270 2.34447
16280 2.43205
16290 2.51892
16300 2.60506
16310 2.69044
16320 2.77505
16330 2.85886
16340 2.94185
16350 3.024
16360 3.10529
16370 3.1857
16380 3.26521
16390 3.34379
16400 3.42143
16410 3.49811
16420 3.57381
16430 3.6485
16440 3.72218
16450 3.79482
16460 3.86641
16470 3.93692
16480 4.00633
16490 4.07465
16500 4.14183
16510 4.20788
16520 4.27276
16530 4.33648
16540 4.399
16550 4.46032
16560 4.52042
16570 4.57929
16580 4.63691
16590 4.69327
16600 4.74836
16610 4.80216
16620 4.85465
16630 4.90584
16640 4.9557
16650 5.00423
16660 5.0514
16670 5.09722
16680 5.14167
16690 5.18475
16700 5.22643
16710 5.26672
16720 5.3056
16730 5.34307
16740 5.37911
16750 5.41372
16760 5.4469
16770 5.47863
16780 5.50891
16790 5.53773
16800 5.56509
16810 5.59098
16820 5.61539
16830 5.63833
16840 5.65978
16850 5.67975
16860 5.69822
16870 5.71521
16880 5.7307
16890 5.74469
16900 5.75718
16910 5.76817
16920 5.77765
16930 5.78564
16940 5.79212
16950 5.7971
16960 5.80057
16970 5.80254
16980 5.80301
16990 5.80199
17000 5.79946
17010 5.79545
17020 5.78994
17030 5.78294
17040 5.77445
17050 5.76449
17060 5.75305
17070 5.74014
17080 5.72576
17090 5.70991
17100 5.69262
17110 5.67387
17120 5.65368
17130 5.63205
17140 5.60899
17150 5.58452
17160 5.55862
17170 5.53133
17180 5.50263
17190 5.47255
17200 5.44109
17210 5.40826
17220 5.37407
17230 5.33854
17240 5.30166
17250 5.26346
17260 5.22394
17270 5.18312
17280 5.141
17290 5.09761
17300 5.05294
17310 5.00703
17320 4.95987
17330 4.91148
17340 4.86187
17350 4.81107
17360 4.75908
17370 4.70592
17380 4.6516
17390 4.59613
17400 4.53954
17410 4.48184
17420 4.42304
17430 4.36316
17440 4.30222
17450 4.24024
17460 4.17722
17470 4.11319
17480 4.04816
17490 3.98216
17500 3.91519
17510 3.84728
17520 3.77845
17530 3.70871
17540 3.63808
17550 3.56658
17560 3.49424
17570 3.42106
17580 3.34707
17590 3.27228
17600 3.19673
17610 3.12042
17620 3.04337
17630 2.96561
17640 2.88716
17650 2.80804
17660 2.72826
17670 2.64785
17680 2.56683
17690 2.48521
17700 2.40303
17710 2.3203
17720 2.23704
17730 2.15327
17740 2.06902
17750 1.98431
17760 1.89915
17770 1.81357
17780 1.72759
17790 1.64123
17800 1.55452
17810 1.46748
17820 1.38012
17830 1.29247
17840 1.20455
17850 1.11638
17860 1.02799
17870 0.939402
17880 0.850628
17890 0.761695
17900 0.672625
17910 0.58344
17920 0.494162
17930 0.404813
17940 0.315415
17950 0.22599
17960 0.136559
17970 0.047144
17980 -0.0422322
17990 -0.131549
18000 -0.220783
18010 -0.309914
18020 -0.398921
18030 -0.48778
18040 -0.576472
18050 -0.664975
18060 -0.753267
18070 -0.841327
18080 -0.929135
18090 -1.01667
18100 -1.10391
18110 -1.19083
18120 -1.27742
18130 -1.36365
18140 -1.4495
18150 -1.53495
18160 -1.61999
18170 -1.70459
18180 -1.78873
18190 -1.87239
18200 -1.95556
18210 -2.03821
18220 -2.12032
18230 -2.20188
18240 -2.28286
18250 -2.36325
18260 -2.44303
18270 -2.52217
18280 -2.60067
18290 -2.6785
18300 -2.75565
18310 -2.8321
18320 -2.90782
18330 -2.98281
18340 -3.05704
18350 -3.1305
18360 -3.20317
18370 -3.27504
18380 -3.34609
18390 -3.4163
18400 -3.48566
18410 -3.55415
18420 -3.62175
18430 -3.68846
18440 -3.75425
18450 -3.81911
18460 -3.88304
18470 -3.946
18480 -4.00799
18490 -4.069
18500 -4.12901
18510 -4.18801
18520 -4.24599
18530 -4.30293
18540 -4.35882
18550 -4.41364
18560 -4.4674
18570 -4.52007
18580 -4.57164
18590 -4.62211
18600 -4.67146
18610 -4.71969
18620 -4.76677
18630 -4.81271
18640 -4.85749
18650 -4.9011
18660 -4.94354
18670 -4.98479
18680 -5.02485
18690 -5.06371
18700 -5.10136
18710 -5.13779
18720 -5.173
18730 -5.20698
18740 -5.23972
18750 -5.27122
18760 -5.30147
18770 -5.33046
18780 -5.35819
18790 -5.38466
18800 -5.40985
18810 -5.43377
18820 -5.45641
18830 -5.47777
18840 -5.49784
18850 -5.51662
18860 -5.5341
18870 -5.55029
18880 -5.56519
18890 -5.57878
18900 -5.59107
18910 -5.60205
18920 -5.61173
18930 -5.6201
18940 -5.62717
18950 -5.63293
18960 -5.63739
18970 -5.64054
18980 -5.64238
18990 -5.64292
19000 -5.64215
19010 -5.64009
19020 -5.63672
19030 -5.63205
19040 -5.62609
19050 -5.61884
19060 -5.6103
19070 -5.60047
19080 -5.58936
19090 -5.57697
19100 -5.5633
19110 -5.54836
19120 -5.53216
19130 -5.5147
19140 -5.49599
19150 -5.47602
19160 -5.45481
19170 -5.43236
19180 -5.40869
19190 -5.38378
19200 -5.35766
19210 -5.33033
19220 -5.3018
19230 -5.27208
19240 -5.24116
19250 -5.20907
19260 -5.17581
19270 -5.14138
19280 -5.10581
19290 -5.06909
19300 -5.03124
19310 -4.99226
19320 -4.95217
19330 -4.91098
19340 -4.86869
19350 -4.82533
19360 -4.78089
19370 -4.73539
19380 -4.68884
19390 -4.64126
19400 -4.59265
19410 -4.54302
19420 -4.4924
19430 -4.44079
19440 -4.3882
19450 -4.33465
19460 -4.28015
19470 -4.22471
19480 -4.16835
19490 -4.11108
19500 -4.05292
19510 -3.99387
19520 -3.93396
19530 -3.87319
19540 -3.81159
19550 -3.74916
19560 -3.68592
19570 -3.62188
19580 -3.55707
19590 -3.4915
19600 -3.42517
19610 -3.35812
19620 -3.29034
19630 -3.22187
19640 -3.15271
19650 -3.08288
19660 -3.0124
19670 -2.94129
19680 -2.86955
19690 -2.79721
19700 -2.72429
19710 -2.6508
19720 -2.57675
19730 -2.50217
19740 -2.42707
19750 -2.35146
19760 -2.27538
19770 -2.19883
19780 -2.12182
19790 -2.04439
19800 -1.96655
19810 -1.8883
19820 -1.80968
19830 -1.7307
19840 -1.65137
19850 -1.57172
19860 -1.49177
19870 -1.41152
19880 -1.331
19890 -1.25023
19900 -1.16923
19910 -1.088
19920 -1.00658
19930 -0.92498
19940 -0.843215
19950 -0.761305
19960 -0.67927
19970 -0.597126
19980 -0.514892
19990 -0.432586
20000 -0.350227
20010 -0.267832
