10 -41.6143
20 -31.252
30 -19.5511
40 -8.74306
50 0.515455
60 8.0495
70 13.8812
80 18.1235
90 20.9315
100 22.4774
110 22.937
120 22.4818
130 21.274
140 19.4645
150 17.191
160 14.5776
170 11.735
180 8.76078
190 5.73957
200 2.74419
210 -0.163798
220 -2.93319
230 -5.52231
240 -7.89818
250 -10.0357
260 -11.9167
270 -13.5295
280 -14.8678
290 -15.9304
300 -16.72
310 -17.2433
320 -17.5099
330 -17.5319
340 -17.3237
350 -16.9013
360 -16.2819
370 -15.4839
380 -14.526
390 -13.4275
400 -12.2076
410 -10.8857
420 -9.4806
430 -8.01068
440 -6.49378
450 -4.94695
460 -3.38643
470 -1.82752
480 -0.284553
490 1.22917
500 2.70143
510 4.12106
520 5.47803
530 6.76338
540 7.96925
550 9.08886
560 10.1165
570 11.0473
580 11.8777
590 12.6049
600 13.2269
610 13.7427
620 14.1521
630 14.4556
640 14.6545
650 14.7507
660 14.7466
670 14.6453
680 14.4503
690 14.1656
700 13.7956
710 13.3451
720 12.8189
730 12.2225
740 11.5612
750 10.8408
760 10.0669
770 9.24534
780 8.3821
790 7.48302
800 6.55396
810 5.60072
820 4.62904
830 3.64452
840 2.65265
850 1.65875
860 0.667963
870 -0.314759
880 -1.28467
890 -2.23726
900 -3.16823
910 -4.07357
920 -4.94948
930 -5.79245
940 -6.59923
950 -7.36684
960 -8.09257
970 -8.774
980 -9.40897
990 -9.99559
1000 -10.5322
1010 -11.0176
1020 -11.4505
1030 -11.8303
1040 -12.1562
1050 -12.428
1060 -12.6455
1070 -12.8089
1080 -12.9185
1090 -12.9749
1100 -12.9787
1110 -12.9311
1120 -12.833
1130 -12.6857
1140 -12.4907
1150 -12.2495
1160 -11.9639
1170 -11.6357
1180 -11.2669
1190 -10.8594
1200 -10.4156
1210 -9.93745
1220 -9.42739
1230 -8.88774
1240 -8.32089
1250 -7.72928
1260 -7.11537
1270 -6.48164
1280 -5.83058
1290 -5.16468
1300 -4.48643
1310 -3.7983
1320 -3.10273
1330 -2.40213
1340 -1.6989
1350 -0.995347
1360 -0.293768
1370 0.403616
1380 1.09464
1390 1.77721
1400 2.44929
1410 3.10895
1420 3.75431
1430 4.38358
1440 4.99506
1450 5.58716
1460 6.15833
1470 6.70717
1480 7.23235
1490 7.73262
1500 8.20686
1510 8.65402
1520 9.07318
1530 9.4635
1540 9.82422
1550 10.1547
1560 10.4544
1570 10.723
1580 10.9599
1590 11.165
1600 11.3381
1610 11.4792
1620 11.5882
1630 11.6653
1640 11.7105
1650 11.7243
1660 11.707
1670 11.6588
1680 11.5805
1690 11.4724
1700 11.3354
1710 11.1699
1720 10.9769
1730 10.757
1740 10.5112
1750 10.2404
1760 9.94559
1770 9.6277
1780 9.28781
1790 8.927
1800 8.54638
1810 8.1471
1820 7.73033
1830 7.29727
1840 6.84912
1850 6.38712
1860 5.9125
1870 5.42652
1880 4.93044
1890 4.42552
1900 3.91302
1910 3.3942
1920 2.87031
1930 2.3426
1940 1.81231
1950 1.28066
1960 0.74886
1970 0.21809
1980 -0.310477
1990 -0.835695
2000 -1.35644
2010 -1.87163
2020 -2.38018
2030 -2.88106
2040 -3.37327
2050 -3.85584
2060 -4.32784
2070 -4.78835
2080 -5.23652
2090 -5.67153
2100 -6.09258
2110 -6.49894
2120 -6.88989
2130 -7.26479
2140 -7.623
2150 -7.96395
2160 -8.28712
2170 -8.59199
2180 -8.87814
2190 -9.14516
2200 -9.39268
2210 -9.6204
2220 -9.82803
2230 -10.0154
2240 -10.1822
2250 -10.3284
2260 -10.4538
2270 -10.5585
2280 -10.6423
2290 -10.7054
2300 -10.7477
2310 -10.7693
2320 -10.7705
2330 -10.7514
2340 -10.7121
2350 -10.6529
2360 -10.5742
2370 -10.4762
2380 -10.3592
2390 -10.2237
2400 -10.0701
2410 -9.89866
2420 -9.70999
2430 -9.50454
2440 -9.28281
2450 -9.04533
2460 -8.79265
2470 -8.52535
2480 -8.24403
2490 -7.94928
2500 -7.64174
2510 -7.32205
2520 -6.99086
2530 -6.64883
2540 -6.29665
2550 -5.93499
2560 -5.56457
2570 -5.18607
2580 -4.80021
2590 -4.4077
2600 -4.00924
2610 -3.60557
2620 -3.19739
2630 -2.78543
2640 -2.37039
2650 -1.95298
2660 -1.53393
2670 -1.11392
2680 -0.693654
2690 -0.273821
2700 0.1449
2710 0.561838
2720 0.976333
2730 1.38773
2740 1.79541
2750 2.19872
2760 2.59708
2770 2.98987
2780 3.37652
2790 3.75646
2800 4.12915
2810 4.49406
2820 4.85066
2830 5.19847
2840 5.53701
2850 5.86583
2860 6.18447
2870 6.49254
2880 6.78963
2890 7.07537
2900 7.3494
2910 7.61139
2920 7.86102
2930 8.09802
2940 8.3221
2950 8.53303
2960 8.73058
2970 8.91454
2980 9.08474
2990 9.24103
3000 9.38325
3010 9.51131
3020 9.6251
3030 9.72456
3040 9.80964
3050 9.8803
3060 9.93655
3070 9.97839
3080 10.0059
3090 10.019
3100 10.0179
3110 10.0027
3120 9.97343
3130 9.93026
3140 9.87333
3150 9.8028
3160 9.71887
3170 9.62174
3180 9.51162
3190 9.38875
3200 9.25337
3210 9.10574
3220 8.94616
3230 8.7749
3240 8.59227
3250 8.39859
3260 8.19419
3270 7.9794
3280 7.75458
3290 7.52009
3300 7.2763
3310 7.0236
3320 6.76236
3330 6.49298
3340 6.21588
3350 5.93145
3360 5.64011
3370 5.34228
3380 5.0384
3390 4.72888
3400 4.41417
3410 4.09469
3420 3.77089
3430 3.44321
3440 3.11208
3450 2.77795
3460 2.44126
3470 2.10246
3480 1.76197
3490 1.42024
3500 1.07771
3510 0.734806
3520 0.391961
3530 0.049601
3540 -0.291852
3550 -0.631981
3560 -0.970373
3570 -1.30662
3580 -1.64033
3590 -1.9711
3600 -2.29854
3610 -2.62227
3620 -2.94193
3630 -3.25715
3640 -3.56757
3650 -3.87285
3660 -4.17264
3670 -4.46662
3680 -4.75447
3690 -5.03588
3700 -5.31055
3710 -5.57819
3720 -5.83852
3730 -6.09128
3740 -6.3362
3750 -6.57306
3760 -6.8016
3770 -7.02161
3780 -7.23288
3790 -7.43521
3800 -7.62841
3810 -7.81231
3820 -7.98675
3830 -8.15157
3840 -8.30664
3850 -8.45182
3860 -8.58702
3870 -8.71212
3880 -8.82703
3890 -8.93168
3900 -9.026
3910 -9.10995
3920 -9.18347
3930 -9.24654
3940 -9.29914
3950 -9.34127
3960 -9.37293
3970 -9.39415
3980 -9.40494
3990 -9.40536
4000 -9.39544
4010 -9.37526
4020 -9.34489
4030 -9.30441
4040 -9.25392
4050 -9.19351
4060 -9.12331
4070 -9.04344
4080 -8.95402
4090 -8.85521
4100 -8.74716
4110 -8.63003
4120 -8.50397
4130 -8.36919
4140 -8.22584
4150 -8.07414
4160 -7.91429
4170 -7.74648
4180 -7.57093
4190 -7.38786
4200 -7.19751
4210 -7.00011
4220 -6.79588
4230 -6.58509
4240 -6.36797
4250 -6.14478
4260 -5.91578
4270 -5.68123
4280 -5.44141
4290 -5.19657
4300 -4.947
4310 -4.69296
4320 -4.43475
4330 -4.17263
4340 -3.90689
4350 -3.63782
4360 -3.36571
4370 -3.09084
4380 -2.81349
4390 -2.53397
4400 -2.25255
4410 -1.96953
4420 -1.68519
4430 -1.39982
4440 -1.11371
4450 -0.827151
4460 -0.540416
4470 -0.253793
4480 0.0324381
4490 0.317999
4500 0.602615
4510 0.886012
4520 1.16792
4530 1.44807
4540 1.72621
4550 2.00207
4560 2.27539
4570 2.54593
4580 2.81344
4590 3.07767
4600 3.33838
4610 3.59536
4620 3.84835
4630 4.09715
4640 4.34154
4650 4.5813
4660 4.81623
4670 5.04613
4680 5.2708
4690 5.49005
4700 5.70371
4710 5.9116
4720 6.11354
4730 6.30939
4740 6.49897
4750 6.68215
4760 6.85878
4770 7.02872
4780 7.19185
4790 7.34805
4800 7.4972
4810 7.63919
4820 7.77393
4830 7.90132
4840 8.02128
4850 8.13374
4860 8.23861
4870 8.33584
4880 8.42536
4890 8.50714
4900 8.58113
4910 8.64729
4920 8.7056
4930 8.75604
4940 8.7986
4950 8.83326
4960 8.86003
4970 8.87893
4980 8.88995
4990 8.89313
5000 8.8885
5010 8.87608
5020 8.85592
5030 8.82808
5040 8.7926
5050 8.74954
5060 8.69898
5070 8.64098
5080 8.57563
5090 8.50301
5100 8.42321
5110 8.33633
5120 8.24247
5130 8.14174
5140 8.03425
5150 7.92012
5160 7.79947
5170 7.67243
5180 7.53914
5190 7.39972
5200 7.25432
5210 7.10309
5220 6.94617
5230 6.78372
5240 6.6159
5250 6.44287
5260 6.26479
5270 6.08182
5280 5.89415
5290 5.70194
5300 5.50536
5310 5.30461
5320 5.09985
5330 4.89128
5340 4.67908
5350 4.46344
5360 4.24454
5370 4.02258
5380 3.79775
5390 3.57024
5400 3.34026
5410 3.10798
5420 2.87362
5430 2.63737
5440 2.39942
5450 2.15998
5460 1.91924
5470 1.6774
5480 1.43466
5490 1.19121
5500 0.947252
5510 0.702985
5520 0.458602
5530 0.214297
5540 -0.0297369
5550 -0.273307
5560 -0.516222
5570 -0.758295
5580 -0.999336
5590 -1.23916
5600 -1.47759
5610 -1.71443
5620 -1.94951
5630 -2.18265
5640 -2.41369
5650 -2.64243
5660 -2.86872
5670 -3.09239
5680 -3.31328
5690 -3.53122
5700 -3.74606
5710 -3.95764
5720 -4.16582
5730 -4.37044
5740 -4.57136
5750 -4.76844
5760 -4.96154
5770 -5.15053
5780 -5.33528
5790 -5.51567
5800 -5.69157
5810 -5.86287
5820 -6.02945
5830 -6.19121
5840 -6.34803
5850 -6.49982
5860 -6.64648
5870 -6.78792
5880 -6.92405
5890 -7.05479
5900 -7.18006
5910 -7.29978
5920 -7.41389
5930 -7.52231
5940 -7.625
5950 -7.72188
5960 -7.81291
5970 -7.89805
5980 -7.97724
5990 -8.05046
6000 -8.11766
6010 -8.17882
6020 -8.23392
6030 -8.28293
6040 -8.32583
6050 -8.36263
6060 -8.39331
6070 -8.41786
6080 -8.4363
6090 -8.44862
6100 -8.45485
6110 -8.45498
6120 -8.44906
6130 -8.43709
6140 -8.41911
6150 -8.39515
6160 -8.36524
6170 -8.32943
6180 -8.28777
6190 -8.24029
6200 -8.18705
6210 -8.12811
6220 -8.06354
6230 -7.99338
6240 -7.91771
6250 -7.8366
6260 -7.75012
6270 -7.65836
6280 -7.56139
6290 -7.45929
6300 -7.35216
6310 -7.24009
6320 -7.12316
6330 -7.00148
6340 -6.87515
6350 -6.74425
6360 -6.60891
6370 -6.46923
6380 -6.32532
6390 -6.17728
6400 -6.02524
6410 -5.86931
6420 -5.70961
6430 -5.54626
6440 -5.37939
6450 -5.20911
6460 -5.03555
6470 -4.85885
6480 -4.67913
6490 -4.49652
6500 -4.31116
6510 -4.12317
6520 -3.93269
6530 -3.73987
6540 -3.54483
6550 -3.34771
6560 -3.14865
6570 -2.94779
6580 -2.74527
6590 -2.54123
6600 -2.3358
6610 -2.12914
6620 -1.92138
6630 -1.71266
6640 -1.50312
6650 -1.2929
6660 -1.08215
6670 -0.871005
6680 -0.659601
6690 -0.44808
6700 -0.236582
6710 -0.0252449
6720 0.185794
6730 0.396398
6740 0.606432
6750 0.815759
6760 1.02425
6770 1.23176
6780 1.43817
6790 1.64335
6800 1.84717
6810 2.04949
6820 2.2502
6830 2.44917
6840 2.64627
6850 2.8414
6860 3.03442
6870 3.22521
6880 3.41368
6890 3.59969
6900 3.78315
6910 3.96393
6920 4.14194
6930 4.31707
6940 4.48922
6950 4.65828
6960 4.82416
6970 4.98677
6980 5.14601
6990 5.30178
7000 5.45401
7010 5.60261
7020 5.74749
7030 5.88858
7040 6.02579
7050 6.15906
7060 6.28831
7070 6.41347
7080 6.53448
7090 6.65127
7100 6.76379
7110 6.87197
7120 6.97576
7130 7.07512
7140 7.16998
7150 7.26031
7160 7.34606
7170 7.4272
7180 7.50368
7190 7.57547
7200 7.64254
7210 7.70487
7220 7.76243
7230 7.8152
7240 7.86315
7250 7.90628
7260 7.94457
7270 7.97801
7280 8.00659
7290 8.03031
7300 8.04917
7310 8.06318
7320 8.07232
7330 8.07662
7340 8.07609
7350 8.07073
7360 8.06057
7370 8.04562
7380 8.0259
7390 8.00145
7400 7.97228
7410 7.93843
7420 7.89993
7430 7.85681
7440 7.80911
7450 7.75688
7460 7.70015
7470 7.63898
7480 7.5734
7490 7.50348
7500 7.42925
7510 7.35079
7520 7.26813
7530 7.18135
7540 7.0905
7550 6.99566
7560 6.89687
7570 6.79422
7580 6.68777
7590 6.57759
7600 6.46376
7610 6.34634
7620 6.22543
7630 6.1011
7640 5.97342
7650 5.84248
7660 5.70836
7670 5.57116
7680 5.43094
7690 5.28781
7700 5.14186
7710 4.99316
7720 4.84182
7730 4.68792
7740 4.53157
7750 4.37285
7760 4.21186
7770 4.0487
7780 3.88346
7790 3.71625
7800 3.54717
7810 3.3763
7820 3.20376
7830 3.02964
7840 2.85405
7850 2.67709
7860 2.49886
7870 2.31946
7880 2.139
7890 1.95757
7900 1.77529
7910 1.59225
7920 1.40857
7930 1.22433
7940 1.03965
7950 0.854629
7960 0.669369
7970 0.483972
7980 0.298542
7990 0.11318
8000 -0.0720123
8010 -0.256934
8020 -0.441484
8030 -0.625563
8040 -0.809071
8050 -0.99191
8060 -1.17398
8070 -1.35519
8080 -1.53544
8090 -1.71463
8100 -1.89267
8110 -2.06946
8120 -2.24492
8130 -2.41896
8140 -2.59147
8150 -2.76238
8160 -2.93159
8170 -3.09902
8180 -3.26458
8190 -3.42819
8200 -3.58976
8210 -3.74922
8220 -3.90648
8230 -4.06147
8240 -4.21411
8250 -4.36432
8260 -4.51202
8270 -4.65716
8280 -4.79965
8290 -4.93943
8300 -5.07643
8310 -5.21058
8320 -5.34182
8330 -5.47009
8340 -5.59532
8350 -5.71747
8360 -5.83646
8370 -5.95226
8380 -6.06479
8390 -6.17403
8400 -6.2799
8410 -6.38237
8420 -6.48139
8430 -6.57693
8440 -6.66892
8450 -6.75735
8460 -6.84216
8470 -6.92333
8480 -7.00082
8490 -7.0746
8500 -7.14464
8510 -7.21091
8520 -7.27339
8530 -7.33205
8540 -7.38688
8550 -7.43785
8560 -7.48494
8570 -7.52815
8580 -7.56746
8590 -7.60285
8600 -7.63433
8610 -7.66187
8620 -7.68548
8630 -7.70516
8640 -7.7209
8650 -7.7327
8660 -7.74057
8670 -7.74452
8680 -7.74454
8690 -7.74065
8700 -7.73286
8710 -7.72118
8720 -7.70563
8730 -7.68623
8740 -7.66298
8750 -7.63592
8760 -7.60507
8770 -7.57044
8780 -7.53207
8790 -7.48998
8800 -7.4442
8810 -7.39477
8820 -7.34171
8830 -7.28506
8840 -7.22487
8850 -7.16115
8860 -7.09396
8870 -7.02334
8880 -6.94932
8890 -6.87196
8900 -6.7913
8910 -6.70738
8920 -6.62025
8930 -6.52997
8940 -6.43658
8950 -6.34014
8960 -6.24071
8970 -6.13833
8980 -6.03306
8990 -5.92497
9000 -5.81411
9010 -5.70054
9020 -5.58432
9030 -5.46551
9040 -5.34418
9050 -5.2204
9060 -5.09422
9070 -4.96572
9080 -4.83496
9090 -4.70201
9100 -4.56694
9110 -4.42981
9120 -4.2907
9130 -4.14969
9140 -4.00683
9150 -3.86221
9160 -3.7159
9170 -3.56797
9180 -3.41849
9190 -3.26755
9200 -3.1152
9210 -2.96154
9220 -2.80664
9230 -2.65057
9240 -2.49341
9250 -2.33524
9260 -2.17613
9270 -2.01616
9280 -1.85542
9290 -1.69396
9300 -1.53189
9310 -1.36926
9320 -1.20617
9330 -1.04268
9340 -0.878877
9350 -0.714837
9360 -0.550637
9370 -0.386355
9380 -0.222067
9390 -0.0578501
9400 0.106219
9410 0.270064
9420 0.433609
9430 0.596778
9440 0.759498
9450 0.921692
9460 1.08329
9470 1.24421
9480 1.40439
9490 1.56374
9500 1.72221
9510 1.87972
9520 2.03619
9530 2.19156
9540 2.34577
9550 2.49873
9560 2.65038
9570 2.80066
9580 2.9495
9590 3.09684
9600 3.2426
9610 3.38674
9620 3.52918
9630 3.66986
9640 3.80872
9650 3.94571
9660 4.08077
9670 4.21383
9680 4.34484
9690 4.47376
9700 4.60051
9710 4.72505
9720 4.84734
9730 4.96731
9740 5.08492
9750 5.20012
9760 5.31286
9770 5.4231
9780 5.5308
9790 5.6359
9800 5.73838
9810 5.83818
9820 5.93527
9830 6.02961
9840 6.12117
9850 6.20991
9860 6.29579
9870 6.37879
9880 6.45887
9890 6.536
9900 6.61016
9910 6.68131
9920 6.74944
9930 6.81451
9940 6.87652
9950 6.93542
9960 6.99121
9970 7.04387
9980 7.09338
9990 7.13972
10000 7.18288
10010 7.22285
10020 7.25961
10030 7.29317
10040 7.3235
10050 7.3506
10060 7.37447
10070 7.3951
10080 7.41249
10090 7.42664
10100 7.43755
10110 7.44522
10120 7.44965
10130 7.45085
10140 7.44883
10150 7.44359
10160 7.43513
10170 7.42348
10180 7.40864
10190 7.39062
10200 7.36944
10210 7.34511
10220 7.31765
10230 7.28708
10240 7.25342
10250 7.21668
10260 7.17689
10270 7.13408
10280 7.08826
10290 7.03946
10300 6.98771
10310 6.93303
10320 6.87547
10330 6.81503
10340 6.75176
10350 6.68569
10360 6.61685
10370 6.54528
10380 6.47101
10390 6.39408
10400 6.31452
10410 6.23238
10420 6.14769
10430 6.06049
10440 5.97084
10450 5.87876
10460 5.7843
10470 5.68751
10480 5.58842
10490 5.4871
10500 5.38358
10510 5.2779
10520 5.17013
10530 5.06031
10540 4.94848
10550 4.8347
10560 4.71902
10570 4.60149
10580 4.48216
10590 4.36108
10600 4.23832
10610 4.11392
10620 3.98793
10630 3.86042
10640 3.73143
10650 3.60103
10660 3.46927
10670 3.3362
10680 3.20189
10690 3.06639
10700 2.92976
10710 2.79206
10720 2.65334
10730 2.51366
10740 2.37309
10750 2.23168
10760 2.08949
10770 1.94659
10780 1.80302
10790 1.65885
10800 1.51414
10810 1.36896
10820 1.22335
10830 1.07738
10840 0.931103
10850 0.784589
10860 0.637892
10870 0.491074
10880 0.344192
10890 0.197306
10900 0.050476
10910 -0.0962398
10920 -0.242783
10930 -0.389094
10940 -0.535115
10950 -0.680788
10960 -0.826056
10970 -0.970861
10980 -1.11515
10990 -1.25885
11000 -1.40193
11010 -1.54432
11020 -1.68596
11030 -1.8268
11040 -1.96679
11050 -2.10587
11060 -2.24399
11070 -2.3811
11080 -2.51714
11090 -2.65206
11100 -2.78581
11110 -2.91833
11120 -3.04959
11130 -3.17953
11140 -3.3081
11150 -3.43525
11160 -3.56094
11170 -3.68511
11180 -3.80773
11190 -3.92874
11200 -4.04811
11210 -4.16578
11220 -4.28172
11230 -4.39589
11240 -4.50823
11250 -4.61872
11260 -4.72731
11270 -4.83397
11280 -4.93864
11290 -5.04131
11300 -5.14192
11310 -5.24046
11320 -5.33687
11330 -5.43113
11340 -5.52321
11350 -5.61307
11360 -5.70068
11370 -5.78601
11380 -5.86904
11390 -5.94974
11400 -6.02807
11410 -6.10402
11420 -6.17755
11430 -6.24865
11440 -6.31729
11450 -6.38344
11460 -6.4471
11470 -6.50823
11480 -6.56682
11490 -6.62286
11500 -6.67631
11510 -6.72718
11520 -6.77544
11530 -6.82107
11540 -6.86408
11550 -6.90444
11560 -6.94214
11570 -6.97718
11580 -7.00954
11590 -7.03922
11600 -7.06621
11610 -7.09051
11620 -7.11211
11630 -7.13101
11640 -7.1472
11650 -7.16068
11660 -7.17146
11670 -7.17954
11680 -7.18491
11690 -7.18757
11700 -7.18754
11710 -7.18482
11720 -7.17941
11730 -7.17131
11740 -7.16055
11750 -7.14711
11760 -7.13103
11770 -7.11229
11780 -7.09093
11790 -7.06694
11800 -7.04034
11810 -7.01115
11820 -6.97939
11830 -6.94506
11840 -6.90818
11850 -6.86878
11860 -6.82687
11870 -6.78247
11880 -6.73561
11890 -6.68629
11900 -6.63455
11910 -6.58042
11920 -6.5239
11930 -6.46503
11940 -6.40384
11950 -6.34034
11960 -6.27457
11970 -6.20656
11980 -6.13633
11990 -6.06391
12000 -5.98934
12010 -5.91264
12020 -5.83384
12030 -5.75298
12040 -5.67009
12050 -5.58521
12060 -5.49836
12070 -5.40959
12080 -5.31893
12090 -5.22641
12100 -5.13207
12110 -5.03594
12120 -4.93808
12130 -4.83851
12140 -4.73727
12150 -4.6344
12160 -4.52995
12170 -4.42395
12180 -4.31644
12190 -4.20747
12200 -4.09707
12210 -3.98529
12220 -3.87217
12230 -3.75776
12240 -3.64209
12250 -3.52521
12260 -3.40716
12270 -3.28799
12280 -3.16775
12290 -3.04647
12300 -2.9242
12310 -2.80099
12320 -2.67688
12330 -2.55192
12340 -2.42615
12350 -2.29962
12360 -2.17238
12370 -2.04447
12380 -1.91594
12390 -1.78684
12400 -1.65721
12410 -1.52709
12420 -1.39654
12430 -1.2656
12440 -1.13433
12450 -1.00275
12460 -0.870932
12470 -0.738911
12480 -0.606736
12490 -0.474454
12500 -0.342111
12510 -0.209753
12520 -0.0774283
12530 0.0548182
12540 0.18694
12550 0.318891
12560 0.450626
12570 0.582098
12580 0.713263
12590 0.844075
12600 0.974489
12610 1.10446
12620 1.23395
12630 1.3629
12640 1.49128
12650 1.61904
12660 1.74613
12670 1.87253
12680 1.99817
12690 2.12302
12700 2.24705
12710 2.37019
12720 2.49243
12730 2.61371
12740 2.73399
12750 2.85324
12760 2.97141
12770 3.08847
12780 3.20438
12790 3.3191
12800 3.43259
12810 3.54481
12820 3.65574
12830 3.76533
12840 3.87354
12850 3.98035
12860 4.08572
12870 4.18961
12880 4.29199
12890 4.39284
12900 4.49211
12910 4.58978
12920 4.68581
12930 4.78018
12940 4.87285
12950 4.9638
12960 5.053
12970 5.14043
12980 5.22604
12990 5.30983
13000 5.39176
13010 5.4718
13020 5.54994
13030 5.62616
13040 5.70042
13050 5.7727
13060 5.843
13070 5.91127
13080 5.97751
13090 6.0417
13100 6.10381
13110 6.16384
13120 6.22175
13130 6.27754
13140 6.3312
13150 6.3827
13160 6.43203
13170 6.47918
13180 6.52414
13190 6.5669
13200 6.60743
13210 6.64575
13220 6.68183
13230 6.71566
13240 6.74724
13250 6.77657
13260 6.80363
13270 6.82842
13280 6.85093
13290 6.87117
13300 6.88912
13310 6.90479
13320 6.91818
13330 6.92927
13340 6.93808
13350 6.9446
13360 6.94883
13370 6.95078
13380 6.95045
13390 6.94785
13400 6.94296
13410 6.93581
13420 6.9264
13430 6.91473
13440 6.90082
13450 6.88466
13460 6.86627
13470 6.84565
13480 6.82283
13490 6.7978
13500 6.77058
13510 6.74118
13520 6.70961
13530 6.67589
13540 6.64004
13550 6.60206
13560 6.56197
13570 6.51978
13580 6.47553
13590 6.42921
13600 6.38085
13610 6.33048
13620 6.2781
13630 6.22373
13640 6.16741
13650 6.10914
13660 6.04895
13670 5.98687
13680 5.92291
13690 5.8571
13700 5.78946
13710 5.72002
13720 5.6488
13730 5.57582
13740 5.50112
13750 5.42471
13760 5.34664
13770 5.26691
13780 5.18557
13790 5.10263
13800 5.01813
13810 4.9321
13820 4.84456
13830 4.75556
13840 4.6651
13850 4.57324
13860 4.47999
13870 4.38539
13880 4.28948
13890 4.19228
13900 4.09382
13910 3.99415
13920 3.89329
13930 3.79127
13940 3.68813
13950 3.58391
13960 3.47863
13970 3.37234
13980 3.26507
13990 3.15685
14000 3.04771
14010 2.9377
14020 2.82685
14030 2.71519
14040 2.60277
14050 2.48961
14060 2.37575
14070 2.26124
14080 2.1461
14090 2.03037
14100 1.9141
14110 1.79731
14120 1.68005
14130 1.56234
14140 1.44424
14150 1.32577
14160 1.20698
14170 1.08789
14180 0.968553
14190 0.849
14200 0.729269
14210 0.609396
14220 0.48942
14230 0.369377
14240 0.249305
14250 0.129241
14260 0.00922034
14270 -0.110719
14280 -0.230539
14290 -0.350206
14300 -0.469681
14310 -0.588928
14320 -0.707912
14330 -0.826596
14340 -0.944944
14350 -1.06292
14360 -1.18049
14370 -1.29762
14380 -1.41427
14390 -1.53041
14400 -1.646
14410 -1.761
14420 -1.8754
14430 -1.98914
14440 -2.1022
14450 -2.21455
14460 -2.32614
14470 -2.43695
14480 -2.54695
14490 -2.6561
14500 -2.76437
14510 -2.87173
14520 -2.97815
14530 -3.08359
14540 -3.18803
14550 -3.29144
14560 -3.39379
14570 -3.49504
14580 -3.59517
14590 -3.69416
14600 -3.79196
14610 -3.88856
14620 -3.98392
14630 -4.07803
14640 -4.17085
14650 -4.26235
14660 -4.35252
14670 -4.44132
14680 -4.52874
14690 -4.61474
14700 -4.69931
14710 -4.78242
14720 -4.86405
14730 -4.94417
14740 -5.02276
14750 -5.09981
14760 -5.17529
14770 -5.24918
14780 -5.32147
14790 -5.39212
14800 -5.46113
14810 -5.52847
14820 -5.59413
14830 -5.6581
14840 -5.72034
14850 -5.78086
14860 -5.83962
14870 -5.89663
14880 -5.95185
14890 -6.00529
14900 -6.05692
14910 -6.10673
14920 -6.15472
14930 -6.20086
14940 -6.24515
14950 -6.28758
14960 -6.32813
14970 -6.36681
14980 -6.40359
14990 -6.43847
15000 -6.47145
15010 -6.50251
15020 -6.53166
15030 -6.55887
15040 -6.58416
15050 -6.60751
15060 -6.62892
15070 -6.64838
15080 -6.6659
15090 -6.68146
15100 -6.69508
15110 -6.70674
15120 -6.71644
15130 -6.7242
15140 -6.72999
15150 -6.73384
15160 -6.73573
15170 -6.73568
15180 -6.73368
15190 -6.72973
15200 -6.72384
15210 -6.71602
15220 -6.70627
15230 -6.69459
15240 -6.68099
15250 -6.66548
15260 -6.64806
15270 -6.62874
15280 -6.60753
15290 -6.58444
15300 -6.55948
15310 -6.53265
15320 -6.50397
15330 -6.47344
15340 -6.44108
15350 -6.40691
15360 -6.37092
15370 -6.33314
15380 -6.29358
15390 -6.25225
15400 -6.20917
15410 -6.16434
15420 -6.11779
15430 -6.06953
15440 -6.01958
15450 -5.96794
15460 -5.91465
15470 -5.85972
15480 -5.80316
15490 -5.74499
15500 -5.68523
15510 -5.62391
15520 -5.56103
15530 -5.49662
15540 -5.43071
15550 -5.3633
15560 -5.29442
15570 -5.2241
15580 -5.15234
15590 -5.07919
15600 -5.00465
15610 -4.92876
15620 -4.85152
15630 -4.77298
15640 -4.69315
15650 -4.61205
15660 -4.52971
15670 -4.44616
15680 -4.36141
15690 -4.2755
15700 -4.18845
15710 -4.10028
15720 -4.01103
15730 -3.92071
15740 -3.82936
15750 -3.737
15760 -3.64366
15770 -3.54936
15780 -3.45414
15790 -3.35801
15800 -3.26102
15810 -3.16318
15820 -3.06452
15830 -2.96508
15840 -2.86488
15850 -2.76395
15860 -2.66232
15870 -2.56002
15880 -2.45707
15890 -2.35351
15900 -2.24937
15910 -2.14467
15920 -2.03944
15930 -1.93372
15940 -1.82754
15950 -1.72091
15960 -1.61389
15970 -1.50648
15980 -1.39873
15990 -1.29066
16000 -1.18231
16010 -1.0737
16020 -0.96486
16030 -0.855827
16040 -0.746628
16050 -0.637293
16060 -0.527852
16070 -0.418335
16080 -0.308771
16090 -0.199192
16100 -0.0896266
16110 0.0198952
16120 0.129344
16130 0.238689
16140 0.347902
16150 0.456952
16160 0.565811
16170 0.67445
16180 0.782838
16190 0.890947
16200 0.998747
16210 1.10621
16220 1.21331
16230 1.32001
16240 1.4263
16250 1.53213
16260 1.63748
16270 1.74233
16280 1.84664
16290 1.95039
16300 2.05355
16310 2.1561
16320 2.258
16330 2.35924
16340 2.45978
16350 2.5596
16360 2.65867
16370 2.75696
16380 2.85446
16390 2.95114
16400 3.04696
16410 3.14192
16420 3.23597
16430 3.32911
16440 3.4213
16450 3.51252
16460 3.60274
16470 3.69196
16480 3.78014
16490 3.86725
16500 3.95329
16510 4.03822
16520 4.12203
16530 4.2047
16540 4.2862
16550 4.36651
16560 4.44562
16570 4.5235
16580 4.60014
16590 4.67552
16600 4.74961
16610 4.82241
16620 4.89388
16630 4.96403
16640 5.03282
16650 5.10025
16660 5.16629
16670 5.23093
16680 5.29416
16690 5.35596
16700 5.41631
16710 5.47521
16720 5.53263
16730 5.58857
16740 5.64301
16750 5.69593
16760 5.74734
16770 5.79721
16780 5.84554
16790 5.89231
16800 5.93751
16810 5.98114
16820 6.02317
16830 6.06362
16840 6.10246
16850 6.13969
16860 6.1753
16870 6.20928
16880 6.24162
16890 6.27233
16900 6.30139
16910 6.3288
16920 6.35455
16930 6.37863
16940 6.40106
16950 6.42181
16960 6.44088
16970 6.45828
16980 6.47401
16990 6.48805
17000 6.5004
17010 6.51108
17020 6.52007
17030 6.52737
17040 6.53299
17050 6.53692
17060 6.53917
17070 6.53974
17080 6.53863
17090 6.53584
17100 6.53137
17110 6.52523
17120 6.51743
17130 6.50795
17140 6.49682
17150 6.48403
17160 6.4696
17170 6.45351
17180 6.43579
17190 6.41644
17200 6.39546
17210 6.37286
17220 6.34865
17230 6.32284
17240 6.29543
17250 6.26644
17260 6.23587
17270 6.20374
17280 6.17004
17290 6.13481
17300 6.09803
17310 6.05974
17320 6.01993
17330 5.97861
17340 5.93581
17350 5.89154
17360 5.84579
17370 5.7986
17380 5.74998
17390 5.69992
17400 5.64847
17410 5.59561
17420 5.54138
17430 5.48578
17440 5.42884
17450 5.37056
17460 5.31097
17470 5.25008
17480 5.1879
17490 5.12446
17500 5.05977
17510 4.99385
17520 4.92671
17530 4.85838
17540 4.78888
17550 4.71821
17560 4.64641
17570 4.57349
17580 4.49947
17590 4.42437
17600 4.3482
17610 4.271
17620 4.19278
17630 4.11356
17640 4.03336
17650 3.9522
17660 3.87011
17670 3.7871
17680 3.7032
17690 3.61843
17700 3.53281
17710 3.44636
17720 3.35911
17730 3.27108
17740 3.18229
17750 3.09276
17760 3.00251
17770 2.91158
17780 2.81998
17790 2.72773
17800 2.63487
17810 2.5414
17820 2.44737
17830 2.35278
17840 2.25767
17850 2.16206
17860 2.06597
17870 1.96942
17880 1.87245
17890 1.77507
17900 1.67731
17910 1.57919
17920 1.48075
17930 1.38199
17940 1.28295
17950 1.18366
17960 1.08413
17970 0.98439
17980 0.884466
17990 0.784381
18000 0.684162
18010 0.583831
18020 0.483414
18030 0.382934
18040 0.282418
18050 0.181888
18060 0.0813701
18070 -0.0191121
18080 -0.119534
18090 -0.219871
18100 -0.3201
18110 -0.420196
18120 -0.520135
18130 -0.619892
18140 -0.719445
18150 -0.818769
18160 -0.917841
18170 -1.01664
18180 -1.11513
18190 -1.2133
18200 -1.31113
18210 -1.40859
18220 -1.50565
18230 -1.6023
18240 -1.69851
18250 -1.79426
18260 -1.88952
18270 -1.98428
18280 -2.07851
18290 -2.17219
18300 -2.2653
18310 -2.35781
18320 -2.44971
18330 -2.54098
18340 -2.63158
18350 -2.72151
18360 -2.81074
18370 -2.89924
18380 -2.98701
18390 -3.07402
18400 -3.16024
18410 -3.24567
18420 -3.33028
18430 -3.41405
18440 -3.49696
18450 -3.57899
18460 -3.66013
18470 -3.74035
18480 -3.81965
18490 -3.89799
18500 -3.97537
18510 -4.05176
18520 -4.12716
18530 -4.20153
18540 -4.27487
18550 -4.34716
18560 -4.41838
18570 -4.48852
18580 -4.55756
18590 -4.62549
18600 -4.6923
18610 -4.75796
18620 -4.82246
18630 -4.88579
18640 -4.94794
18650 -5.00889
18660 -5.06863
18670 -5.12715
18680 -5.18443
18690 -5.24047
18700 -5.29524
18710 -5.34875
18720 -5.40097
18730 -5.4519
18740 -5.50152
18750 -5.54983
18760 -5.59682
18770 -5.64247
18780 -5.68678
18790 -5.72974
18800 -5.77134
18810 -5.81157
18820 -5.85043
18830 -5.8879
18840 -5.92398
18850 -5.95866
18860 -5.99194
18870 -6.0238
18880 -6.05425
18890 -6.08328
18900 -6.11088
18910 -6.13705
18920 -6.16178
18930 -6.18507
18940 -6.20691
18950 -6.22731
18960 -6.24625
18970 -6.26374
18980 -6.27977
18990 -6.29434
19000 -6.30745
19010 -6.3191
19020 -6.32928
19030 -6.338
19040 -6.34526
19050 -6.35104
19060 -6.35537
19070 -6.35823
19080 -6.35962
19090 -6.35956
19100 -6.35803
19110 -6.35504
19120 -6.3506
19130 -6.3447
19140 -6.33735
19150 -6.32856
19160 -6.31831
19170 -6.30663
19180 -6.29351
19190 -6.27896
19200 -6.26298
19210 -6.24558
19220 -6.22676
19230 -6.20654
19240 -6.1849
19250 -6.16187
19260 -6.13745
19270 -6.11164
19280 -6.08445
19290 -6.0559
19300 -6.02598
19310 -5.99471
19320 -5.96209
19330 -5.92814
19340 -5.89286
19350 -5.85626
19360 -5.81835
19370 -5.77915
19380 -5.73866
19390 -5.69688
19400 -5.65385
19410 -5.60955
19420 -5.56402
19430 -5.51724
19440 -5.46925
19450 -5.42005
19460 -5.36965
19470 -5.31807
19480 -5.26532
19490 -5.2114
19500 -5.15635
19510 -5.10016
19520 -5.04285
19530 -4.98444
19540 -4.92494
19550 -4.86437
19560 -4.80274
19570 -4.74006
19580 -4.67635
19590 -4.61162
19600 -4.5459
19610 -4.47919
19620 -4.41152
19630 -4.34289
19640 -4.27333
19650 -4.20285
19660 -4.13147
19670 -4.0592
19680 -3.98607
19690 -3.91208
19700 -3.83726
19710 -3.76162
19720 -3.68518
19730 -3.60797
19740 -3.52999
19750 -3.45127
19760 -3.37182
19770 -3.29166
19780 -3.21081
19790 -3.12929
19800 -3.04712
19810 -2.96431
19820 -2.88089
19830 -2.79688
19840 -2.71229
19850 -2.62714
19860 -2.54146
19870 -2.45525
19880 -2.36855
19890 -2.28137
19900 -2.19373
19910 -2.10565
19920 -2.01715
19930 -1.92825
19940 -1.83898
19950 -1.74934
19960 -1.65936
19970 -1.56906
19980 -1.47847
19990 -1.38759
20000 -1.29646
20010 -1.20509
