10 -18.1004
20 -9.71339
30 -2.97689
40 2.20798
50 6.02543
60 8.66824
70 10.3195
80 11.147
90 11.302
100 10.9187
110 10.1159
120 8.99694
130 7.65182
140 6.15771
150 4.58036
160 2.97515
170 1.38814
180 -0.142986
190 -1.58796
200 -2.9231
210 -4.13058
220 -5.19761
230 -6.1159
240 -6.88094
250 -7.49157
260 -7.94938
270 -8.25833
280 -8.42432
290 -8.45482
300 -8.35857
310 -8.14526
320 -7.8253
330 -7.40957
340 -6.90923
350 -6.33554
360 -5.69973
370 -5.01284
380 -4.28563
390 -3.52848
400 -2.75131
410 -1.96354
420 -1.17399
430 -0.390903
440 0.378123
450 1.12614
460 1.84686
470 2.53466
480 3.18457
490 3.79228
500 4.35411
510 4.86699
520 5.32846
530 5.73662
540 6.09011
550 6.3881
560 6.63023
570 6.81661
580 6.94774
590 7.02453
600 7.04824
610 7.02046
620 6.94306
630 6.81817
640 6.64814
650 6.43554
660 6.18309
670 5.89365
680 5.57019
690 5.21579
700 4.83357
710 4.42669
720 3.99835
730 3.55173
740 3.08998
750 2.61624
760 2.13357
770 1.64498
780 1.15339
790 0.661608
800 0.172364
810 -0.311742
820 -0.78823
830 -1.25475
840 -1.70909
850 -2.14919
860 -2.57311
870 -2.97908
880 -3.36547
890 -3.73082
900 -4.07381
910 -4.39325
920 -4.68815
930 -4.95762
940 -5.20096
950 -5.41758
960 -5.60704
970 -5.76906
980 -5.90345
990 -6.0102
1000 -6.08937
1010 -6.14118
1020 -6.16594
1030 -6.16407
1040 -6.13609
1050 -6.08263
1060 -6.00438
1070 -5.90213
1080 -5.77676
1090 -5.62918
1100 -5.4604
1110 -5.27147
1120 -5.0635
1130 -4.83764
1140 -4.59507
1150 -4.33701
1160 -4.06471
1170 -3.77945
1180 -3.48251
1190 -3.17518
1200 -2.85877
1210 -2.53458
1220 -2.2039
1230 -1.86804
1240 -1.52825
1250 -1.18582
1260 -0.841961
1270 -0.497906
1280 -0.154836
1290 0.186092
1300 0.523758
1310 0.857075
1320 1.185
1330 1.50652
1340 1.82069
1350 2.12659
1360 2.42334
1370 2.71013
1380 2.98619
1390 3.25079
1400 3.50328
1410 3.74304
1420 3.9695
1430 4.18214
1440 4.38053
1450 4.56424
1460 4.73293
1470 4.8863
1480 5.02409
1490 5.14612
1500 5.25223
1510 5.34233
1520 5.41636
1530 5.47433
1540 5.51628
1550 5.5423
1560 5.55252
1570 5.5471
1580 5.52627
1590 5.49028
1600 5.43942
1610 5.374
1620 5.2944
1630 5.20099
1640 5.0942
1650 4.97448
1660 4.8423
1670 4.69815
1680 4.54256
1690 4.37606
1700 4.19923
1710 4.01263
1720 3.81685
1730 3.6125
1740 3.4002
1750 3.18057
1760 2.95423
1770 2.72184
1780 2.48403
1790 2.24145
1800 1.99474
1810 1.74456
1820 1.49153
1830 1.23631
1840 0.979518
1850 0.721793
1860 0.46375
1870 0.205999
1880 -0.050858
1890 -0.306234
1900 -0.559554
1910 -0.810256
1920 -1.05779
1930 -1.30163
1940 -1.54126
1950 -1.77618
1960 -2.00592
1970 -2.23001
1980 -2.44801
1990 -2.6595
2000 -2.86408
2010 -3.06138
2020 -3.25104
2030 -3.43271
2040 -3.6061
2050 -3.7709
2060 -3.92685
2070 -4.0737
2080 -4.21123
2090 -4.33925
2100 -4.45757
2110 -4.56603
2120 -4.66452
2130 -4.75291
2140 -4.83112
2150 -4.89909
2160 -4.95677
2170 -5.00414
2180 -5.04121
2190 -5.06798
2200 -5.0845
2210 -5.09083
2220 -5.08705
2230 -5.07326
2240 -5.04958
2250 -5.01613
2260 -4.97308
2270 -4.92058
2280 -4.85883
2290 -4.78802
2300 -4.70837
2310 -4.6201
2320 -4.52346
2330 -4.4187
2340 -4.30609
2350 -4.1859
2360 -4.05843
2370 -3.92397
2380 -3.78283
2390 -3.63532
2400 -3.48177
2410 -3.32251
2420 -3.15787
2430 -2.9882
2440 -2.81384
2450 -2.63515
2460 -2.45248
2470 -2.26618
2480 -2.07662
2490 -1.88416
2500 -1.68916
2510 -1.49198
2520 -1.29297
2530 -1.09252
2540 -0.890957
2550 -0.688655
2560 -0.485963
2570 -0.283229
2580 -0.0808004
2590 0.120982
2600 0.321783
2610 0.521271
2620 0.719121
2630 0.915017
2640 1.10865
2650 1.2997
2660 1.48789
2670 1.67293
2680 1.85453
2690 2.03243
2700 2.20635
2710 2.37606
2720 2.5413
2730 2.70184
2740 2.85747
2750 3.00796
2760 3.15312
2770 3.29274
2780 3.42666
2790 3.55471
2800 3.67671
2810 3.79253
2820 3.90203
2830 4.00509
2840 4.10158
2850 4.19141
2860 4.27448
2870 4.35072
2880 4.42006
2890 4.48244
2900 4.53781
2910 4.58614
2920 4.6274
2930 4.66157
2940 4.68867
2950 4.70869
2960 4.72165
2970 4.72759
2980 4.72653
2990 4.71853
3000 4.70365
3010 4.68195
3020 4.65351
3030 4.61842
3040 4.57677
3050 4.52866
3060 4.4742
3070 4.41352
3080 4.34675
3090 4.274
3100 4.19544
3110 4.1112
3120 4.02144
3130 3.92633
3140 3.82602
3150 3.7207
3160 3.61054
3170 3.49572
3180 3.37643
3190 3.25287
3200 3.12523
3210 2.99371
3220 2.85852
3230 2.71985
3240 2.57793
3250 2.43296
3260 2.28516
3270 2.13474
3280 1.98191
3290 1.82691
3300 1.66995
3310 1.51124
3320 1.35101
3330 1.18949
3340 1.02688
3350 0.863413
3360 0.699303
3370 0.53477
3380 0.370029
3390 0.205296
3400 0.0407821
3410 -0.123301
3420 -0.286745
3430 -0.449345
3440 -0.610897
3450 -0.771203
3460 -0.930066
3470 -1.08729
3480 -1.24269
3490 -1.39609
3500 -1.54729
3510 -1.69612
3520 -1.84241
3530 -1.986
3540 -2.12671
3550 -2.2644
3560 -2.3989
3570 -2.53008
3580 -2.65778
3590 -2.78188
3600 -2.90224
3610 -3.01873
3620 -3.13123
3630 -3.23964
3640 -3.34384
3650 -3.44373
3660 -3.53921
3670 -3.6302
3680 -3.71661
3690 -3.79835
3700 -3.87537
3710 -3.94759
3720 -4.01496
3730 -4.07741
3740 -4.13491
3750 -4.18742
3760 -4.23489
3770 -4.2773
3780 -4.31463
3790 -4.34686
3800 -4.37399
3810 -4.39599
3820 -4.41289
3830 -4.42468
3840 -4.43138
3850 -4.43301
3860 -4.42958
3870 -4.42114
3880 -4.40772
3890 -4.38936
3900 -4.36609
3910 -4.33799
3920 -4.30509
3930 -4.26747
3940 -4.22519
3950 -4.17831
3960 -4.12692
3970 -4.07109
3980 -4.01092
3990 -3.94647
4000 -3.87786
4010 -3.80517
4020 -3.7285
4030 -3.64796
4040 -3.56366
4050 -3.4757
4060 -3.38419
4070 -3.28926
4080 -3.19102
4090 -3.0896
4100 -2.98511
4110 -2.87769
4120 -2.76746
4130 -2.65455
4140 -2.53911
4150 -2.42125
4160 -2.30112
4170 -2.17886
4180 -2.0546
4190 -1.92848
4200 -1.80065
4210 -1.67124
4220 -1.5404
4230 -1.40828
4240 -1.275
4250 -1.14072
4260 -1.00558
4270 -0.869727
4280 -0.733296
4290 -0.596432
4300 -0.459278
4310 -0.321975
4320 -0.184663
4330 -0.0474808
4340 0.0894329
4350 0.225941
4360 0.361908
4370 0.497201
4380 0.631685
4390 0.765231
4400 0.897709
4410 1.02899
4420 1.15896
4430 1.28748
4440 1.41444
4450 1.53971
4460 1.66319
4470 1.78476
4480 1.90431
4490 2.02173
4500 2.13691
4510 2.24976
4520 2.36017
4530 2.46805
4540 2.57331
4550 2.67585
4560 2.77559
4570 2.87244
4580 2.96633
4590 3.05717
4600 3.1449
4610 3.22944
4620 3.31073
4630 3.3887
4640 3.4633
4650 3.53447
4660 3.60215
4670 3.6663
4680 3.72688
4690 3.78383
4700 3.83713
4710 3.88674
4720 3.93263
4730 3.97477
4740 4.01314
4750 4.04771
4760 4.07848
4770 4.10543
4780 4.12856
4790 4.14785
4800 4.1633
4810 4.17493
4820 4.18272
4830 4.1867
4840 4.18687
4850 4.18325
4860 4.17586
4870 4.16471
4880 4.14984
4890 4.13128
4900 4.10905
4910 4.0832
4920 4.05375
4930 4.02075
4940 3.98424
4950 3.94428
4960 3.9009
4970 3.85416
4980 3.80412
4990 3.75083
5000 3.69436
5010 3.63476
5020 3.5721
5030 3.50644
5040 3.43786
5050 3.36643
5060 3.29222
5070 3.21531
5080 3.13576
5090 3.05367
5100 2.96911
5110 2.88216
5120 2.79292
5130 2.70145
5140 2.60786
5150 2.51222
5160 2.41464
5170 2.31519
5180 2.21397
5190 2.11107
5200 2.00659
5210 1.90062
5220 1.79325
5230 1.68458
5240 1.57471
5250 1.46374
5260 1.35175
5270 1.23884
5280 1.12512
5290 1.01069
5300 0.895629
5310 0.780046
5320 0.664038
5330 0.5477
5340 0.43113
5350 0.314424
5360 0.197679
5370 0.0809896
5380 -0.0355488
5390 -0.151842
5400 -0.267796
5410 -0.383318
5420 -0.498316
5430 -0.612699
5440 -0.726378
5450 -0.839262
5460 -0.951265
5470 -1.0623
5480 -1.17228
5490 -1.28112
5500 -1.38874
5510 -1.49506
5520 -1.6
5530 -1.70348
5540 -1.80542
5550 -1.90575
5560 -2.00439
5570 -2.10127
5580 -2.19633
5590 -2.2895
5600 -2.3807
5610 -2.46987
5620 -2.55696
5630 -2.6419
5640 -2.72463
5650 -2.8051
5660 -2.88325
5670 -2.95903
5680 -3.03239
5690 -3.10328
5700 -3.17165
5710 -3.23747
5720 -3.30068
5730 -3.36126
5740 -3.41916
5750 -3.47435
5760 -3.5268
5770 -3.57647
5780 -3.62333
5790 -3.66737
5800 -3.70856
5810 -3.74688
5820 -3.7823
5830 -3.81481
5840 -3.8444
5850 -3.87105
5860 -3.89476
5870 -3.91552
5880 -3.93331
5890 -3.94815
5900 -3.96002
5910 -3.96893
5920 -3.97488
5930 -3.97787
5940 -3.97793
5950 -3.97504
5960 -3.96924
5970 -3.96052
5980 -3.94892
5990 -3.93443
6000 -3.9171
6010 -3.89693
6020 -3.87395
6030 -3.84819
6040 -3.81967
6050 -3.78844
6060 -3.7545
6070 -3.71791
6080 -3.6787
6090 -3.63689
6100 -3.59254
6110 -3.54568
6120 -3.49635
6130 -3.4446
6140 -3.39047
6150 -3.33401
6160 -3.27527
6170 -3.21428
6180 -3.15112
6190 -3.08582
6200 -3.01844
6210 -2.94904
6220 -2.87767
6230 -2.80438
6240 -2.72924
6250 -2.6523
6260 -2.57363
6270 -2.49328
6280 -2.41131
6290 -2.32779
6300 -2.24278
6310 -2.15635
6320 -2.06855
6330 -1.97946
6340 -1.88914
6350 -1.79766
6360 -1.70508
6370 -1.61147
6380 -1.5169
6390 -1.42143
6400 -1.32514
6410 -1.22809
6420 -1.13035
6430 -1.03199
6440 -0.933084
6450 -0.833695
6460 -0.733892
6470 -0.633747
6480 -0.533326
6490 -0.4327
6500 -0.331936
6510 -0.231104
6520 -0.13027
6530 -0.0295039
6540 0.0711281
6550 0.171559
6560 0.271721
6570 0.37155
6580 0.470979
6590 0.569943
6600 0.668378
6610 0.766219
6620 0.863405
6630 0.959873
6640 1.05556
6650 1.15041
6660 1.24435
6670 1.33734
6680 1.42931
6690 1.5202
6700 1.60996
6710 1.69853
6720 1.78587
6730 1.8719
6740 1.9566
6750 2.03989
6760 2.12173
6770 2.20208
6780 2.28088
6790 2.3581
6800 2.43367
6810 2.50757
6820 2.57975
6830 2.65016
6840 2.71876
6850 2.78553
6860 2.85041
6870 2.91338
6880 2.9744
6890 3.03344
6900 3.09045
6910 3.14543
6920 3.19833
6930 3.24912
6940 3.29779
6950 3.34431
6960 3.38865
6970 3.43079
6980 3.47071
6990 3.5084
7000 3.54383
7010 3.57699
7020 3.60787
7030 3.63645
7040 3.66273
7050 3.68668
7060 3.70831
7070 3.72761
7080 3.74457
7090 3.75919
7100 3.77146
7110 3.78138
7120 3.78896
7130 3.7942
7140 3.7971
7150 3.79766
7160 3.79589
7170 3.79181
7180 3.78541
7190 3.7767
7200 3.76571
7210 3.75244
7220 3.73691
7230 3.71913
7240 3.69911
7250 3.67689
7260 3.65248
7270 3.62589
7280 3.59715
7290 3.56629
7300 3.53332
7310 3.49828
7320 3.46119
7330 3.42208
7340 3.38097
7350 3.3379
7360 3.2929
7370 3.24599
7380 3.19722
7390 3.14662
7400 3.09422
7410 3.04006
7420 2.98417
7430 2.92659
7440 2.86737
7450 2.80653
7460 2.74413
7470 2.6802
7480 2.61477
7490 2.54791
7500 2.47964
7510 2.41002
7520 2.33907
7530 2.26687
7540 2.19343
7550 2.11882
7560 2.04308
7570 1.96625
7580 1.88839
7590 1.80953
7600 1.72974
7610 1.64905
7620 1.56752
7630 1.48519
7640 1.40212
7650 1.31835
7660 1.23394
7670 1.14893
7680 1.06337
7690 0.977323
7700 0.890826
7710 0.803935
7720 0.716699
7730 0.629169
7740 0.541395
7750 0.453428
7760 0.365318
7770 0.277116
7780 0.18887
7790 0.100631
7800 0.0124487
7810 -0.0756276
7820 -0.163549
7830 -0.251266
7840 -0.33873
7850 -0.425894
7860 -0.512709
7870 -0.599127
7880 -0.685102
7890 -0.770587
7900 -0.855535
7910 -0.939901
7920 -1.02364
7930 -1.10671
7940 -1.18906
7950 -1.27065
7960 -1.35143
7970 -1.43137
7980 -1.51043
7990 -1.58855
8000 -1.66571
8010 -1.74185
8020 -1.81695
8030 -1.89096
8040 -1.96385
8050 -2.03558
8060 -2.1061
8070 -2.1754
8080 -2.24343
8090 -2.31015
8100 -2.37554
8110 -2.43957
8120 -2.5022
8130 -2.5634
8140 -2.62314
8150 -2.6814
8160 -2.73814
8170 -2.79334
8180 -2.84698
8190 -2.89902
8200 -2.94945
8210 -2.99824
8220 -3.04537
8230 -3.09082
8240 -3.13457
8250 -3.1766
8260 -3.21688
8270 -3.25542
8280 -3.29218
8290 -3.32715
8300 -3.36032
8310 -3.39168
8320 -3.42121
8330 -3.4489
8340 -3.47474
8350 -3.49872
8360 -3.52084
8370 -3.54109
8380 -3.55946
8390 -3.57594
8400 -3.59054
8410 -3.60324
8420 -3.61406
8430 -3.62297
8440 -3.62999
8450 -3.63512
8460 -3.63836
8470 -3.63971
8480 -3.63917
8490 -3.63675
8500 -3.63246
8510 -3.62629
8520 -3.61827
8530 -3.6084
8540 -3.59668
8550 -3.58313
8560 -3.56775
8570 -3.55057
8580 -3.53159
8590 -3.51083
8600 -3.48831
8610 -3.46403
8620 -3.43801
8630 -3.41028
8640 -3.38084
8650 -3.34973
8660 -3.31695
8670 -3.28253
8680 -3.24649
8690 -3.20886
8700 -3.16964
8710 -3.12888
8720 -3.08659
8730 -3.04279
8740 -2.99752
8750 -2.95079
8760 -2.90264
8770 -2.85309
8780 -2.80218
8790 -2.74992
8800 -2.69634
8810 -2.64149
8820 -2.58538
8830 -2.52806
8840 -2.46954
8850 -2.40986
8860 -2.34906
8870 -2.28716
8880 -2.22421
8890 -2.16022
8900 -2.09524
8910 -2.02931
8920 -1.96245
8930 -1.8947
8940 -1.82609
8950 -1.75667
8960 -1.68646
8970 -1.61551
8980 -1.54384
8990 -1.4715
9000 -1.39853
9010 -1.32495
9020 -1.25081
9030 -1.17615
9040 -1.10099
9050 -1.02539
9060 -0.949374
9070 -0.872981
9080 -0.796251
9090 -0.71922
9100 -0.641928
9110 -0.564411
9120 -0.486707
9130 -0.408855
9140 -0.330891
9150 -0.252854
9160 -0.174781
9170 -0.0967101
9180 -0.0186777
9190 0.0592787
9200 0.137122
9210 0.214815
9220 0.292322
9230 0.369606
9240 0.446631
9250 0.52336
9260 0.599759
9270 0.675791
9280 0.751421
9290 0.826615
9300 0.901338
9310 0.975556
9320 1.04923
9330 1.12234
9340 1.19484
9350 1.2667
9360 1.33789
9370 1.40838
9380 1.47814
9390 1.54713
9400 1.61532
9410 1.68269
9420 1.7492
9430 1.81483
9440 1.87954
9450 1.94331
9460 2.00612
9470 2.06792
9480 2.12871
9490 2.18845
9500 2.24711
9510 2.30467
9520 2.36111
9530 2.41641
9540 2.47053
9550 2.52346
9560 2.57518
9570 2.62567
9580 2.67489
9590 2.72285
9600 2.7695
9610 2.81485
9620 2.85886
9630 2.90153
9640 2.94283
9650 2.98274
9660 3.02126
9670 3.05837
9680 3.09406
9690 3.12831
9700 3.1611
9710 3.19244
9720 3.2223
9730 3.25067
9740 3.27756
9750 3.30294
9760 3.3268
9770 3.34915
9780 3.36998
9790 3.38927
9800 3.40702
9810 3.42323
9820 3.4379
9830 3.45101
9840 3.46258
9850 3.47259
9860 3.48104
9870 3.48793
9880 3.49327
9890 3.49706
9900 3.49929
9910 3.49997
9920 3.4991
9930 3.49668
9940 3.49272
9950 3.48723
9960 3.4802
9970 3.47165
9980 3.46158
9990 3.45
10000 3.43692
10010 3.42235
10020 3.40629
10030 3.38875
10040 3.36975
10050 3.3493
10060 3.32741
10070 3.30409
10080 3.27936
10090 3.25322
10100 3.22569
10110 3.1968
10120 3.16654
10130 3.13494
10140 3.10202
10150 3.06779
10160 3.03227
10170 2.99547
10180 2.95742
10190 2.91813
10200 2.87762
10210 2.83592
10220 2.79304
10230 2.749
10240 2.70383
10250 2.65755
10260 2.61017
10270 2.56173
10280 2.51223
10290 2.46172
10300 2.4102
10310 2.35771
10320 2.30427
10330 2.2499
10340 2.19463
10350 2.13848
10360 2.08148
10370 2.02365
10380 1.96502
10390 1.90562
10400 1.84548
10410 1.78461
10420 1.72305
10430 1.66082
10440 1.59795
10450 1.53448
10460 1.47042
10470 1.4058
10480 1.34066
10490 1.27502
10500 1.20891
10510 1.14236
10520 1.07539
10530 1.00804
10540 0.940339
10550 0.872306
10560 0.803975
10570 0.735374
10580 0.666534
10590 0.597483
10600 0.528249
10610 0.458862
10620 0.389351
10630 0.319745
10640 0.250072
10650 0.180361
10660 0.110642
10670 0.0409424
10680 -0.0287085
10690 -0.0982825
10700 -0.167751
10710 -0.237086
10720 -0.306259
10730 -0.375243
10740 -0.444009
10750 -0.512529
10760 -0.580777
10770 -0.648725
10780 -0.716346
10790 -0.783612
10800 -0.850498
10810 -0.916977
10820 -0.983022
10830 -1.04861
10840 -1.11371
10850 -1.1783
10860 -1.24235
10870 -1.30585
10880 -1.36876
10890 -1.43106
10900 -1.49272
10910 -1.55373
10920 -1.61406
10930 -1.67369
10940 -1.73259
10950 -1.79074
10960 -1.84812
10970 -1.90471
10980 -1.96049
10990 -2.01543
11000 -2.06952
11010 -2.12274
11020 -2.17506
11030 -2.22647
11040 -2.27695
11050 -2.32647
11060 -2.37503
11070 -2.42261
11080 -2.46918
11090 -2.51473
11100 -2.55925
11110 -2.60271
11120 -2.64511
11130 -2.68643
11140 -2.72665
11150 -2.76577
11160 -2.80376
11170 -2.84062
11180 -2.87632
11190 -2.91087
11200 -2.94425
11210 -2.97644
11220 -3.00744
11230 -3.03724
11240 -3.06583
11250 -3.09319
11260 -3.11933
11270 -3.14423
11280 -3.16788
11290 -3.19028
11300 -3.21142
11310 -3.23129
11320 -3.2499
11330 -3.26723
11340 -3.28328
11350 -3.29805
11360 -3.31153
11370 -3.32372
11380 -3.33462
11390 -3.34422
11400 -3.35253
11410 -3.35954
11420 -3.36525
11430 -3.36967
11440 -3.37279
11450 -3.37461
11460 -3.37514
11470 -3.37438
11480 -3.37233
11490 -3.369
11500 -3.36438
11510 -3.35848
11520 -3.35131
11530 -3.34287
11540 -3.33316
11550 -3.3222
11560 -3.30998
11570 -3.29652
11580 -3.28182
11590 -3.2659
11600 -3.24875
11610 -3.23039
11620 -3.21082
11630 -3.19006
11640 -3.16811
11650 -3.14499
11660 -3.12071
11670 -3.09527
11680 -3.06869
11690 -3.04098
11700 -3.01216
11710 -2.98223
11720 -2.95121
11730 -2.91911
11740 -2.88595
11750 -2.85174
11760 -2.8165
11770 -2.78023
11780 -2.74296
11790 -2.7047
11800 -2.66547
11810 -2.62528
11820 -2.58414
11830 -2.54209
11840 -2.49913
11850 -2.45528
11860 -2.41055
11870 -2.36498
11880 -2.31857
11890 -2.27134
11900 -2.22331
11910 -2.17451
11920 -2.12494
11930 -2.07464
11940 -2.02361
11950 -1.97189
11960 -1.91948
11970 -1.86642
11980 -1.81271
11990 -1.75839
12000 -1.70347
12010 -1.64797
12020 -1.59192
12030 -1.53533
12040 -1.47823
12050 -1.42064
12060 -1.36258
12070 -1.30407
12080 -1.24514
12090 -1.18581
12100 -1.12609
12110 -1.06601
12120 -1.0056
12130 -0.944876
12140 -0.883859
12150 -0.822572
12160 -0.76104
12170 -0.699283
12180 -0.637326
12190 -0.575189
12200 -0.512897
12210 -0.450471
12220 -0.387935
12230 -0.325311
12240 -0.262621
12250 -0.199889
12260 -0.137136
12270 -0.0743849
12280 -0.0116587
12290 0.0510207
12300 0.113631
12310 0.17615
12320 0.238555
12330 0.300825
12340 0.362937
12350 0.42487
12360 0.486602
12370 0.548112
12380 0.609377
12390 0.670377
12400 0.731091
12410 0.791498
12420 0.851576
12430 0.911305
12440 0.970664
12450 1.02963
12460 1.08819
12470 1.14632
12480 1.204
12490 1.26121
12500 1.31794
12510 1.37415
12520 1.42984
12530 1.48498
12540 1.53956
12550 1.59356
12560 1.64696
12570 1.69974
12580 1.75188
12590 1.80338
12600 1.8542
12610 1.90434
12620 1.95378
12630 2.00249
12640 2.05048
12650 2.09772
12660 2.14419
12670 2.18988
12680 2.23478
12690 2.27887
12700 2.32213
12710 2.36457
12720 2.40615
12730 2.44687
12740 2.48672
12750 2.52568
12760 2.56374
12770 2.60088
12780 2.63711
12790 2.6724
12800 2.70675
12810 2.74015
12820 2.77258
12830 2.80404
12840 2.83452
12850 2.864
12860 2.89248
12870 2.91996
12880 2.94642
12890 2.97185
12900 2.99626
12910 3.01963
12920 3.04195
12930 3.06322
12940 3.08344
12950 3.1026
12960 3.12069
12970 3.13772
12980 3.15367
12990 3.16854
13000 3.18233
13010 3.19504
13020 3.20666
13030 3.21719
13040 3.22663
13050 3.23498
13060 3.24223
13070 3.24839
13080 3.25346
13090 3.25743
13100 3.26031
13110 3.26209
13120 3.26279
13130 3.26239
13140 3.2609
13150 3.25832
13160 3.25466
13170 3.24992
13180 3.2441
13190 3.23721
13200 3.22924
13210 3.22021
13220 3.21011
13230 3.19896
13240 3.18676
13250 3.17351
13260 3.15922
13270 3.1439
13280 3.12754
13290 3.11017
13300 3.09179
13310 3.0724
13320 3.05201
13330 3.03063
13340 3.00828
13350 2.98495
13360 2.96065
13370 2.93541
13380 2.90922
13390 2.88209
13400 2.85405
13410 2.82508
13420 2.79522
13430 2.76447
13440 2.73283
13450 2.70033
13460 2.66698
13470 2.63277
13480 2.59774
13490 2.56189
13500 2.52523
13510 2.48778
13520 2.44955
13530 2.41055
13540 2.3708
13550 2.33031
13560 2.2891
13570 2.24717
13580 2.20456
13590 2.16126
13600 2.11729
13610 2.07268
13620 2.02743
13630 1.98156
13640 1.93509
13650 1.88803
13660 1.8404
13670 1.79221
13680 1.74348
13690 1.69423
13700 1.64447
13710 1.59422
13720 1.5435
13730 1.49232
13740 1.44071
13750 1.38867
13760 1.33622
13770 1.28339
13780 1.23019
13790 1.17663
13800 1.12274
13810 1.06853
13820 1.01403
13830 0.959236
13840 0.904181
13850 0.848879
13860 0.793349
13870 0.737607
13880 0.681673
13890 0.625563
13900 0.569296
13910 0.512891
13920 0.456364
13930 0.399733
13940 0.343018
13950 0.286236
13960 0.229404
13970 0.17254
13980 0.115664
13990 0.0587915
14000 0.0019414
14010 -0.0548687
14020 -0.111621
14030 -0.168298
14040 -0.224882
14050 -0.281356
14060 -0.337701
14070 -0.393901
14080 -0.449939
14090 -0.505796
14100 -0.561457
14110 -0.616903
14120 -0.672119
14130 -0.727086
14140 -0.781789
14150 -0.836211
14160 -0.890336
14170 -0.944146
14180 -0.997627
14190 -1.05076
14200 -1.10353
14210 -1.15593
14220 -1.20793
14230 -1.25952
14240 -1.31069
14250 -1.36141
14260 -1.41169
14270 -1.46149
14280 -1.51081
14290 -1.55963
14300 -1.60794
14310 -1.65572
14320 -1.70296
14330 -1.74965
14340 -1.79577
14350 -1.84131
14360 -1.88625
14370 -1.93058
14380 -1.9743
14390 -2.01738
14400 -2.05982
14410 -2.1016
14420 -2.14272
14430 -2.18315
14440 -2.22289
14450 -2.26193
14460 -2.30026
14470 -2.33786
14480 -2.37473
14490 -2.41085
14500 -2.44622
14510 -2.48082
14520 -2.51465
14530 -2.5477
14540 -2.57996
14550 -2.61141
14560 -2.64206
14570 -2.67189
14580 -2.7009
14590 -2.72907
14600 -2.75641
14610 -2.7829
14620 -2.80853
14630 -2.83331
14640 -2.85721
14650 -2.88025
14660 -2.90241
14670 -2.92368
14680 -2.94407
14690 -2.96356
14700 -2.98216
14710 -2.99985
14720 -3.01664
14730 -3.03252
14740 -3.04748
14750 -3.06153
14760 -3.07466
14770 -3.08686
14780 -3.09814
14790 -3.10849
14800 -3.11792
14810 -3.12641
14820 -3.13398
14830 -3.14061
14840 -3.14631
14850 -3.15107
14860 -3.1549
14870 -3.1578
14880 -3.15976
14890 -3.16079
14900 -3.16089
14910 -3.16006
14920 -3.1583
14930 -3.15562
14940 -3.152
14950 -3.14747
14960 -3.14202
14970 -3.13564
14980 -3.12836
14990 -3.12016
15000 -3.11106
15010 -3.10105
15020 -3.09014
15030 -3.07834
15040 -3.06565
15050 -3.05207
15060 -3.03762
15070 -3.02228
15080 -3.00608
15090 -2.98902
15100 -2.97109
15110 -2.95232
15120 -2.9327
15130 -2.91225
15140 -2.89096
15150 -2.86885
15160 -2.84593
15170 -2.8222
15180 -2.79766
15190 -2.77234
15200 -2.74623
15210 -2.71935
15220 -2.6917
15230 -2.66329
15240 -2.63413
15250 -2.60424
15260 -2.57361
15270 -2.54227
15280 -2.51022
15290 -2.47747
15300 -2.44403
15310 -2.40991
15320 -2.37512
15330 -2.33967
15340 -2.30358
15350 -2.26686
15360 -2.22951
15370 -2.19155
15380 -2.15298
15390 -2.11383
15400 -2.0741
15410 -2.03381
15420 -1.99297
15430 -1.95158
15440 -1.90967
15450 -1.86724
15460 -1.82431
15470 -1.78089
15480 -1.73699
15490 -1.69263
15500 -1.64782
15510 -1.60257
15520 -1.55689
15530 -1.51081
15540 -1.46433
15550 -1.41747
15560 -1.37023
15570 -1.32264
15580 -1.27471
15590 -1.22645
15600 -1.17788
15610 -1.12901
15620 -1.07985
15630 -1.03042
15640 -0.980729
15650 -0.930797
15660 -0.880637
15670 -0.830262
15680 -0.779687
15690 -0.728926
15700 -0.677994
15710 -0.626905
15720 -0.575673
15730 -0.524314
15740 -0.47284
15750 -0.421268
15760 -0.369611
15770 -0.317884
15780 -0.266102
15790 -0.214278
15800 -0.162428
15810 -0.110566
15820 -0.0587051
15830 -0.00686118
15840 0.0449519
15850 0.0967199
15860 0.148428
15870 0.200063
15880 0.25161
15890 0.303056
15900 0.354385
15910 0.405584
15920 0.456639
15930 0.507537
15940 0.558262
15950 0.608803
15960 0.659144
15970 0.709273
15980 0.759175
15990 0.808838
16000 0.858248
16010 0.907392
16020 0.956257
16030 1.00483
16040 1.0531
16050 1.10105
16060 1.14866
16070 1.19594
16080 1.24286
16090 1.28941
16100 1.33558
16110 1.38136
16120 1.42674
16130 1.47169
16140 1.51622
16150 1.56031
16160 1.60395
16170 1.64713
16180 1.68984
16190 1.73206
16200 1.77378
16210 1.815
16220 1.8557
16230 1.89588
16240 1.93551
16250 1.97461
16260 2.01314
16270 2.05111
16280 2.0885
16290 2.12531
16300 2.16152
16310 2.19713
16320 2.23212
16330 2.26649
16340 2.30024
16350 2.33335
16360 2.36581
16370 2.39761
16380 2.42876
16390 2.45923
16400 2.48903
16410 2.51815
16420 2.54657
16430 2.5743
16440 2.60132
16450 2.62763
16460 2.65323
16470 2.6781
16480 2.70225
16490 2.72566
16500 2.74834
16510 2.77026
16520 2.79144
16530 2.81187
16540 2.83154
16550 2.85044
16560 2.86858
16570 2.88595
16580 2.90254
16590 2.91836
16600 2.9334
16610 2.94765
16620 2.96111
16630 2.97379
16640 2.98567
16650 2.99676
16660 3.00705
16670 3.01655
16680 3.02524
16690 3.03314
16700 3.04023
16710 3.04653
16720 3.05201
16730 3.0567
16740 3.06058
16750 3.06366
16760 3.06593
16770 3.0674
16780 3.06806
16790 3.06793
16800 3.06699
16810 3.06525
16820 3.06272
16830 3.05939
16840 3.05526
16850 3.05034
16860 3.04462
16870 3.03812
16880 3.03084
16890 3.02277
16900 3.01392
16910 3.00429
16920 2.99389
16930 2.98272
16940 2.97079
16950 2.95809
16960 2.94464
16970 2.93043
16980 2.91547
16990 2.89977
17000 2.88333
17010 2.86615
17020 2.84825
17030 2.82962
17040 2.81028
17050 2.79022
17060 2.76946
17070 2.74799
17080 2.72584
17090 2.703
17100 2.67947
17110 2.65528
17120 2.63041
17130 2.60489
17140 2.57872
17150 2.5519
17160 2.52445
17170 2.49636
17180 2.46766
17190 2.43834
17200 2.40841
17210 2.37789
17220 2.34679
17230 2.3151
17240 2.28284
17250 2.25002
17260 2.21664
17270 2.18273
17280 2.14827
17290 2.1133
17300 2.0778
17310 2.0418
17320 2.00531
17330 1.96833
17340 1.93087
17350 1.89294
17360 1.85456
17370 1.81573
17380 1.77646
17390 1.73677
17400 1.69667
17410 1.65616
17420 1.61525
17430 1.57397
17440 1.53231
17450 1.49028
17460 1.44791
17470 1.4052
17480 1.36216
17490 1.31881
17500 1.27514
17510 1.23119
17520 1.18695
17530 1.14244
17540 1.09766
17550 1.05264
17560 1.00738
17570 0.9619
17580 0.916201
17590 0.8703
17600 0.824208
17610 0.777937
17620 0.731498
17630 0.684904
17640 0.638166
17650 0.591295
17660 0.544304
17670 0.497205
17680 0.450009
17690 0.402728
17700 0.355374
17710 0.307958
17720 0.260493
17730 0.212991
17740 0.165462
17750 0.11792
17760 0.0703745
17770 0.0228389
17780 -0.0246756
17790 -0.0721573
17800 -0.119595
17810 -0.166976
17820 -0.214289
17830 -0.261523
17840 -0.308667
17850 -0.355708
17860 -0.402635
17870 -0.449437
17880 -0.496103
17890 -0.542621
17900 -0.58898
17910 -0.635168
17920 -0.681176
17930 -0.726991
17940 -0.772603
17950 -0.818
17960 -0.863172
17970 -0.908109
17980 -0.952799
17990 -0.997231
18000 -1.0414
18010 -1.08528
18020 -1.12888
18030 -1.17218
18040 -1.21517
18050 -1.25784
18060 -1.30018
18070 -1.34218
18080 -1.38384
18090 -1.42513
18100 -1.46606
18110 -1.50661
18120 -1.54677
18130 -1.58653
18140 -1.62589
18150 -1.66484
18160 -1.70336
18170 -1.74145
18180 -1.77909
18190 -1.81629
18200 -1.85303
18210 -1.8893
18220 -1.9251
18230 -1.96041
18240 -1.99524
18250 -2.02956
18260 -2.06338
18270 -2.09668
18280 -2.12947
18290 -2.16172
18300 -2.19344
18310 -2.22461
18320 -2.25524
18330 -2.28531
18340 -2.31481
18350 -2.34375
18360 -2.37211
18370 -2.39988
18380 -2.42707
18390 -2.45367
18400 -2.47967
18410 -2.50506
18420 -2.52984
18430 -2.554
18440 -2.57755
18450 -2.60047
18460 -2.62276
18470 -2.64441
18480 -2.66542
18490 -2.68579
18500 -2.70551
18510 -2.72458
18520 -2.743
18530 -2.76075
18540 -2.77784
18550 -2.79427
18560 -2.81002
18570 -2.8251
18580 -2.83951
18590 -2.85324
18600 -2.86629
18610 -2.87866
18620 -2.89034
18630 -2.90134
18640 -2.91164
18650 -2.92126
18660 -2.93018
18670 -2.93841
18680 -2.94595
18690 -2.95278
18700 -2.95893
18710 -2.96437
18720 -2.96912
18730 -2.97317
18740 -2.97652
18750 -2.97918
18760 -2.98113
18770 -2.98239
18780 -2.98295
18790 -2.98281
18800 -2.98198
18810 -2.98045
18820 -2.97823
18830 -2.97532
18840 -2.97171
18850 -2.96741
18860 -2.96243
18870 -2.95676
18880 -2.95041
18890 -2.94337
18900 -2.93565
18910 -2.92726
18920 -2.91819
18930 -2.90845
18940 -2.89805
18950 -2.88697
18960 -2.87524
18970 -2.86284
18980 -2.84979
18990 -2.83609
19000 -2.82174
19010 -2.80675
19020 -2.79112
19030 -2.77485
19040 -2.75795
19050 -2.74043
19060 -2.72228
19070 -2.70352
19080 -2.68414
19090 -2.66416
19100 -2.64358
19110 -2.6224
19120 -2.60063
19130 -2.57827
19140 -2.55534
19150 -2.53183
19160 -2.50775
19170 -2.48312
19180 -2.45793
19190 -2.43218
19200 -2.4059
19210 -2.37908
19220 -2.35173
19230 -2.32386
19240 -2.29548
19250 -2.26658
19260 -2.23718
19270 -2.20729
19280 -2.17692
19290 -2.14606
19300 -2.11473
19310 -2.08294
19320 -2.05069
19330 -2.01799
19340 -1.98485
19350 -1.95128
19360 -1.91728
19370 -1.88287
19380 -1.84805
19390 -1.81283
19400 -1.77721
19410 -1.74121
19420 -1.70484
19430 -1.6681
19440 -1.63101
19450 -1.59356
19460 -1.55578
19470 -1.51766
19480 -1.47922
19490 -1.44047
19500 -1.40141
19510 -1.36206
19520 -1.32243
19530 -1.28251
19540 -1.24233
19550 -1.20189
19560 -1.1612
19570 -1.12027
19580 -1.07912
19590 -1.03774
19600 -0.996146
19610 -0.954354
19620 -0.91237
19630 -0.870204
19640 -0.827864
19650 -0.785361
19660 -0.742705
19670 -0.699904
19680 -0.65697
19690 -0.61391
19700 -0.570736
19710 -0.527457
19720 -0.484082
19730 -0.440622
19740 -0.397085
19750 -0.353483
19760 -0.309824
19770 -0.266119
19780 -0.222376
19790 -0.178606
19800 -0.134819
19810 -0.0910244
19820 -0.0472314
19830 -0.0034501
19840 0.0403099
19850 0.0840389
19860 0.127727
19870 0.171366
19880 0.214944
19890 0.258453
19900 0.301884
19910 0.345225
19920 0.38847
19930 0.431607
19940 0.474627
19950 0.517521
19960 0.56028
19970 0.602895
19980 0.645356
19990 0.687654
20000 0.72978
20010 0.771724
