10 40.7205
20 29.079
30 16.9919
40 6.22869
50 -2.74986
60 -9.87663
70 -15.2405
80 -18.9977
90 -21.3326
100 -22.4367
110 -22.4983
120 -21.6964
130 -20.1973
140 -18.1529
150 -15.7004
160 -12.9618
170 -10.0446
180 -7.04234
190 -4.03536
200 -1.0918
210 1.73152
220 4.3882
230 6.84126
240 9.06223
250 11.0303
260 12.7315
270 14.1577
280 15.3062
290 16.1788
300 16.7813
310 17.1227
320 17.2148
330 17.0718
340 16.7094
350 16.1451
360 15.3973
370 14.4848
380 13.4273
390 12.2442
400 10.9552
410 9.57927
420 8.13527
430 6.64129
440 5.11468
450 3.57196
460 2.0287
470 0.499505
480 -1.00211
490 -2.46371
500 -3.87394
510 -5.2226
520 -6.50059
530 -7.69992
540 -8.81371
550 -9.83612
560 -10.7624
570 -11.5887
580 -12.3122
590 -12.931
600 -13.4441
610 -13.8513
620 -14.153
630 -14.3506
640 -14.4459
650 -14.4415
660 -14.3405
670 -14.1463
680 -13.8632
690 -13.4954
700 -13.0477
710 -12.5252
720 -11.9331
730 -11.277
740 -10.5625
750 -9.79548
760 -8.98166
770 -8.12698
780 -7.23733
790 -6.31857
800 -5.37651
810 -4.41685
820 -3.44519
830 -2.46699
840 -1.48755
850 -0.511979
860 0.45481
870 1.40812
880 2.34347
890 3.25664
900 4.14364
910 5.00076
920 5.82453
930 6.61179
940 7.3596
950 8.06534
960 8.72664
970 9.34142
980 9.90787
990 10.4244
1000 10.8899
1010 11.3031
1020 11.6635
1030 11.9704
1040 12.2236
1050 12.4231
1060 12.569
1070 12.6618
1080 12.7021
1090 12.6907
1100 12.6285
1110 12.5167
1120 12.3567
1130 12.15
1140 11.8981
1150 11.6028
1160 11.2661
1170 10.8898
1180 10.476
1190 10.027
1200 9.54487
1210 9.03203
1220 8.49081
1230 7.9236
1240 7.33284
1250 6.72099
1260 6.09053
1270 5.44392
1280 4.78367
1290 4.11221
1300 3.43202
1310 2.7455
1320 2.05505
1330 1.363
1340 0.671654
1350 -0.0167395
1360 -0.699998
1370 -1.376
1380 -2.0427
1390 -2.69811
1400 -3.34035
1410 -3.96758
1420 -4.57808
1430 -5.1702
1440 -5.7424
1450 -6.2932
1460 -6.82124
1470 -7.32526
1480 -7.80407
1490 -8.25661
1500 -8.68189
1510 -9.07904
1520 -9.44729
1530 -9.78594
1540 -10.0944
1550 -10.3723
1560 -10.619
1570 -10.8345
1580 -11.0184
1590 -11.1706
1600 -11.2912
1610 -11.3802
1620 -11.4377
1630 -11.4639
1640 -11.4593
1650 -11.4241
1660 -11.3589
1670 -11.2641
1680 -11.1404
1690 -10.9884
1700 -10.8089
1710 -10.6026
1720 -10.3705
1730 -10.1132
1740 -9.83195
1750 -9.52755
1760 -9.20107
1770 -8.85357
1780 -8.48615
1790 -8.09994
1800 -7.69609
1810 -7.27576
1820 -6.84018
1830 -6.39053
1840 -5.92806
1850 -5.45401
1860 -4.96961
1870 -4.47612
1880 -3.97479
1890 -3.46687
1900 -2.95361
1910 -2.43624
1920 -1.91599
1930 -1.39408
1940 -0.8717
1950 -0.350044
1960 0.169729
1970 0.686478
1980 1.19909
1990 1.70646
2000 2.20754
2010 2.70129
2020 3.18671
2030 3.66283
2040 4.12872
2050 4.58347
2060 5.02623
2070 5.45616
2080 5.87249
2090 6.27446
2100 6.66138
2110 7.03258
2120 7.38744
2130 7.72539
2140 8.04587
2150 8.34841
2160 8.63255
2170 8.89789
2180 9.14406
2190 9.37075
2200 9.57768
2210 9.76462
2220 9.93138
2230 10.0778
2240 10.2038
2250 10.3093
2260 10.3943
2270 10.4587
2280 10.5028
2290 10.5264
2300 10.5299
2310 10.5133
2320 10.4768
2330 10.4207
2340 10.3453
2350 10.2509
2360 10.1378
2370 10.0063
2380 9.85692
2390 9.69004
2400 9.5061
2410 9.3056
2420 9.08902
2430 8.85689
2440 8.60976
2450 8.3482
2460 8.07278
2470 7.78412
2480 7.48283
2490 7.16954
2500 6.8449
2510 6.50957
2520 6.16422
2530 5.80953
2540 5.44619
2550 5.07489
2560 4.69632
2570 4.31121
2580 3.92024
2590 3.52414
2600 3.1236
2610 2.71934
2620 2.31207
2630 1.90248
2640 1.49128
2650 1.07917
2660 0.666818
2670 0.254919
2680 -0.155857
2690 -0.564849
2700 -0.971404
2710 -1.37488
2720 -1.77465
2730 -2.1701
2740 -2.56061
2750 -2.94562
2760 -3.32454
2770 -3.69681
2780 -4.0619
2790 -4.41928
2800 -4.76844
2810 -5.1089
2820 -5.4402
2830 -5.76187
2840 -6.07349
2850 -6.37465
2860 -6.66497
2870 -6.94406
2880 -7.2116
2890 -7.46723
2900 -7.71068
2910 -7.94164
2920 -8.15985
2930 -8.36509
2940 -8.55712
2950 -8.73576
2960 -8.90082
2970 -9.05216
2980 -9.18964
2990 -9.31316
3000 -9.42262
3010 -9.51797
3020 -9.59915
3030 -9.66615
3040 -9.71895
3050 -9.75758
3060 -9.78208
3070 -9.79249
3080 -9.7889
3090 -9.7714
3100 -9.74011
3110 -9.69517
3120 -9.63671
3130 -9.56491
3140 -9.47996
3150 -9.38206
3160 -9.27142
3170 -9.14829
3180 -9.0129
3190 -8.86553
3200 -8.70644
3210 -8.53593
3220 -8.35431
3230 -8.16189
3240 -7.959
3250 -7.74597
3260 -7.52316
3270 -7.29092
3280 -7.04963
3290 -6.79966
3300 -6.5414
3310 -6.27523
3320 -6.00157
3330 -5.7208
3340 -5.43336
3350 -5.13965
3360 -4.8401
3370 -4.53513
3380 -4.22517
3390 -3.91064
3400 -3.59199
3410 -3.26965
3420 -2.94406
3430 -2.61564
3440 -2.28484
3450 -1.95209
3460 -1.61783
3470 -1.28248
3480 -0.946478
3490 -0.610249
3500 -0.274216
3510 0.0612009
3520 0.395587
3530 0.728533
3540 1.05963
3550 1.38849
3560 1.7147
3570 2.0379
3580 2.35768
3590 2.67369
3600 2.98556
3610 3.29293
3620 3.59546
3630 3.8928
3640 4.18462
3650 4.47061
3660 4.75045
3670 5.02384
3680 5.29049
3690 5.55012
3700 5.80246
3710 6.04724
3720 6.28423
3730 6.51318
3740 6.73387
3750 6.94608
3760 7.14962
3770 7.34428
3780 7.52989
3790 7.70629
3800 7.87331
3810 8.03082
3820 8.17868
3830 8.31678
3840 8.445
3850 8.56326
3860 8.67146
3870 8.76954
3880 8.85745
3890 8.93512
3900 9.00254
3910 9.05967
3920 9.1065
3930 9.14303
3940 9.16928
3950 9.18527
3960 9.19103
3970 9.18661
3980 9.17206
3990 9.14745
4000 9.11286
4010 9.06838
4020 9.0141
4030 8.95013
4040 8.87659
4050 8.7936
4060 8.70131
4070 8.59985
4080 8.48939
4090 8.37008
4100 8.24209
4110 8.10561
4120 7.96082
4130 7.80792
4140 7.64711
4150 7.47859
4160 7.30257
4170 7.1193
4180 6.92898
4190 6.73185
4200 6.52815
4210 6.31813
4220 6.10203
4230 5.88011
4240 5.65262
4250 5.41983
4260 5.18199
4270 4.93938
4280 4.69228
4290 4.44094
4300 4.18566
4310 3.9267
4320 3.66436
4330 3.3989
4340 3.13061
4350 2.85979
4360 2.5867
4370 2.31164
4380 2.03489
4390 1.75674
4400 1.47746
4410 1.19735
4420 0.916685
4430 0.635744
4440 0.354808
4450 0.0741541
4460 -0.205943
4470 -0.485211
4480 -0.763379
4490 -1.04018
4500 -1.31535
4510 -1.58863
4520 -1.85976
4530 -2.12849
4540 -2.39456
4550 -2.65774
4560 -2.91779
4570 -3.17446
4580 -3.42752
4590 -3.67676
4600 -3.92194
4610 -4.16285
4620 -4.39928
4630 -4.63104
4640 -4.8579
4650 -5.0797
4660 -5.29623
4670 -5.50731
4680 -5.71278
4690 -5.91245
4700 -6.10618
4710 -6.29381
4720 -6.47518
4730 -6.65016
4740 -6.8186
4750 -6.98039
4760 -7.1354
4770 -7.28351
4780 -7.42463
4790 -7.55864
4800 -7.68546
4810 -7.80499
4820 -7.91717
4830 -8.02192
4840 -8.11918
4850 -8.20888
4860 -8.29098
4870 -8.36544
4880 -8.43222
4890 -8.49128
4900 -8.54262
4910 -8.58622
4920 -8.62206
4930 -8.65015
4940 -8.6705
4950 -8.68311
4960 -8.68801
4970 -8.68523
4980 -8.67479
4990 -8.65674
5000 -8.63113
5010 -8.598
5020 -8.55741
5030 -8.50944
5040 -8.45415
5050 -8.39162
5060 -8.32193
5070 -8.24517
5080 -8.16144
5090 -8.07083
5100 -7.97344
5110 -7.8694
5120 -7.75882
5130 -7.64181
5140 -7.51849
5150 -7.38901
5160 -7.25349
5170 -7.11208
5180 -6.96491
5190 -6.81213
5200 -6.65389
5210 -6.49035
5220 -6.32166
5230 -6.14799
5240 -5.9695
5250 -5.78636
5260 -5.59873
5270 -5.4068
5280 -5.21074
5290 -5.01072
5300 -4.80693
5310 -4.59954
5320 -4.38876
5330 -4.17475
5340 -3.95771
5350 -3.73783
5360 -3.5153
5370 -3.2903
5380 -3.06305
5390 -2.83372
5400 -2.6025
5410 -2.36961
5420 -2.13523
5430 -1.89955
5440 -1.66277
5450 -1.42509
5460 -1.1867
5470 -0.947787
5480 -0.708555
5490 -0.469193
5500 -0.229892
5510 0.00915805
5520 0.247767
5530 0.485748
5540 0.722913
5550 0.959079
5560 1.19406
5570 1.42768
5580 1.65976
5590 1.89012
5600 2.11858
5610 2.34498
5620 2.56915
5630 2.79091
5640 3.01011
5650 3.22657
5660 3.44016
5670 3.6507
5680 3.85805
5690 4.06206
5700 4.26258
5710 4.45947
5720 4.6526
5730 4.84182
5740 5.02701
5750 5.20804
5760 5.38478
5770 5.55712
5780 5.72494
5790 5.88813
5800 6.04659
5810 6.2002
5820 6.34886
5830 6.4925
5840 6.631
5850 6.76429
5860 6.89229
5870 7.01491
5880 7.13209
5890 7.24375
5900 7.34984
5910 7.45028
5920 7.54503
5930 7.63403
5940 7.71724
5950 7.79462
5960 7.86612
5970 7.93172
5980 7.99139
5990 8.0451
6000 8.09284
6010 8.13458
6020 8.17032
6030 8.20006
6040 8.22378
6050 8.2415
6060 8.25322
6070 8.25895
6080 8.25871
6090 8.25251
6100 8.24039
6110 8.22236
6120 8.19847
6130 8.16874
6140 8.13322
6150 8.09195
6160 8.04499
6170 7.99237
6180 7.93416
6190 7.87042
6200 7.80121
6210 7.7266
6220 7.64665
6230 7.56145
6240 7.47106
6250 7.37557
6260 7.27505
6270 7.16961
6280 7.05932
6290 6.94428
6300 6.82458
6310 6.70033
6320 6.57162
6330 6.43855
6340 6.30123
6350 6.15978
6360 6.0143
6370 5.8649
6380 5.7117
6390 5.55481
6400 5.39436
6410 5.23047
6420 5.06325
6430 4.89284
6440 4.71936
6450 4.54294
6460 4.3637
6470 4.18178
6480 3.9973
6490 3.81041
6500 3.62123
6510 3.4299
6520 3.23656
6530 3.04133
6540 2.84437
6550 2.64579
6560 2.44575
6570 2.24438
6580 2.04182
6590 1.83821
6600 1.63368
6610 1.42838
6620 1.22244
6630 1.016
6640 0.809201
6650 0.602179
6660 0.395072
6670 0.188015
6680 -0.018855
6690 -0.225403
6700 -0.431495
6710 -0.636998
6720 -0.841778
6730 -1.0457
6740 -1.24865
6750 -1.45048
6760 -1.65107
6770 -1.85029
6780 -2.04802
6790 -2.24413
6800 -2.43851
6810 -2.63103
6820 -2.82157
6830 -3.01003
6840 -3.19627
6850 -3.38019
6860 -3.56169
6870 -3.74064
6880 -3.91694
6890 -4.0905
6900 -4.2612
6910 -4.42894
6920 -4.59363
6930 -4.75518
6940 -4.91348
6950 -5.06846
6960 -5.22001
6970 -5.36806
6980 -5.51252
6990 -5.65331
7000 -5.79036
7010 -5.92358
7020 -6.05291
7030 -6.17828
7040 -6.29962
7050 -6.41686
7060 -6.52995
7070 -6.63882
7080 -6.74342
7090 -6.8437
7100 -6.9396
7110 -7.03109
7120 -7.11811
7130 -7.20063
7140 -7.27861
7150 -7.35201
7160 -7.4208
7170 -7.48495
7180 -7.54443
7190 -7.59923
7200 -7.64932
7210 -7.69468
7220 -7.7353
7230 -7.77116
7240 -7.80227
7250 -7.82861
7260 -7.85018
7270 -7.86698
7280 -7.87901
7290 -7.88628
7300 -7.8888
7310 -7.88658
7320 -7.87964
7330 -7.86798
7340 -7.85164
7350 -7.83063
7360 -7.80497
7370 -7.77471
7380 -7.73986
7390 -7.70046
7400 -7.65654
7410 -7.60815
7420 -7.55533
7430 -7.49811
7440 -7.43654
7450 -7.37068
7460 -7.30057
7470 -7.22626
7480 -7.14781
7490 -7.06528
7500 -6.97872
7510 -6.8882
7520 -6.79377
7530 -6.69552
7540 -6.59349
7550 -6.48777
7560 -6.37842
7570 -6.26552
7580 -6.14913
7590 -6.02935
7600 -5.90624
7610 -5.77989
7620 -5.65037
7630 -5.51777
7640 -5.38217
7650 -5.24367
7660 -5.10234
7670 -4.95827
7680 -4.81156
7690 -4.6623
7700 -4.51057
7710 -4.35646
7720 -4.20009
7730 -4.04153
7740 -3.88088
7750 -3.71824
7760 -3.55371
7770 -3.38738
7780 -3.21935
7790 -3.04973
7800 -2.87861
7810 -2.70609
7820 -2.53227
7830 -2.35726
7840 -2.18114
7850 -2.00404
7860 -1.82604
7870 -1.64724
7880 -1.46776
7890 -1.28769
7900 -1.10713
7910 -0.926183
7920 -0.744953
7930 -0.563539
7940 -0.382042
7950 -0.200563
7960 -0.0192015
7970 0.161943
7980 0.342771
7990 0.523185
8000 0.703086
8010 0.882377
8020 1.06096
8030 1.23874
8040 1.41563
8050 1.59152
8060 1.76633
8070 1.93996
8080 2.11232
8090 2.28332
8100 2.45287
8110 2.62089
8120 2.78728
8130 2.95197
8140 3.11486
8150 3.27587
8160 3.43492
8170 3.59193
8180 3.74682
8190 3.89952
8200 4.04994
8210 4.19802
8220 4.34367
8230 4.48683
8240 4.62742
8250 4.76538
8260 4.90064
8270 5.03314
8280 5.16281
8290 5.28959
8300 5.41342
8310 5.53424
8320 5.652
8330 5.76664
8340 5.8781
8350 5.98634
8360 6.09131
8370 6.19296
8380 6.29124
8390 6.38612
8400 6.47755
8410 6.56548
8420 6.64989
8430 6.73074
8440 6.80799
8450 6.88161
8460 6.95158
8470 7.01786
8480 7.08043
8490 7.13927
8500 7.19435
8510 7.24566
8520 7.29317
8530 7.33687
8540 7.37676
8550 7.4128
8560 7.44501
8570 7.47337
8580 7.49787
8590 7.51851
8600 7.53528
8610 7.5482
8620 7.55726
8630 7.56247
8640 7.56383
8650 7.56135
8660 7.55504
8670 7.54491
8680 7.53098
8690 7.51326
8700 7.49177
8710 7.46653
8720 7.43756
8730 7.40489
8740 7.36853
8750 7.32852
8760 7.28488
8770 7.23765
8780 7.18686
8790 7.13253
8800 7.07471
8810 7.01343
8820 6.94872
8830 6.88064
8840 6.80922
8850 6.7345
8860 6.65653
8870 6.57536
8880 6.49102
8890 6.40358
8900 6.31308
8910 6.21957
8920 6.1231
8930 6.02373
8940 5.92152
8950 5.81652
8960 5.70878
8970 5.59837
8980 5.48535
8990 5.36978
9000 5.25172
9010 5.13123
9020 5.00837
9030 4.88322
9040 4.75584
9050 4.62629
9060 4.49464
9070 4.36096
9080 4.22532
9090 4.08779
9100 3.94844
9110 3.80735
9120 3.66457
9130 3.52019
9140 3.37428
9150 3.2269
9160 3.07815
9170 2.92808
9180 2.77677
9190 2.62431
9200 2.47076
9210 2.31619
9220 2.1607
9230 2.00434
9240 1.8472
9250 1.68935
9260 1.53088
9270 1.37185
9280 1.21234
9290 1.05244
9300 0.892203
9310 0.731722
9320 0.571069
9330 0.41032
9340 0.24955
9350 0.0888345
9360 -0.0717504
9370 -0.23213
9380 -0.39223
9390 -0.551977
9400 -0.711295
9410 -0.870113
9420 -1.02836
9430 -1.18595
9440 -1.34283
9450 -1.49892
9460 -1.65415
9470 -1.80845
9480 -1.96174
9490 -2.11397
9500 -2.26506
9510 -2.41495
9520 -2.56357
9530 -2.71085
9540 -2.85673
9550 -3.00114
9560 -3.14402
9570 -3.28531
9580 -3.42495
9590 -3.56288
9600 -3.69904
9610 -3.83336
9620 -3.96579
9630 -4.09628
9640 -4.22477
9650 -4.35121
9660 -4.47553
9670 -4.5977
9680 -4.71766
9690 -4.83535
9700 -4.95074
9710 -5.06377
9720 -5.1744
9730 -5.28258
9740 -5.38827
9750 -5.49142
9760 -5.592
9770 -5.68996
9780 -5.78527
9790 -5.87789
9800 -5.96779
9810 -6.05492
9820 -6.13926
9830 -6.22077
9840 -6.29942
9850 -6.37518
9860 -6.44804
9870 -6.51795
9880 -6.58489
9890 -6.64885
9900 -6.70979
9910 -6.7677
9920 -6.82256
9930 -6.87434
9940 -6.92304
9950 -6.96864
9960 -7.01112
9970 -7.05047
9980 -7.08668
9990 -7.11974
10000 -7.14965
10010 -7.17639
10020 -7.19996
10030 -7.22035
10040 -7.23757
10050 -7.25161
10060 -7.26248
10070 -7.27017
10080 -7.27468
10090 -7.27603
10100 -7.27421
10110 -7.26924
10120 -7.26112
10130 -7.24986
10140 -7.23548
10150 -7.21798
10160 -7.19738
10170 -7.1737
10180 -7.14695
10190 -7.11714
10200 -7.0843
10210 -7.04845
10220 -7.00961
10230 -6.9678
10240 -6.92304
10250 -6.87536
10260 -6.82479
10270 -6.77135
10280 -6.71507
10290 -6.65598
10300 -6.59412
10310 -6.5295
10320 -6.46218
10330 -6.39217
10340 -6.31952
10350 -6.24426
10360 -6.16642
10370 -6.08605
10380 -6.00319
10390 -5.91787
10400 -5.83013
10410 -5.74002
10420 -5.64758
10430 -5.55286
10440 -5.45588
10450 -5.35671
10460 -5.25539
10470 -5.15196
10480 -5.04648
10490 -4.93898
10500 -4.82952
10510 -4.71815
10520 -4.60492
10530 -4.48987
10540 -4.37306
10550 -4.25455
10560 -4.13438
10570 -4.01261
10580 -3.88928
10590 -3.76447
10600 -3.63821
10610 -3.51056
10620 -3.38159
10630 -3.25134
10640 -3.11987
10650 -2.98724
10660 -2.85351
10670 -2.71872
10680 -2.58295
10690 -2.44624
10700 -2.30866
10710 -2.17026
10720 -2.0311
10730 -1.89124
10740 -1.75074
10750 -1.60965
10760 -1.46804
10770 -1.32596
10780 -1.18347
10790 -1.04063
10800 -0.897506
10810 -0.754147
10820 -0.610615
10830 -0.466968
10840 -0.323265
10850 -0.179563
10860 -0.0359214
10870 0.107603
10880 0.250951
10890 0.394067
10900 0.536893
10910 0.679372
10920 0.821448
10930 0.963063
10940 1.10416
10950 1.24469
10960 1.38459
10970 1.52381
10980 1.6623
10990 1.79999
11000 1.93684
11010 2.0728
11020 2.2078
11030 2.34181
11040 2.47476
11050 2.60661
11060 2.73731
11070 2.8668
11080 2.99504
11090 3.12198
11100 3.24757
11110 3.37176
11120 3.49452
11130 3.61578
11140 3.73551
11150 3.85366
11160 3.9702
11170 4.08506
11180 4.19823
11190 4.30964
11200 4.41927
11210 4.52706
11220 4.63299
11230 4.73702
11240 4.8391
11250 4.93921
11260 5.0373
11270 5.13334
11280 5.22731
11290 5.31915
11300 5.40885
11310 5.49637
11320 5.58168
11330 5.66476
11340 5.74557
11350 5.82409
11360 5.90028
11370 5.97414
11380 6.04562
11390 6.11472
11400 6.18139
11410 6.24564
11420 6.30742
11430 6.36673
11440 6.42355
11450 6.47785
11460 6.52963
11470 6.57886
11480 6.62554
11490 6.66964
11500 6.71117
11510 6.75009
11520 6.78641
11530 6.82012
11540 6.8512
11550 6.87966
11560 6.90547
11570 6.92865
11580 6.94918
11590 6.96706
11600 6.98229
11610 6.99487
11620 7.00479
11630 7.01207
11640 7.01669
11650 7.01867
11660 7.018
11670 7.0147
11680 7.00876
11690 7.0002
11700 6.98901
11710 6.97522
11720 6.95883
11730 6.93985
11740 6.91829
11750 6.89417
11760 6.86749
11770 6.83828
11780 6.80654
11790 6.7723
11800 6.73556
11810 6.69636
11820 6.6547
11830 6.61061
11840 6.56411
11850 6.51521
11860 6.46395
11870 6.41033
11880 6.3544
11890 6.29617
11900 6.23566
11910 6.17291
11920 6.10794
11930 6.04078
11940 5.97145
11950 5.89998
11960 5.82642
11970 5.75077
11980 5.67309
11990 5.59339
12000 5.51172
12010 5.42809
12020 5.34256
12030 5.25515
12040 5.16589
12050 5.07483
12060 4.982
12070 4.88743
12080 4.79117
12090 4.69324
12100 4.5937
12110 4.49257
12120 4.3899
12130 4.28573
12140 4.18009
12150 4.07303
12160 3.96459
12170 3.8548
12180 3.74372
12190 3.63138
12200 3.51783
12210 3.40311
12220 3.28726
12230 3.17032
12240 3.05235
12250 2.93337
12260 2.81345
12270 2.69261
12280 2.57091
12290 2.44839
12300 2.3251
12310 2.20108
12320 2.07638
12330 1.95104
12340 1.8251
12350 1.69862
12360 1.57164
12370 1.44421
12380 1.31636
12390 1.18815
12400 1.05963
12410 0.930832
12420 0.801811
12430 0.672611
12440 0.543278
12450 0.413856
12460 0.284393
12470 0.154934
12480 0.0255243
12490 -0.103791
12500 -0.232966
12510 -0.361957
12520 -0.490717
12530 -0.619203
12540 -0.747369
12550 -0.875172
12560 -1.00257
12570 -1.12951
12580 -1.25596
12590 -1.38187
12600 -1.5072
12610 -1.63191
12620 -1.75595
12630 -1.87928
12640 -2.00186
12650 -2.12365
12660 -2.24461
12670 -2.36469
12680 -2.48386
12690 -2.60208
12700 -2.71931
12710 -2.8355
12720 -2.95063
12730 -3.06464
12740 -3.17752
12750 -3.28921
12760 -3.39968
12770 -3.5089
12780 -3.61682
12790 -3.72342
12800 -3.82867
12810 -3.93251
12820 -4.03493
12830 -4.1359
12840 -4.23536
12850 -4.33331
12860 -4.4297
12870 -4.5245
12880 -4.61769
12890 -4.70924
12900 -4.79911
12910 -4.88728
12920 -4.97373
12930 -5.05841
12940 -5.14132
12950 -5.22242
12960 -5.30169
12970 -5.37911
12980 -5.45465
12990 -5.52828
13000 -5.6
13010 -5.66977
13020 -5.73757
13030 -5.80339
13040 -5.86721
13050 -5.92901
13060 -5.98876
13070 -6.04646
13080 -6.10209
13090 -6.15563
13100 -6.20706
13110 -6.25638
13120 -6.30357
13130 -6.34862
13140 -6.39151
13150 -6.43224
13160 -6.47079
13170 -6.50715
13180 -6.54133
13190 -6.5733
13200 -6.60305
13210 -6.6306
13220 -6.65592
13230 -6.67902
13240 -6.69988
13250 -6.71851
13260 -6.7349
13270 -6.74906
13280 -6.76097
13290 -6.77064
13300 -6.77807
13310 -6.78326
13320 -6.78621
13330 -6.78692
13340 -6.7854
13350 -6.78166
13360 -6.77568
13370 -6.76749
13380 -6.75709
13390 -6.74447
13400 -6.72966
13410 -6.71266
13420 -6.69348
13430 -6.67212
13440 -6.6486
13450 -6.62293
13460 -6.59512
13470 -6.56518
13480 -6.53312
13490 -6.49897
13500 -6.46273
13510 -6.42441
13520 -6.38404
13530 -6.34163
13540 -6.29719
13550 -6.25075
13560 -6.20232
13570 -6.15192
13580 -6.09956
13590 -6.04528
13600 -5.98909
13610 -5.931
13620 -5.87105
13630 -5.80926
13640 -5.74563
13650 -5.68021
13660 -5.61301
13670 -5.54406
13680 -5.47338
13690 -5.401
13700 -5.32694
13710 -5.25123
13720 -5.1739
13730 -5.09497
13740 -5.01447
13750 -4.93243
13760 -4.84887
13770 -4.76383
13780 -4.67733
13790 -4.58941
13800 -4.5001
13810 -4.40941
13820 -4.3174
13830 -4.22408
13840 -4.12949
13850 -4.03366
13860 -3.93662
13870 -3.8384
13880 -3.73904
13890 -3.63858
13900 -3.53703
13910 -3.43445
13920 -3.33085
13930 -3.22628
13940 -3.12077
13950 -3.01435
13960 -2.90706
13970 -2.79894
13980 -2.69002
13990 -2.58032
14000 -2.4699
14010 -2.35879
14020 -2.24701
14030 -2.13461
14040 -2.02163
14050 -1.90809
14060 -1.79404
14070 -1.67951
14080 -1.56454
14090 -1.44916
14100 -1.33341
14110 -1.21733
14120 -1.10096
14130 -0.984325
14140 -0.867467
14150 -0.750423
14160 -0.633229
14170 -0.515922
14180 -0.398538
14190 -0.281114
14200 -0.163685
14210 -0.0462882
14220 0.0710401
14230 0.188264
14240 0.305348
14250 0.422255
14260 0.53895
14270 0.655398
14280 0.771563
14290 0.88741
14300 1.0029
14310 1.11801
14320 1.23269
14330 1.34691
14340 1.46065
14350 1.57385
14360 1.6865
14370 1.79855
14380 1.90998
14390 2.02075
14400 2.13082
14410 2.24017
14420 2.34876
14430 2.45656
14440 2.56355
14450 2.66967
14460 2.77492
14470 2.87925
14480 2.98263
14490 3.08505
14500 3.18645
14510 3.28683
14520 3.38614
14530 3.48436
14540 3.58146
14550 3.67741
14560 3.77219
14570 3.86577
14580 3.95812
14590 4.04922
14600 4.13904
14610 4.22755
14620 4.31473
14630 4.40056
14640 4.48502
14650 4.56807
14660 4.64969
14670 4.72988
14680 4.80859
14690 4.88581
14700 4.96152
14710 5.0357
14720 5.10833
14730 5.17939
14740 5.24886
14750 5.31671
14760 5.38295
14770 5.44754
14780 5.51046
14790 5.57171
14800 5.63127
14810 5.68912
14820 5.74524
14830 5.79963
14840 5.85226
14850 5.90313
14860 5.95223
14870 5.99953
14880 6.04503
14890 6.08872
14900 6.13059
14910 6.17063
14920 6.20882
14930 6.24516
14940 6.27965
14950 6.31227
14960 6.34301
14970 6.37188
14980 6.39886
14990 6.42395
15000 6.44714
15010 6.46843
15020 6.48782
15030 6.5053
15040 6.52088
15050 6.53454
15060 6.54629
15070 6.55612
15080 6.56404
15090 6.57005
15100 6.57414
15110 6.57632
15120 6.57659
15130 6.57495
15140 6.57141
15150 6.56597
15160 6.55863
15170 6.5494
15180 6.53828
15190 6.52528
15200 6.51041
15210 6.49366
15220 6.47506
15230 6.4546
15240 6.4323
15250 6.40816
15260 6.38219
15270 6.35441
15280 6.32482
15290 6.29344
15300 6.26027
15310 6.22533
15320 6.18862
15330 6.15017
15340 6.10999
15350 6.06809
15360 6.02448
15370 5.97917
15380 5.9322
15390 5.88356
15400 5.83327
15410 5.78136
15420 5.72784
15430 5.67272
15440 5.61603
15450 5.55777
15460 5.49798
15470 5.43667
15480 5.37385
15490 5.30956
15500 5.2438
15510 5.1766
15520 5.10798
15530 5.03796
15540 4.96657
15550 4.89382
15560 4.81973
15570 4.74434
15580 4.66765
15590 4.58971
15600 4.51052
15610 4.43011
15620 4.34851
15630 4.26575
15640 4.18184
15650 4.09681
15660 4.01068
15670 3.92349
15680 3.83526
15690 3.74601
15700 3.65577
15710 3.56456
15720 3.47242
15730 3.37937
15740 3.28544
15750 3.19065
15760 3.09503
15770 2.99861
15780 2.90142
15790 2.80349
15800 2.70483
15810 2.60549
15820 2.50549
15830 2.40486
15840 2.30363
15850 2.20182
15860 2.09947
15870 1.9966
15880 1.89324
15890 1.78943
15900 1.68519
15910 1.58055
15920 1.47554
15930 1.37018
15940 1.26452
15950 1.15858
15960 1.05238
15970 0.945961
15980 0.839349
15990 0.732573
16000 0.625663
16010 0.518649
16020 0.411559
16030 0.304423
16040 0.197271
16050 0.0901318
16060 -0.0169654
16070 -0.123991
16080 -0.230917
16090 -0.337713
16100 -0.44435
16110 -0.550801
16120 -0.657035
16130 -0.763025
16140 -0.868742
16150 -0.974157
16160 -1.07924
16170 -1.18397
16180 -1.28831
16190 -1.39224
16200 -1.49573
16210 -1.59874
16220 -1.70127
16230 -1.80327
16240 -1.90471
16250 -2.00559
16260 -2.10585
16270 -2.20549
16280 -2.30448
16290 -2.40278
16300 -2.50037
16310 -2.59724
16320 -2.69334
16330 -2.78866
16340 -2.88318
16350 -2.97686
16360 -3.06969
16370 -3.16164
16380 -3.25268
16390 -3.3428
16400 -3.43197
16410 -3.52017
16420 -3.60737
16430 -3.69356
16440 -3.77871
16450 -3.8628
16460 -3.9458
16470 -4.02771
16480 -4.10849
16490 -4.18813
16500 -4.26661
16510 -4.34391
16520 -4.42001
16530 -4.49489
16540 -4.56853
16550 -4.64091
16560 -4.71203
16570 -4.78185
16580 -4.85036
16590 -4.91755
16600 -4.9834
16610 -5.04789
16620 -5.11101
16630 -5.17275
16640 -5.23308
16650 -5.292
16660 -5.34949
16670 -5.40553
16680 -5.46012
16690 -5.51325
16700 -5.56489
16710 -5.61504
16720 -5.66369
16730 -5.71082
16740 -5.75642
16750 -5.8005
16760 -5.84302
16770 -5.884
16780 -5.92341
16790 -5.96124
16800 -5.9975
16810 -6.03217
16820 -6.06525
16830 -6.09673
16840 -6.1266
16850 -6.15485
16860 -6.18149
16870 -6.20651
16880 -6.22989
16890 -6.25165
16900 -6.27176
16910 -6.29024
16920 -6.30708
16930 -6.32227
16940 -6.33581
16950 -6.34771
16960 -6.35796
16970 -6.36656
16980 -6.3735
16990 -6.3788
17000 -6.38245
17010 -6.38445
17020 -6.3848
17030 -6.38351
17040 -6.38057
17050 -6.376
17060 -6.36978
17070 -6.36194
17080 -6.35246
17090 -6.34136
17100 -6.32863
17110 -6.3143
17120 -6.29835
17130 -6.28079
17140 -6.26164
17150 -6.2409
17160 -6.21858
17170 -6.19468
17180 -6.16921
17190 -6.14218
17200 -6.1136
17210 -6.08348
17220 -6.05182
17230 -6.01865
17240 -5.98396
17250 -5.94776
17260 -5.91008
17270 -5.87092
17280 -5.83029
17290 -5.7882
17300 -5.74467
17310 -5.69971
17320 -5.65333
17330 -5.60554
17340 -5.55637
17350 -5.50582
17360 -5.4539
17370 -5.40064
17380 -5.34605
17390 -5.29013
17400 -5.23292
17410 -5.17442
17420 -5.11465
17430 -5.05363
17440 -4.99137
17450 -4.92789
17460 -4.86321
17470 -4.79734
17480 -4.73031
17490 -4.66213
17500 -4.59282
17510 -4.5224
17520 -4.45088
17530 -4.3783
17540 -4.30465
17550 -4.22998
17560 -4.15429
17570 -4.0776
17580 -3.99995
17590 -3.92133
17600 -3.84179
17610 -3.76133
17620 -3.67999
17630 -3.59777
17640 -3.5147
17650 -3.43081
17660 -3.34611
17670 -3.26063
17680 -3.17439
17690 -3.08741
17700 -2.99972
17710 -2.91133
17720 -2.82227
17730 -2.73256
17740 -2.64222
17750 -2.55129
17760 -2.45977
17770 -2.3677
17780 -2.2751
17790 -2.18198
17800 -2.08839
17810 -1.99433
17820 -1.89983
17830 -1.80491
17840 -1.70961
17850 -1.61394
17860 -1.51793
17870 -1.42159
17880 -1.32497
17890 -1.22807
17900 -1.13092
17910 -1.03356
17920 -0.935988
17930 -0.838247
17940 -0.740355
17950 -0.642337
17960 -0.544217
17970 -0.446018
17980 -0.347765
17990 -0.249481
18000 -0.151192
18010 -0.0529202
18020 0.0453098
18030 0.143474
18040 0.241549
18050 0.339512
18060 0.437337
18070 0.535002
18080 0.632483
18090 0.729757
18100 0.8268
18110 0.923589
18120 1.0201
18130 1.11631
18140 1.2122
18150 1.30775
18160 1.40292
18170 1.4977
18180 1.59207
18190 1.68601
18200 1.77948
18210 1.87248
18220 1.96497
18230 2.05694
18240 2.14837
18250 2.23922
18260 2.32949
18270 2.41916
18280 2.50819
18290 2.59657
18300 2.68428
18310 2.7713
18320 2.85761
18330 2.94318
18340 3.02801
18350 3.11207
18360 3.19533
18370 3.27779
18380 3.35942
18390 3.4402
18400 3.52012
18410 3.59916
18420 3.6773
18430 3.75452
18440 3.8308
18450 3.90614
18460 3.9805
18470 4.05387
18480 4.12625
18490 4.19761
18500 4.26793
18510 4.3372
18520 4.40541
18530 4.47254
18540 4.53857
18550 4.60349
18560 4.66729
18570 4.72996
18580 4.79147
18590 4.85182
18600 4.91099
18610 4.96897
18620 5.02575
18630 5.08132
18640 5.13566
18650 5.18876
18660 5.24061
18670 5.29121
18680 5.34053
18690 5.38858
18700 5.43533
18710 5.48079
18720 5.52493
18730 5.56776
18740 5.60926
18750 5.64943
18760 5.68825
18770 5.72573
18780 5.76184
18790 5.7966
18800 5.82998
18810 5.86198
18820 5.8926
18830 5.92183
18840 5.94966
18850 5.9761
18860 6.00113
18870 6.02475
18880 6.04696
18890 6.06775
18900 6.08713
18910 6.10508
18920 6.1216
18930 6.1367
18940 6.15037
18950 6.16261
18960 6.17341
18970 6.18278
18980 6.19072
18990 6.19722
19000 6.20229
19010 6.20592
19020 6.20812
19030 6.20889
19040 6.20823
19050 6.20613
19060 6.20261
19070 6.19767
19080 6.1913
19090 6.18351
19100 6.1743
19110 6.16369
19120 6.15166
19130 6.13823
19140 6.1234
19150 6.10717
19160 6.08955
19170 6.07055
19180 6.05017
19190 6.02842
19200 6.0053
19210 5.98082
19220 5.95499
19230 5.92782
19240 5.8993
19250 5.86946
19260 5.83829
19270 5.80581
19280 5.77203
19290 5.73695
19300 5.70059
19310 5.66295
19320 5.62404
19330 5.58388
19340 5.54247
19350 5.49982
19360 5.45595
19370 5.41087
19380 5.36458
19390 5.31711
19400 5.26846
19410 5.21864
19420 5.16767
19430 5.11555
19440 5.06231
19450 5.00796
19460 4.9525
19470 4.89596
19480 4.83834
19490 4.77966
19500 4.71994
19510 4.65919
19520 4.59742
19530 4.53465
19540 4.47089
19550 4.40616
19560 4.34048
19570 4.27386
19580 4.20631
19590 4.13786
19600 4.06851
19610 3.99829
19620 3.92721
19630 3.85529
19640 3.78255
19650 3.70899
19660 3.63465
19670 3.55954
19680 3.48367
19690 3.40706
19700 3.32973
19710 3.2517
19720 3.17298
19730 3.0936
19740 3.01358
19750 2.93292
19760 2.85165
19770 2.76979
19780 2.68736
19790 2.60438
19800 2.52085
19810 2.43682
19820 2.35228
19830 2.26727
19840 2.1818
19850 2.09589
19860 2.00956
19870 1.92283
19880 1.83572
19890 1.74825
19900 1.66044
19910 1.5723
19920 1.48386
19930 1.39514
19940 1.30616
19950 1.21694
19960 1.12749
19970 1.03784
19980 0.948007
19990 0.858011
20000 0.767871
20010 0.677608
