10 -26.9508
20 -16.7954
30 -7.75521
40 -0.32601
50 5.48403
60 9.80033
70 12.7912
80 14.6352
90 15.507
100 15.571
110 14.9784
120 13.866
130 12.356
140 10.5564
150 8.56158
160 6.45314
170 4.30093
180 2.1639
190 0.0910763
200 -1.8775
210 -3.70987
220 -5.38132
230 -6.87358
240 -8.17404
250 -9.27506
260 -10.1734
270 -10.8694
280 -11.3667
290 -11.6716
300 -11.7926
310 -11.7401
320 -11.5258
330 -11.1624
340 -10.6638
350 -10.044
360 -9.31763
370 -8.49914
380 -7.60306
390 -6.64363
400 -5.63471
410 -4.58967
420 -3.52131
430 -2.44173
440 -1.36236
450 -0.293805
460 0.754094
470 1.77234
480 2.75279
490 3.68812
500 4.57188
510 5.39842
520 6.16293
530 6.86139
540 7.49054
550 8.04785
560 8.53151
570 8.94038
580 9.27394
590 9.53225
600 9.71595
610 9.82617
620 9.86451
630 9.833
640 9.73407
650 9.57047
660 9.34527
670 9.06182
680 8.72368
690 8.33461
700 7.89853
710 7.4195
720 6.90165
730 6.34918
740 5.76634
750 5.15737
760 4.5265
770 3.87793
780 3.21577
790 2.54408
800 1.8668
810 1.18776
820 0.510665
830 -0.160942
840 -0.82366
850 -1.47426
860 -2.10969
870 -2.72707
880 -3.32372
890 -3.89716
900 -4.4451
910 -4.96543
920 -5.45627
930 -5.91593
940 -6.34292
950 -6.73595
960 -7.09392
970 -7.41594
980 -7.70129
990 -7.94945
1000 -8.16007
1010 -8.33298
1020 -8.46817
1030 -8.56581
1040 -8.62619
1050 -8.64979
1060 -8.6372
1070 -8.58916
1080 -8.50651
1090 -8.39024
1100 -8.24142
1110 -8.06122
1120 -7.85093
1130 -7.6119
1140 -7.34556
1150 -7.0534
1160 -6.73698
1170 -6.39792
1180 -6.03785
1190 -5.65847
1200 -5.2615
1210 -4.84867
1220 -4.42173
1230 -3.98244
1240 -3.53256
1250 -3.07386
1260 -2.60806
1270 -2.1369
1280 -1.66209
1290 -1.18529
1300 -0.708167
1310 -0.232316
1320 0.240691
1330 0.709332
1340 1.17213
1350 1.62767
1360 2.07457
1370 2.51154
1380 2.93731
1390 3.35071
1400 3.7506
1410 4.13594
1420 4.50574
1430 4.85907
1440 5.19509
1450 5.51301
1460 5.81212
1470 6.0918
1480 6.35145
1490 6.5906
1500 6.80881
1510 7.00573
1520 7.18106
1530 7.33459
1540 7.46616
1550 7.57568
1560 7.66312
1570 7.72853
1580 7.77199
1590 7.79368
1600 7.79379
1610 7.7726
1620 7.73043
1630 7.66766
1640 7.58469
1650 7.48201
1660 7.36012
1670 7.21956
1680 7.06095
1690 6.88489
1700 6.69205
1710 6.48312
1720 6.25883
1730 6.01993
1740 5.76718
1750 5.50139
1760 5.22336
1770 4.93392
1780 4.63392
1790 4.32422
1800 4.00567
1810 3.67915
1820 3.34554
1830 3.00572
1840 2.66056
1850 2.31095
1860 1.95776
1870 1.60185
1880 1.2441
1890 0.885352
1900 0.526447
1910 0.168214
1920 -0.188534
1930 -0.543
1940 -0.894402
1950 -1.24198
1960 -1.58499
1970 -1.92272
1980 -2.25447
1990 -2.57957
2000 -2.89737
2010 -3.20724
2020 -3.50859
2030 -3.80085
2040 -4.08349
2050 -4.35598
2060 -4.61785
2070 -4.86864
2080 -5.10793
2090 -5.33533
2100 -5.55047
2110 -5.75302
2120 -5.94268
2130 -6.11919
2140 -6.28229
2150 -6.43179
2160 -6.5675
2170 -6.68928
2180 -6.797
2190 -6.89059
2200 -6.96999
2210 -7.03515
2220 -7.08609
2230 -7.12283
2240 -7.14543
2250 -7.15397
2260 -7.14855
2270 -7.12931
2280 -7.09641
2290 -7.05003
2300 -6.99038
2310 -6.91768
2320 -6.83219
2330 -6.73418
2340 -6.62394
2350 -6.50177
2360 -6.36802
2370 -6.22302
2380 -6.06713
2390 -5.90074
2400 -5.72424
2410 -5.53803
2420 -5.34254
2430 -5.13818
2440 -4.92541
2450 -4.70467
2460 -4.47643
2470 -4.24115
2480 -3.9993
2490 -3.75136
2500 -3.49782
2510 -3.23917
2520 -2.9759
2530 -2.7085
2540 -2.43747
2550 -2.1633
2560 -1.8865
2570 -1.60754
2580 -1.32693
2590 -1.04515
2600 -0.762697
2610 -0.48004
2620 -0.197659
2630 0.0839771
2640 0.364404
2650 0.643167
2660 0.919817
2670 1.19392
2680 1.46503
2690 1.73274
2700 1.99664
2710 2.25633
2720 2.51141
2730 2.76152
2740 3.00628
2750 3.24534
2760 3.47837
2770 3.70504
2780 3.92504
2790 4.13806
2800 4.34383
2810 4.54207
2820 4.73253
2830 4.91497
2840 5.08916
2850 5.25489
2860 5.41196
2870 5.5602
2880 5.69945
2890 5.82954
2900 5.95035
2910 6.06176
2920 6.16367
2930 6.25598
2940 6.33863
2950 6.41156
2960 6.47473
2970 6.5281
2980 6.57167
2990 6.60543
3000 6.62941
3010 6.64363
3020 6.64814
3030 6.64299
3040 6.62826
3050 6.60403
3060 6.57039
3070 6.52746
3080 6.47536
3090 6.41422
3100 6.34419
3110 6.26542
3120 6.17809
3130 6.08235
3140 5.97842
3150 5.86647
3160 5.74673
3170 5.6194
3180 5.4847
3190 5.34288
3200 5.19416
3210 5.0388
3220 4.87705
3230 4.70916
3240 4.53541
3250 4.35606
3260 4.1714
3270 3.98169
3280 3.78723
3290 3.58831
3300 3.38521
3310 3.17823
3320 2.96768
3330 2.75384
3340 2.53702
3350 2.31752
3360 2.09565
3370 1.8717
3380 1.64599
3390 1.4188
3400 1.19046
3410 0.961249
3420 0.731477
3430 0.501439
3440 0.27143
3450 0.0417432
3460 -0.187332
3470 -0.415509
3480 -0.642504
3490 -0.86804
3500 -1.09184
3510 -1.31364
3520 -1.53316
3530 -1.75016
3540 -1.96437
3550 -2.17554
3560 -2.38344
3570 -2.58782
3580 -2.78845
3590 -2.98511
3600 -3.17758
3610 -3.36566
3620 -3.54912
3630 -3.72779
3640 -3.90147
3650 -4.06997
3660 -4.23313
3670 -4.39078
3680 -4.54276
3690 -4.68892
3700 -4.82912
3710 -4.96322
3720 -5.0911
3730 -5.21264
3740 -5.32773
3750 -5.43628
3760 -5.53818
3770 -5.63337
3780 -5.72175
3790 -5.80327
3800 -5.87787
3810 -5.9455
3820 -6.00611
3830 -6.05968
3840 -6.10617
3850 -6.14558
3860 -6.17789
3870 -6.20311
3880 -6.22124
3890 -6.2323
3900 -6.23632
3910 -6.23332
3920 -6.22334
3930 -6.20643
3940 -6.18265
3950 -6.15205
3960 -6.1147
3970 -6.07069
3980 -6.02009
3990 -5.96298
4000 -5.89948
4010 -5.82967
4020 -5.75366
4030 -5.67158
4040 -5.58353
4050 -5.48964
4060 -5.39005
4070 -5.28489
4080 -5.17429
4090 -5.05841
4100 -4.93739
4110 -4.8114
4120 -4.68058
4130 -4.5451
4140 -4.40512
4150 -4.26083
4160 -4.11238
4170 -3.95996
4180 -3.80374
4190 -3.6439
4200 -3.48064
4210 -3.31414
4220 -3.14458
4230 -2.97216
4240 -2.79707
4250 -2.61949
4260 -2.43964
4270 -2.2577
4280 -2.07387
4290 -1.88834
4300 -1.70132
4310 -1.513
4320 -1.32357
4330 -1.13324
4340 -0.942209
4350 -0.750662
4360 -0.558798
4370 -0.366813
4380 -0.174898
4390 0.0167533
4400 0.207952
4410 0.39851
4420 0.58824
4430 0.776959
4440 0.964483
4450 1.15063
4460 1.33523
4470 1.51811
4480 1.69909
4490 1.878
4500 2.05468
4510 2.22897
4520 2.40071
4530 2.56974
4540 2.73591
4550 2.89908
4560 3.05909
4570 3.21582
4580 3.36912
4590 3.51886
4600 3.66492
4610 3.80717
4620 3.94549
4630 4.07978
4640 4.20991
4650 4.33578
4660 4.4573
4670 4.57437
4680 4.68689
4690 4.79479
4700 4.89798
4710 4.99638
4720 5.08992
4730 5.17854
4740 5.26218
4750 5.34078
4760 5.41428
4770 5.48264
4780 5.54583
4790 5.6038
4800 5.65652
4810 5.70397
4820 5.74612
4830 5.78296
4840 5.81448
4850 5.84067
4860 5.86153
4870 5.87706
4880 5.88728
4890 5.89218
4900 5.89179
4910 5.88614
4920 5.87524
4930 5.85914
4940 5.83785
4950 5.81144
4960 5.77993
4970 5.74338
4980 5.70183
4990 5.65536
5000 5.60401
5010 5.54785
5020 5.48695
5030 5.42138
5040 5.35122
5050 5.27655
5060 5.19744
5070 5.11399
5080 5.02629
5090 4.93442
5100 4.83848
5110 4.73857
5120 4.6348
5130 4.52726
5140 4.41606
5150 4.30132
5160 4.18313
5170 4.06162
5180 3.93691
5190 3.8091
5200 3.67833
5210 3.5447
5220 3.40835
5230 3.2694
5240 3.12798
5250 2.98421
5260 2.83822
5270 2.69014
5280 2.54011
5290 2.38825
5300 2.23471
5310 2.0796
5320 1.92307
5330 1.76525
5340 1.60627
5350 1.44627
5360 1.28539
5370 1.12376
5380 0.961507
5390 0.798774
5400 0.635694
5410 0.472399
5420 0.309023
5430 0.145699
5440 -0.0174427
5450 -0.180271
5460 -0.342655
5470 -0.504467
5480 -0.66558
5490 -0.825866
5500 -0.985202
5510 -1.14346
5520 -1.30053
5530 -1.45628
5540 -1.61059
5550 -1.76335
5560 -1.91444
5570 -2.06375
5580 -2.21117
5590 -2.35659
5600 -2.4999
5610 -2.641
5620 -2.77979
5630 -2.91616
5640 -3.05002
5650 -3.18127
5660 -3.30982
5670 -3.43559
5680 -3.55847
5690 -3.6784
5700 -3.79528
5710 -3.90903
5720 -4.01959
5730 -4.12687
5740 -4.23081
5750 -4.33134
5760 -4.4284
5770 -4.52191
5780 -4.61183
5790 -4.6981
5800 -4.78066
5810 -4.85947
5820 -4.93447
5830 -5.00563
5840 -5.07291
5850 -5.13626
5860 -5.19566
5870 -5.25107
5880 -5.30247
5890 -5.34982
5900 -5.39312
5910 -5.43233
5920 -5.46745
5930 -5.49847
5940 -5.52536
5950 -5.54814
5960 -5.56679
5970 -5.58131
5980 -5.59172
5990 -5.59801
6000 -5.60019
6010 -5.59827
6020 -5.59228
6030 -5.58223
6040 -5.56813
6050 -5.55002
6060 -5.52792
6070 -5.50185
6080 -5.47186
6090 -5.43797
6100 -5.40022
6110 -5.35866
6120 -5.31332
6130 -5.26424
6140 -5.21149
6150 -5.1551
6160 -5.09512
6170 -5.03162
6180 -4.96465
6190 -4.89426
6200 -4.82053
6210 -4.7435
6220 -4.66325
6230 -4.57984
6240 -4.49335
6250 -4.40383
6260 -4.31138
6270 -4.21605
6280 -4.11792
6290 -4.01708
6300 -3.9136
6310 -3.80756
6320 -3.69904
6330 -3.58813
6340 -3.47491
6350 -3.35947
6360 -3.24188
6370 -3.12225
6380 -3.00066
6390 -2.8772
6400 -2.75196
6410 -2.62502
6420 -2.4965
6430 -2.36646
6440 -2.23502
6450 -2.10226
6460 -1.96827
6470 -1.83316
6480 -1.69701
6490 -1.55993
6500 -1.422
6510 -1.28333
6520 -1.144
6530 -1.00412
6540 -0.863784
6550 -0.723079
6560 -0.582105
6570 -0.440957
6580 -0.29973
6590 -0.158517
6600 -0.0174133
6610 0.123489
6620 0.264096
6630 0.404316
6640 0.544057
6650 0.683229
6660 0.821741
6670 0.959505
6680 1.09643
6690 1.23243
6700 1.36743
6710 1.50132
6720 1.63404
6730 1.76549
6740 1.8956
6750 2.02428
6760 2.15146
6770 2.27705
6780 2.40099
6790 2.52319
6800 2.64358
6810 2.76209
6820 2.87864
6830 2.99318
6840 3.10563
6850 3.21592
6860 3.324
6870 3.42979
6880 3.53325
6890 3.6343
6900 3.73289
6910 3.82897
6920 3.92248
6930 4.01337
6940 4.10159
6950 4.18709
6960 4.26983
6970 4.34976
6980 4.42684
6990 4.50103
7000 4.5723
7010 4.64059
7020 4.70589
7030 4.76816
7040 4.82736
7050 4.88348
7060 4.93648
7070 4.98634
7080 5.03304
7090 5.07655
7100 5.11687
7110 5.15397
7120 5.18784
7130 5.21847
7140 5.24585
7150 5.26997
7160 5.29082
7170 5.30841
7180 5.32273
7190 5.33377
7200 5.34155
7210 5.34607
7220 5.34733
7230 5.34534
7240 5.34012
7250 5.33166
7260 5.32
7270 5.30514
7280 5.2871
7290 5.26591
7300 5.24157
7310 5.21412
7320 5.18359
7330 5.14999
7340 5.11335
7350 5.07372
7360 5.03111
7370 4.98556
7380 4.93711
7390 4.88579
7400 4.83164
7410 4.7747
7420 4.71502
7430 4.65263
7440 4.58758
7450 4.51991
7460 4.44968
7470 4.37692
7480 4.3017
7490 4.22405
7500 4.14403
7510 4.0617
7520 3.97711
7530 3.89031
7540 3.80137
7550 3.71033
7560 3.61725
7570 3.5222
7580 3.42524
7590 3.32643
7600 3.22582
7610 3.12349
7620 3.01949
7630 2.91389
7640 2.80675
7650 2.69814
7660 2.58813
7670 2.47679
7680 2.36417
7690 2.25035
7700 2.13539
7710 2.01937
7720 1.90235
7730 1.7844
7740 1.66559
7750 1.54599
7760 1.42567
7770 1.3047
7780 1.18315
7790 1.06109
7800 0.938593
7810 0.815722
7820 0.69255
7830 0.569147
7840 0.445583
7850 0.321928
7860 0.19825
7870 0.0746187
7880 -0.048897
7890 -0.172229
7900 -0.295309
7910 -0.418069
7920 -0.540443
7930 -0.662363
7940 -0.783763
7950 -0.904578
7960 -1.02474
7970 -1.14419
7980 -1.26286
7990 -1.38069
8000 -1.49761
8010 -1.61357
8020 -1.72849
8030 -1.84233
8040 -1.95503
8050 -2.06651
8060 -2.17674
8070 -2.28564
8080 -2.39316
8090 -2.49926
8100 -2.60387
8110 -2.70694
8120 -2.80842
8130 -2.90826
8140 -3.00641
8150 -3.10281
8160 -3.19744
8170 -3.29022
8180 -3.38113
8190 -3.47012
8200 -3.55714
8210 -3.64215
8220 -3.72512
8230 -3.80599
8240 -3.88474
8250 -3.96133
8260 -4.03572
8270 -4.10788
8280 -4.17778
8290 -4.24537
8300 -4.31065
8310 -4.37356
8320 -4.43409
8330 -4.49222
8340 -4.54791
8350 -4.60114
8360 -4.6519
8370 -4.70015
8380 -4.74588
8390 -4.78908
8400 -4.82972
8410 -4.8678
8420 -4.90329
8430 -4.93619
8440 -4.96648
8450 -4.99415
8460 -5.0192
8470 -5.04162
8480 -5.06141
8490 -5.07855
8500 -5.09305
8510 -5.10491
8520 -5.11413
8530 -5.1207
8540 -5.12463
8550 -5.12593
8560 -5.1246
8570 -5.12064
8580 -5.11407
8590 -5.1049
8600 -5.09313
8610 -5.07878
8620 -5.06186
8630 -5.04238
8640 -5.02036
8650 -4.99583
8660 -4.96879
8670 -4.93926
8680 -4.90727
8690 -4.87284
8700 -4.83599
8710 -4.79675
8720 -4.75514
8730 -4.71118
8740 -4.66491
8750 -4.61635
8760 -4.56554
8770 -4.5125
8780 -4.45726
8790 -4.39986
8800 -4.34033
8810 -4.2787
8820 -4.21502
8830 -4.14931
8840 -4.08162
8850 -4.01198
8860 -3.94043
8870 -3.86702
8880 -3.79177
8890 -3.71474
8900 -3.63596
8910 -3.55548
8920 -3.47333
8930 -3.38958
8940 -3.30425
8950 -3.2174
8960 -3.12907
8970 -3.03931
8980 -2.94816
8990 -2.85568
9000 -2.7619
9010 -2.66689
9020 -2.57068
9030 -2.47332
9040 -2.37488
9050 -2.27539
9060 -2.17491
9070 -2.07349
9080 -1.97118
9090 -1.86803
9100 -1.76409
9110 -1.65941
9120 -1.55406
9130 -1.44807
9140 -1.3415
9150 -1.2344
9160 -1.12683
9170 -1.01884
9180 -0.910476
9190 -0.801798
9200 -0.692855
9210 -0.5837
9220 -0.474386
9230 -0.364964
9240 -0.255488
9250 -0.146009
9260 -0.0365793
9270 0.0727498
9280 0.181927
9290 0.2909
9300 0.399619
9310 0.508032
9320 0.61609
9330 0.723742
9340 0.830939
9350 0.937631
9360 1.04377
9370 1.14931
9380 1.25419
9390 1.35838
9400 1.46182
9410 1.56447
9420 1.66629
9430 1.76722
9440 1.86722
9450 1.96624
9460 2.06426
9470 2.16121
9480 2.25705
9490 2.35176
9500 2.44527
9510 2.53756
9520 2.62859
9530 2.7183
9540 2.80668
9550 2.89367
9560 2.97924
9570 3.06335
9580 3.14597
9590 3.22707
9600 3.30661
9610 3.38455
9620 3.46087
9630 3.53554
9640 3.60851
9650 3.67977
9660 3.74929
9670 3.81703
9680 3.88297
9690 3.94708
9700 4.00934
9710 4.06972
9720 4.12821
9730 4.18477
9740 4.23939
9750 4.29205
9760 4.34272
9770 4.39138
9780 4.43803
9790 4.48264
9800 4.5252
9810 4.56569
9820 4.6041
9830 4.64041
9840 4.67462
9850 4.7067
9860 4.73667
9870 4.76449
9880 4.79017
9890 4.8137
9900 4.83507
9910 4.85428
9920 4.87132
9930 4.88619
9940 4.89889
9950 4.90942
9960 4.91777
9970 4.92395
9980 4.92795
9990 4.92979
10000 4.92946
10010 4.92697
10020 4.92233
10030 4.91554
10040 4.9066
10050 4.89553
10060 4.88234
10070 4.86703
10080 4.84962
10090 4.83012
10100 4.80853
10110 4.78488
10120 4.75918
10130 4.73145
10140 4.70169
10150 4.66993
10160 4.63618
10170 4.60046
10180 4.5628
10190 4.52321
10200 4.48171
10210 4.43833
10220 4.39308
10230 4.34599
10240 4.29709
10250 4.24639
10260 4.19393
10270 4.13972
10280 4.0838
10290 4.0262
10300 3.96693
10310 3.90603
10320 3.84353
10330 3.77946
10340 3.71385
10350 3.64672
10360 3.57812
10370 3.50807
10380 3.4366
10390 3.36375
10400 3.28954
10410 3.21403
10420 3.13723
10430 3.05919
10440 2.97993
10450 2.8995
10460 2.81793
10470 2.73526
10480 2.65152
10490 2.56675
10500 2.48099
10510 2.39427
10520 2.30664
10530 2.21813
10540 2.12878
10550 2.03863
10560 1.94772
10570 1.85608
10580 1.76377
10590 1.6708
10600 1.57724
10610 1.48311
10620 1.38845
10630 1.29332
10640 1.19773
10650 1.10175
10660 1.0054
10670 0.908725
10680 0.81177
10690 0.714572
10700 0.617171
10710 0.519609
10720 0.421925
10730 0.32416
10740 0.226354
10750 0.128546
10760 0.030776
10770 -0.0669152
10780 -0.164489
10790 -0.261905
10800 -0.359124
10810 -0.456107
10820 -0.552816
10830 -0.649212
10840 -0.745255
10850 -0.840909
10860 -0.936135
10870 -1.0309
10880 -1.12515
10890 -1.21887
10900 -1.31201
10910 -1.40454
10920 -1.49642
10930 -1.58761
10940 -1.67808
10950 -1.7678
10960 -1.85673
10970 -1.94483
10980 -2.03208
10990 -2.11843
11000 -2.20387
11010 -2.28834
11020 -2.37183
11030 -2.4543
11040 -2.53572
11050 -2.61605
11060 -2.69528
11070 -2.77337
11080 -2.85028
11090 -2.926
11100 -3.0005
11110 -3.07374
11120 -3.14571
11130 -3.21637
11140 -3.28569
11150 -3.35367
11160 -3.42026
11170 -3.48545
11180 -3.54922
11190 -3.61153
11200 -3.67237
11210 -3.73173
11220 -3.78957
11230 -3.84587
11240 -3.90063
11250 -3.95381
11260 -4.00541
11270 -4.0554
11280 -4.10377
11290 -4.1505
11300 -4.19558
11310 -4.23899
11320 -4.28072
11330 -4.32075
11340 -4.35908
11350 -4.39569
11360 -4.43056
11370 -4.4637
11380 -4.49509
11390 -4.52471
11400 -4.55257
11410 -4.57865
11420 -4.60295
11430 -4.62547
11440 -4.64618
11450 -4.6651
11460 -4.68222
11470 -4.69753
11480 -4.71103
11490 -4.72272
11500 -4.7326
11510 -4.74066
11520 -4.74691
11530 -4.75135
11540 -4.75398
11550 -4.7548
11560 -4.75382
11570 -4.75103
11580 -4.74645
11590 -4.74007
11600 -4.7319
11610 -4.72195
11620 -4.71023
11630 -4.69674
11640 -4.68149
11650 -4.66449
11660 -4.64575
11670 -4.62528
11680 -4.60309
11690 -4.57919
11700 -4.55359
11710 -4.52631
11720 -4.49735
11730 -4.46674
11740 -4.43449
11750 -4.4006
11760 -4.3651
11770 -4.32801
11780 -4.28933
11790 -4.2491
11800 -4.20731
11810 -4.164
11820 -4.11917
11830 -4.07286
11840 -4.02508
11850 -3.97585
11860 -3.92518
11870 -3.87311
11880 -3.81965
11890 -3.76483
11900 -3.70867
11910 -3.65118
11920 -3.5924
11930 -3.53235
11940 -3.47105
11950 -3.40853
11960 -3.3448
11970 -3.27991
11980 -3.21387
11990 -3.1467
12000 -3.07844
12010 -3.00912
12020 -2.93875
12030 -2.86737
12040 -2.795
12050 -2.72168
12060 -2.64743
12070 -2.57227
12080 -2.49625
12090 -2.41938
12100 -2.34169
12110 -2.26322
12120 -2.184
12130 -2.10405
12140 -2.02341
12150 -1.9421
12160 -1.86016
12170 -1.77762
12180 -1.6945
12190 -1.61084
12200 -1.52667
12210 -1.44203
12220 -1.35693
12230 -1.27141
12240 -1.18551
12250 -1.09926
12260 -1.01268
12270 -0.925808
12280 -0.838678
12290 -0.751319
12300 -0.663764
12310 -0.576043
12320 -0.488188
12330 -0.40023
12340 -0.312202
12350 -0.224133
12360 -0.136057
12370 -0.0480035
12380 0.0399959
12390 0.12791
12400 0.215708
12410 0.303359
12420 0.390832
12430 0.478097
12440 0.565123
12450 0.651879
12460 0.738337
12470 0.824465
12480 0.910235
12490 0.995616
12500 1.08058
12510 1.16509
12520 1.24913
12530 1.33267
12540 1.41567
12550 1.49811
12560 1.57997
12570 1.6612
12580 1.74179
12590 1.82171
12600 1.90094
12610 1.97944
12620 2.05718
12630 2.13415
12640 2.21032
12650 2.28567
12660 2.36016
12670 2.43377
12680 2.50649
12690 2.57828
12700 2.64912
12710 2.71899
12720 2.78787
12730 2.85573
12740 2.92256
12750 2.98833
12760 3.05302
12770 3.11661
12780 3.17908
12790 3.24041
12800 3.30058
12810 3.35957
12820 3.41737
12830 3.47396
12840 3.52931
12850 3.58341
12860 3.63625
12870 3.68781
12880 3.73807
12890 3.78702
12900 3.83465
12910 3.88093
12920 3.92586
12930 3.96942
12940 4.01161
12950 4.0524
12960 4.09179
12970 4.12976
12980 4.16631
12990 4.20142
13000 4.23508
13010 4.2673
13020 4.29805
13030 4.32732
13040 4.35512
13050 4.38144
13060 4.40626
13070 4.42958
13080 4.4514
13090 4.47171
13100 4.49051
13110 4.50779
13120 4.52355
13130 4.53778
13140 4.55049
13150 4.56167
13160 4.57132
13170 4.57944
13180 4.58603
13190 4.59109
13200 4.59462
13210 4.59662
13220 4.59709
13230 4.59604
13240 4.59346
13250 4.58937
13260 4.58376
13270 4.57663
13280 4.56801
13290 4.55788
13300 4.54625
13310 4.53313
13320 4.51853
13330 4.50245
13340 4.48491
13350 4.4659
13360 4.44544
13370 4.42354
13380 4.4002
13390 4.37544
13400 4.34926
13410 4.32168
13420 4.29271
13430 4.26236
13440 4.23063
13450 4.19755
13460 4.16313
13470 4.12738
13480 4.09031
13490 4.05193
13500 4.01227
13510 3.97133
13520 3.92914
13530 3.8857
13540 3.84103
13550 3.79516
13560 3.74809
13570 3.69984
13580 3.65043
13590 3.59988
13600 3.54821
13610 3.49543
13620 3.44156
13630 3.38662
13640 3.33063
13650 3.27362
13660 3.21559
13670 3.15658
13680 3.09659
13690 3.03566
13700 2.9738
13710 2.91103
13720 2.84738
13730 2.78286
13740 2.71751
13750 2.65133
13760 2.58435
13770 2.5166
13780 2.4481
13790 2.37887
13800 2.30893
13810 2.23831
13820 2.16703
13830 2.09511
13840 2.02258
13850 1.94946
13860 1.87578
13870 1.80156
13880 1.72682
13890 1.65159
13900 1.5759
13910 1.49976
13920 1.4232
13930 1.34625
13940 1.26893
13950 1.19126
13960 1.11328
13970 1.035
13980 0.95646
13990 0.877671
14000 0.798664
14010 0.719462
14020 0.640092
14030 0.560579
14040 0.480946
14050 0.401221
14060 0.321427
14070 0.241589
14080 0.161733
14090 0.0818829
14100 0.00206417
14110 -0.0776986
14120 -0.157381
14130 -0.236958
14140 -0.316405
14150 -0.395697
14160 -0.474811
14170 -0.553723
14180 -0.632407
14190 -0.71084
14200 -0.788998
14210 -0.866858
14220 -0.944395
14230 -1.02159
14240 -1.09841
14250 -1.17484
14260 -1.25085
14270 -1.32643
14280 -1.40155
14290 -1.47618
14300 -1.55031
14310 -1.62391
14320 -1.69697
14330 -1.76945
14340 -1.84134
14350 -1.91261
14360 -1.98326
14370 -2.05324
14380 -2.12256
14390 -2.19117
14400 -2.25907
14410 -2.32624
14420 -2.39265
14430 -2.45829
14440 -2.52314
14450 -2.58717
14460 -2.65038
14470 -2.71274
14480 -2.77423
14490 -2.83484
14500 -2.89455
14510 -2.95335
14520 -3.01121
14530 -3.06812
14540 -3.12407
14550 -3.17903
14560 -3.233
14570 -3.28596
14580 -3.3379
14590 -3.38879
14600 -3.43863
14610 -3.48741
14620 -3.5351
14630 -3.5817
14640 -3.6272
14650 -3.67158
14660 -3.71483
14670 -3.75694
14680 -3.7979
14690 -3.83769
14700 -3.87631
14710 -3.91375
14720 -3.95
14730 -3.98505
14740 -4.01888
14750 -4.0515
14760 -4.08289
14770 -4.11305
14780 -4.14196
14790 -4.16963
14800 -4.19604
14810 -4.22119
14820 -4.24508
14830 -4.26769
14840 -4.28902
14850 -4.30908
14860 -4.32785
14870 -4.34532
14880 -4.36151
14890 -4.3764
14900 -4.38998
14910 -4.40227
14920 -4.41326
14930 -4.42294
14940 -4.43131
14950 -4.43838
14960 -4.44415
14970 -4.4486
14980 -4.45175
14990 -4.4536
15000 -4.45414
15010 -4.45338
15020 -4.45131
15030 -4.44795
15040 -4.4433
15050 -4.43735
15060 -4.43011
15070 -4.42159
15080 -4.41179
15090 -4.40071
15100 -4.38836
15110 -4.37474
15120 -4.35986
15130 -4.34373
15140 -4.32635
15150 -4.30773
15160 -4.28787
15170 -4.26679
15180 -4.24448
15190 -4.22097
15200 -4.19625
15210 -4.17034
15220 -4.14324
15230 -4.11497
15240 -4.08553
15250 -4.05493
15260 -4.02319
15270 -3.99031
15280 -3.95631
15290 -3.9212
15300 -3.88498
15310 -3.84767
15320 -3.80929
15330 -3.76984
15340 -3.72934
15350 -3.6878
15360 -3.64523
15370 -3.60165
15380 -3.55707
15390 -3.5115
15400 -3.46497
15410 -3.41748
15420 -3.36904
15430 -3.31968
15440 -3.26941
15450 -3.21824
15460 -3.16619
15470 -3.11328
15480 -3.05952
15490 -3.00493
15500 -2.94952
15510 -2.89331
15520 -2.83632
15530 -2.77857
15540 -2.72007
15550 -2.66083
15560 -2.60089
15570 -2.54025
15580 -2.47894
15590 -2.41697
15600 -2.35435
15610 -2.29112
15620 -2.22728
15630 -2.16286
15640 -2.09787
15650 -2.03234
15660 -1.96628
15670 -1.89971
15680 -1.83265
15690 -1.76512
15700 -1.69714
15710 -1.62873
15720 -1.55991
15730 -1.49069
15740 -1.42111
15750 -1.35117
15760 -1.28091
15770 -1.21033
15780 -1.13945
15790 -1.06831
15800 -0.996917
15810 -0.925291
15820 -0.853453
15830 -0.781424
15840 -0.709225
15850 -0.636874
15860 -0.564393
15870 -0.491802
15880 -0.41912
15890 -0.346368
15900 -0.273567
15910 -0.200736
15920 -0.127895
15930 -0.0550649
15940 0.0177347
15950 0.0904838
15960 0.163162
15970 0.235751
15980 0.308229
15990 0.380577
16000 0.452775
16010 0.524805
16020 0.596645
16030 0.668278
16040 0.739683
16050 0.810841
16060 0.881734
16070 0.952341
16080 1.02264
16090 1.09263
16100 1.16227
16110 1.23155
16120 1.30045
16130 1.36895
16140 1.43704
16150 1.5047
16160 1.57191
16170 1.63865
16180 1.7049
16190 1.77065
16200 1.83588
16210 1.90058
16220 1.96472
16230 2.02829
16240 2.09127
16250 2.15365
16260 2.21541
16270 2.27653
16280 2.337
16290 2.39681
16300 2.45593
16310 2.51436
16320 2.57207
16330 2.62906
16340 2.68531
16350 2.7408
16360 2.79552
16370 2.84946
16380 2.90261
16390 2.95494
16400 3.00645
16410 3.05713
16420 3.10696
16430 3.15593
16440 3.20403
16450 3.25124
16460 3.29756
16470 3.34297
16480 3.38746
16490 3.43103
16500 3.47365
16510 3.51533
16520 3.55605
16530 3.5958
16540 3.63457
16550 3.67235
16560 3.70914
16570 3.74493
16580 3.7797
16590 3.81345
16600 3.84617
16610 3.87786
16620 3.9085
16630 3.9381
16640 3.96664
16650 3.99411
16660 4.02052
16670 4.04585
16680 4.07011
16690 4.09328
16700 4.11536
16710 4.13634
16720 4.15623
16730 4.17502
16740 4.1927
16750 4.20927
16760 4.22473
16770 4.23907
16780 4.2523
16790 4.26441
16800 4.2754
16810 4.28526
16820 4.294
16830 4.30162
16840 4.30811
16850 4.31348
16860 4.31772
16870 4.32083
16880 4.32282
16890 4.32369
16900 4.32343
16910 4.32205
16920 4.31955
16930 4.31594
16940 4.3112
16950 4.30536
16960 4.2984
16970 4.29033
16980 4.28117
16990 4.2709
17000 4.25953
17010 4.24708
17020 4.23353
17030 4.21891
17040 4.2032
17050 4.18642
17060 4.16858
17070 4.14967
17080 4.12971
17090 4.10871
17100 4.08666
17110 4.06357
17120 4.03946
17130 4.01432
17140 3.98817
17150 3.96102
17160 3.93287
17170 3.90373
17180 3.87361
17190 3.84253
17200 3.81047
17210 3.77747
17220 3.74352
17230 3.70864
17240 3.67284
17250 3.63612
17260 3.59849
17270 3.55998
17280 3.52058
17290 3.48032
17300 3.43919
17310 3.39722
17320 3.35441
17330 3.31077
17340 3.26633
17350 3.22108
17360 3.17504
17370 3.12823
17380 3.08066
17390 3.03233
17400 2.98327
17410 2.93349
17420 2.88299
17430 2.8318
17440 2.77993
17450 2.72738
17460 2.67418
17470 2.62034
17480 2.56587
17490 2.51079
17500 2.45512
17510 2.39885
17520 2.34202
17530 2.28464
17540 2.22672
17550 2.16827
17560 2.10932
17570 2.04987
17580 1.98994
17590 1.92955
17600 1.86872
17610 1.80745
17620 1.74577
17630 1.68369
17640 1.62122
17650 1.55839
17660 1.49521
17670 1.43169
17680 1.36785
17690 1.30371
17700 1.23928
17710 1.17458
17720 1.10963
17730 1.04444
17740 0.979023
17750 0.913405
17760 0.847598
17770 0.781619
17780 0.715484
17790 0.649209
17800 0.582812
17810 0.516309
17820 0.449716
17830 0.383049
17840 0.316326
17850 0.249562
17860 0.182774
17870 0.115979
17880 0.049193
17890 -0.0175679
17900 -0.0842872
17910 -0.150949
17920 -0.217536
17930 -0.284033
17940 -0.350423
17950 -0.416691
17960 -0.48282
17970 -0.548794
17980 -0.614597
17990 -0.680215
18000 -0.745629
18010 -0.810826
18020 -0.87579
18030 -0.940504
18040 -1.00495
18050 -1.06912
18060 -1.133
18070 -1.19656
18080 -1.2598
18090 -1.3227
18100 -1.38524
18110 -1.44741
18120 -1.5092
18130 -1.57059
18140 -1.63156
18150 -1.69211
18160 -1.75221
18170 -1.81186
18180 -1.87104
18190 -1.92973
18200 -1.98793
18210 -2.04561
18220 -2.10277
18230 -2.1594
18240 -2.21547
18250 -2.27098
18260 -2.32591
18270 -2.38026
18280 -2.434
18290 -2.48713
18300 -2.53964
18310 -2.5915
18320 -2.64272
18330 -2.69328
18340 -2.74317
18350 -2.79237
18360 -2.84088
18370 -2.88868
18380 -2.93577
18390 -2.98214
18400 -3.02776
18410 -3.07264
18420 -3.11677
18430 -3.16012
18440 -3.20271
18450 -3.2445
18460 -3.28551
18470 -3.32571
18480 -3.3651
18490 -3.40367
18500 -3.44141
18510 -3.47831
18520 -3.51438
18530 -3.54959
18540 -3.58394
18550 -3.61742
18560 -3.65003
18570 -3.68176
18580 -3.71261
18590 -3.74256
18600 -3.77161
18610 -3.79976
18620 -3.827
18630 -3.85332
18640 -3.87872
18650 -3.9032
18660 -3.92674
18670 -3.94935
18680 -3.97101
18690 -3.99174
18700 -4.01152
18710 -4.03034
18720 -4.04821
18730 -4.06513
18740 -4.08108
18750 -4.09607
18760 -4.11009
18770 -4.12314
18780 -4.13523
18790 -4.14634
18800 -4.15648
18810 -4.16564
18820 -4.17383
18830 -4.18104
18840 -4.18727
18850 -4.19253
18860 -4.1968
18870 -4.2001
18880 -4.20242
18890 -4.20377
18900 -4.20413
18910 -4.20352
18920 -4.20194
18930 -4.19938
18940 -4.19586
18950 -4.19136
18960 -4.18589
18970 -4.17946
18980 -4.17207
18990 -4.16372
19000 -4.15441
19010 -4.14414
19020 -4.13293
19030 -4.12077
19040 -4.10766
19050 -4.09362
19060 -4.07864
19070 -4.06273
19080 -4.04589
19090 -4.02813
19100 -4.00946
19110 -3.98988
19120 -3.96939
19130 -3.948
19140 -3.92572
19150 -3.90255
19160 -3.8785
19170 -3.85357
19180 -3.82777
19190 -3.80112
19200 -3.7736
19210 -3.74524
19220 -3.71604
19230 -3.68601
19240 -3.65515
19250 -3.62348
19260 -3.59099
19270 -3.55771
19280 -3.52363
19290 -3.48877
19300 -3.45314
19310 -3.41673
19320 -3.37957
19330 -3.34167
19340 -3.30302
19350 -3.26365
19360 -3.22355
19370 -3.18275
19380 -3.14125
19390 -3.09906
19400 -3.05618
19410 -3.01264
19420 -2.96845
19430 -2.9236
19440 -2.87812
19450 -2.83201
19460 -2.78529
19470 -2.73796
19480 -2.69004
19490 -2.64154
19500 -2.59247
19510 -2.54284
19520 -2.49267
19530 -2.44196
19540 -2.39073
19550 -2.33899
19560 -2.28675
19570 -2.23402
19580 -2.18083
19590 -2.12717
19600 -2.07306
19610 -2.01851
19620 -1.96354
19630 -1.90816
19640 -1.85239
19650 -1.79622
19660 -1.73969
19670 -1.68279
19680 -1.62555
19690 -1.56798
19700 -1.51008
19710 -1.45188
19720 -1.39339
19730 -1.33462
19740 -1.27557
19750 -1.21628
19760 -1.15674
19770 -1.09698
19780 -1.03701
19790 -0.976835
19800 -0.916475
19810 -0.855942
19820 -0.79525
19830 -0.734413
19840 -0.673445
19850 -0.612358
19860 -0.551167
19870 -0.489884
19880 -0.428525
19890 -0.367102
19900 -0.305629
19910 -0.244119
19920 -0.182586
19930 -0.121044
19940 -0.0595067
19950 0.00201318
19960 0.0635018
19970 0.124946
19980 0.186331
19990 0.247645
20000 0.308874
20010 0.370005
