10 33.8121
20 27.3579
30 18.6852
40 10.1486
50 2.51977
60 -3.92296
70 -9.10977
80 -13.0722
90 -15.8939
100 -17.6846
110 -18.5661
120 -18.6627
130 -18.0966
140 -16.9845
150 -15.4353
160 -13.5492
170 -11.4172
180 -9.1209
190 -6.73242
200 -4.31499
210 -1.92315
220 0.396679
230 2.60567
240 4.67202
250 6.57039
260 8.28129
270 9.79054
280 11.0887
290 12.1707
300 13.0351
310 13.6836
320 14.121
330 14.3543
340 14.3928
350 14.2471
360 13.9294
370 13.4531
380 12.8321
390 12.0811
400 11.2149
410 10.2486
420 9.19724
430 8.07573
440 6.89856
450 5.67984
460 4.43315
470 3.17145
480 1.90703
490 0.651428
500 -0.58458
510 -1.79103
520 -2.95881
530 -4.07962
540 -5.14603
550 -6.15145
560 -7.09014
570 -7.95717
580 -8.74842
590 -9.46055
600 -10.091
610 -10.6378
620 -11.0998
630 -11.4766
640 -11.7682
650 -11.9752
660 -12.0988
670 -12.1408
680 -12.1033
690 -11.9888
700 -11.8002
710 -11.541
720 -11.2145
730 -10.8247
740 -10.3757
750 -9.8715
760 -9.31667
770 -8.71568
780 -8.07311
790 -7.39361
800 -6.68186
810 -5.94255
820 -5.18032
830 -4.39979
840 -3.6055
850 -2.80188
860 -1.99329
870 -1.18394
880 -0.37791
890 0.42089
900 1.2087
910 1.98195
920 2.73725
930 3.4714
940 4.18141
950 4.8645
960 5.5181
970 6.13983
980 6.72757
990 7.27938
1000 7.79356
1010 8.2686
1020 8.70323
1030 9.09637
1040 9.44716
1050 9.75494
1060 10.0192
1070 10.2398
1080 10.4165
1090 10.5495
1100 10.639
1110 10.6855
1120 10.6895
1130 10.6518
1140 10.5732
1150 10.4548
1160 10.2978
1170 10.1033
1180 9.8728
1190 9.60767
1200 9.30949
1210 8.97989
1220 8.62059
1230 8.23335
1240 7.82001
1250 7.38243
1260 6.92253
1270 6.44227
1280 5.94361
1290 5.42854
1300 4.89906
1310 4.35717
1320 3.80487
1330 3.24414
1340 2.67695
1350 2.10525
1360 1.53095
1370 0.955934
1380 0.382055
1390 -0.188891
1400 -0.75515
1410 -1.31502
1420 -1.86686
1430 -2.40908
1440 -2.94015
1450 -3.45863
1460 -3.96312
1470 -4.45229
1480 -4.92491
1490 -5.3798
1500 -5.81586
1510 -6.23207
1520 -6.62749
1530 -7.00126
1540 -7.35258
1550 -7.68075
1560 -7.98515
1570 -8.26522
1580 -8.52049
1590 -8.75057
1600 -8.95515
1610 -9.13397
1620 -9.28688
1630 -9.41378
1640 -9.51465
1650 -9.58953
1660 -9.63854
1670 -9.66187
1680 -9.65975
1690 -9.6325
1700 -9.58048
1710 -9.50412
1720 -9.4039
1730 -9.28034
1740 -9.13404
1750 -8.96561
1760 -8.77573
1770 -8.56512
1780 -8.33452
1790 -8.08474
1800 -7.81659
1810 -7.53094
1820 -7.22865
1830 -6.91065
1840 -6.57786
1850 -6.23124
1860 -5.87175
1870 -5.50037
1880 -5.11811
1890 -4.72597
1900 -4.32495
1910 -3.91609
1920 -3.50039
1930 -3.07887
1940 -2.65255
1950 -2.22244
1960 -1.78954
1970 -1.35485
1980 -0.919355
1990 -0.484021
2000 -0.0498043
2010 0.382356
2020 0.811538
2030 1.23684
2040 1.65739
2050 2.07233
2060 2.48083
2070 2.88207
2080 3.27529
2090 3.65974
2100 4.03468
2110 4.39944
2120 4.75335
2130 5.09578
2140 5.42614
2150 5.74386
2160 6.04842
2170 6.33931
2180 6.61608
2190 6.8783
2200 7.12559
2210 7.35757
2220 7.57394
2230 7.7744
2240 7.95871
2250 8.12665
2260 8.27803
2270 8.41272
2280 8.53059
2290 8.63157
2300 8.71561
2310 8.7827
2320 8.83286
2330 8.86614
2340 8.88262
2350 8.88241
2360 8.86566
2370 8.83254
2380 8.78325
2390 8.718
2400 8.63707
2410 8.54071
2420 8.42924
2430 8.30299
2440 8.16229
2450 8.00753
2460 7.83909
2470 7.65738
2480 7.46284
2490 7.25591
2500 7.03705
2510 6.80674
2520 6.56547
2530 6.31375
2540 6.0521
2550 5.78105
2560 5.50114
2570 5.2129
2580 4.91691
2590 4.61372
2600 4.3039
2610 3.98802
2620 3.66666
2630 3.34039
2640 3.0098
2650 2.67548
2660 2.33799
2670 1.99791
2680 1.65584
2690 1.31233
2700 0.96796
2710 0.623294
2720 0.278891
2730 -0.0646971
2740 -0.406925
2750 -0.747257
2760 -1.08516
2770 -1.42013
2780 -1.75164
2790 -2.0792
2800 -2.40232
2810 -2.72054
2820 -3.03339
2830 -3.34042
2840 -3.6412
2850 -3.93531
2860 -4.22234
2870 -4.5019
2880 -4.77363
2890 -5.03715
2900 -5.29213
2910 -5.53824
2920 -5.77518
2930 -6.00264
2940 -6.22036
2950 -6.42807
2960 -6.62554
2970 -6.81254
2980 -6.98886
2990 -7.15433
3000 -7.30876
3010 -7.45202
3020 -7.58395
3030 -7.70445
3040 -7.81342
3050 -7.91078
3060 -7.99646
3070 -8.07041
3080 -8.13261
3090 -8.18305
3100 -8.22173
3110 -8.24866
3120 -8.2639
3130 -8.26748
3140 -8.25949
3150 -8.24
3160 -8.20912
3170 -8.16696
3180 -8.11364
3190 -8.04932
3200 -7.97415
3210 -7.88831
3220 -7.79196
3230 -7.68532
3240 -7.56858
3250 -7.44198
3260 -7.30573
3270 -7.16008
3280 -7.00529
3290 -6.84162
3300 -6.66934
3310 -6.48872
3320 -6.30007
3330 -6.10367
3340 -5.89983
3350 -5.68886
3360 -5.47109
3370 -5.24683
3380 -5.01641
3390 -4.78018
3400 -4.53846
3410 -4.29161
3420 -4.03997
3430 -3.78389
3440 -3.52372
3450 -3.25982
3460 -2.99255
3470 -2.72226
3480 -2.44931
3490 -2.17406
3500 -1.89687
3510 -1.6181
3520 -1.3381
3530 -1.05723
3540 -0.775841
3550 -0.494287
3560 -0.212916
3570 0.0679285
3580 0.347904
3590 0.626673
3600 0.903901
3610 1.17926
3620 1.45243
3630 1.72308
3640 1.99092
3650 2.25562
3660 2.51689
3670 2.77443
3680 3.02797
3690 3.27721
3700 3.52188
3710 3.76173
3720 3.99648
3730 4.22591
3740 4.44975
3750 4.66778
3760 4.87978
3770 5.08554
3780 5.28484
3790 5.47748
3800 5.66329
3810 5.84208
3820 6.01369
3830 6.17795
3840 6.33471
3850 6.48384
3860 6.62521
3870 6.75869
3880 6.88418
3890 7.00157
3900 7.11077
3910 7.21171
3920 7.30431
3930 7.38851
3940 7.46426
3950 7.53151
3960 7.59025
3970 7.64044
3980 7.68207
3990 7.71514
4000 7.73966
4010 7.75564
4020 7.7631
4030 7.76209
4040 7.75264
4050 7.73481
4060 7.70865
4070 7.67424
4080 7.63166
4090 7.58098
4100 7.52231
4110 7.45574
4120 7.38138
4130 7.29936
4140 7.20979
4150 7.11281
4160 7.00855
4170 6.89716
4180 6.77879
4190 6.6536
4200 6.52175
4210 6.38341
4220 6.23876
4230 6.08797
4240 5.93123
4250 5.76873
4260 5.60067
4270 5.42724
4280 5.24865
4290 5.0651
4300 4.8768
4310 4.68397
4320 4.48683
4330 4.2856
4340 4.08049
4350 3.87173
4360 3.65956
4370 3.44419
4380 3.22586
4390 3.0048
4400 2.78125
4410 2.55543
4420 2.32759
4430 2.09795
4440 1.86676
4450 1.63425
4460 1.40064
4470 1.16619
4480 0.931116
4490 0.695655
4500 0.460039
4510 0.224499
4520 -0.0107384
4530 -0.245445
4540 -0.479397
4550 -0.712372
4560 -0.944148
4570 -1.17451
4580 -1.40324
4590 -1.63013
4600 -1.85497
4610 -2.07756
4620 -2.29769
4630 -2.51516
4640 -2.72979
4650 -2.94137
4660 -3.14973
4670 -3.35468
4680 -3.55604
4690 -3.75365
4700 -3.94732
4710 -4.13691
4720 -4.32224
4730 -4.50317
4740 -4.67955
4750 -4.85122
4760 -5.01807
4770 -5.17994
4780 -5.33671
4790 -5.48827
4800 -5.63448
4810 -5.77525
4820 -5.91047
4830 -6.04003
4840 -6.16385
4850 -6.28182
4860 -6.39388
4870 -6.49995
4880 -6.59995
4890 -6.69382
4900 -6.78149
4910 -6.86293
4920 -6.93807
4930 -7.00688
4940 -7.06932
4950 -7.12537
4960 -7.175
4970 -7.21818
4980 -7.25492
4990 -7.2852
5000 -7.30901
5010 -7.32638
5020 -7.3373
5030 -7.3418
5040 -7.33989
5050 -7.33161
5060 -7.31697
5070 -7.29603
5080 -7.26883
5090 -7.23541
5100 -7.19582
5110 -7.15013
5120 -7.0984
5130 -7.04069
5140 -6.97708
5150 -6.90764
5160 -6.83247
5170 -6.75163
5180 -6.66523
5190 -6.57335
5200 -6.47611
5210 -6.37359
5220 -6.26591
5230 -6.15317
5240 -6.03549
5250 -5.91299
5260 -5.78579
5270 -5.65401
5280 -5.51777
5290 -5.37722
5300 -5.23247
5310 -5.08367
5320 -4.93096
5330 -4.77447
5340 -4.61435
5350 -4.45074
5360 -4.28379
5370 -4.11365
5380 -3.94047
5390 -3.7644
5400 -3.58559
5410 -3.40421
5420 -3.22041
5430 -3.03434
5440 -2.84616
5450 -2.65603
5460 -2.46412
5470 -2.27058
5480 -2.07558
5490 -1.87927
5500 -1.68182
5510 -1.48339
5520 -1.28413
5530 -1.08422
5540 -0.883813
5550 -0.683066
5560 -0.48214
5570 -0.281196
5580 -0.0803908
5590 0.120118
5600 0.320174
5610 0.519623
5620 0.718311
5630 0.916085
5640 1.1128
5650 1.30829
5660 1.50243
5670 1.69506
5680 1.88604
5690 2.07523
5700 2.26249
5710 2.44768
5720 2.63067
5730 2.81132
5740 2.98951
5750 3.1651
5760 3.33798
5770 3.50802
5780 3.6751
5790 3.8391
5800 3.99992
5810 4.15743
5820 4.31154
5830 4.46214
5840 4.60912
5850 4.75239
5860 4.89186
5870 5.02743
5880 5.15902
5890 5.28654
5900 5.40991
5910 5.52905
5920 5.64389
5930 5.75436
5940 5.86038
5950 5.96191
5960 6.05887
5970 6.15122
5980 6.23889
5990 6.32185
6000 6.40004
6010 6.47343
6020 6.54197
6030 6.60564
6040 6.6644
6050 6.71822
6060 6.7671
6070 6.81099
6080 6.8499
6090 6.8838
6100 6.9127
6110 6.93658
6120 6.95544
6130 6.9693
6140 6.97815
6150 6.982
6160 6.98087
6170 6.97477
6180 6.96373
6190 6.94777
6200 6.92692
6210 6.9012
6220 6.87065
6230 6.83532
6240 6.79522
6250 6.75042
6260 6.70096
6270 6.64689
6280 6.58825
6290 6.52511
6300 6.45752
6310 6.38555
6320 6.30926
6330 6.22871
6340 6.14397
6350 6.05512
6360 5.96224
6370 5.86538
6380 5.76465
6390 5.66011
6400 5.55186
6410 5.43997
6420 5.32453
6430 5.20564
6440 5.08339
6450 4.95786
6460 4.82916
6470 4.69738
6480 4.56263
6490 4.425
6500 4.28458
6510 4.1415
6520 3.99585
6530 3.84773
6540 3.69726
6550 3.54454
6560 3.38968
6570 3.2328
6580 3.07399
6590 2.91338
6600 2.75107
6610 2.58718
6620 2.42183
6630 2.25512
6640 2.08717
6650 1.91809
6660 1.74801
6670 1.57703
6680 1.40527
6690 1.23285
6700 1.05987
6710 0.88646
6720 0.712728
6730 0.53879
6740 0.364759
6750 0.19075
6760 0.0168734
6770 -0.156757
6780 -0.330029
6790 -0.502833
6800 -0.675057
6810 -0.846594
6820 -1.01733
6830 -1.18717
6840 -1.35599
6850 -1.5237
6860 -1.69019
6870 -1.85536
6880 -2.01911
6890 -2.18133
6900 -2.34192
6910 -2.5008
6920 -2.65786
6930 -2.81301
6940 -2.96615
6950 -3.11721
6960 -3.26608
6970 -3.41267
6980 -3.55692
6990 -3.69872
7000 -3.838
7010 -3.97468
7020 -4.10868
7030 -4.23992
7040 -4.36833
7050 -4.49384
7060 -4.61637
7070 -4.73587
7080 -4.85226
7090 -4.96549
7100 -5.07548
7110 -5.18219
7120 -5.28555
7130 -5.38551
7140 -5.48202
7150 -5.57503
7160 -5.6645
7170 -5.75037
7180 -5.8326
7190 -5.91116
7200 -5.98601
7210 -6.0571
7220 -6.12442
7230 -6.18793
7240 -6.24759
7250 -6.30339
7260 -6.35531
7270 -6.40331
7280 -6.44739
7290 -6.48752
7300 -6.5237
7310 -6.55591
7320 -6.58415
7330 -6.60841
7340 -6.62868
7350 -6.64496
7360 -6.65726
7370 -6.66558
7380 -6.66992
7390 -6.67029
7400 -6.66671
7410 -6.65918
7420 -6.64772
7430 -6.63236
7440 -6.61309
7450 -6.58996
7460 -6.56298
7470 -6.53219
7480 -6.4976
7490 -6.45924
7500 -6.41716
7510 -6.37139
7520 -6.32195
7530 -6.2689
7540 -6.21227
7550 -6.1521
7560 -6.08844
7570 -6.02133
7580 -5.95082
7590 -5.87697
7600 -5.79982
7610 -5.71942
7620 -5.63584
7630 -5.54912
7640 -5.45933
7650 -5.36653
7660 -5.27077
7670 -5.17212
7680 -5.07064
7690 -4.9664
7700 -4.85946
7710 -4.7499
7720 -4.63777
7730 -4.52316
7740 -4.40613
7750 -4.28676
7760 -4.16512
7770 -4.04128
7780 -3.91532
7790 -3.78731
7800 -3.65734
7810 -3.52548
7820 -3.39181
7830 -3.25641
7840 -3.11936
7850 -2.98074
7860 -2.84063
7870 -2.69911
7880 -2.55627
7890 -2.41219
7900 -2.26696
7910 -2.12064
7920 -1.97334
7930 -1.82513
7940 -1.6761
7950 -1.52633
7960 -1.37591
7970 -1.22492
7980 -1.07345
7990 -0.921571
8000 -0.76938
8010 -0.616958
8020 -0.464388
8030 -0.311754
8040 -0.159141
8050 -0.00662989
8060 0.145695
8070 0.297752
8080 0.449459
8090 0.600735
8100 0.751498
8110 0.901668
8120 1.05117
8130 1.19991
8140 1.34783
8150 1.49484
8160 1.64086
8170 1.78583
8180 1.92966
8190 2.07227
8200 2.21361
8210 2.35359
8220 2.49214
8230 2.6292
8240 2.76469
8250 2.89854
8260 3.03069
8270 3.16107
8280 3.28962
8290 3.41628
8300 3.54097
8310 3.66364
8320 3.78423
8330 3.90269
8340 4.01895
8350 4.13295
8360 4.24465
8370 4.35399
8380 4.46092
8390 4.56539
8400 4.66735
8410 4.76675
8420 4.86355
8430 4.9577
8440 5.04916
8450 5.13789
8460 5.22385
8470 5.307
8480 5.38731
8490 5.46473
8500 5.53925
8510 5.61082
8520 5.67941
8530 5.745
8540 5.80756
8550 5.86707
8560 5.9235
8570 5.97683
8580 6.02704
8590 6.07412
8600 6.11804
8610 6.15878
8620 6.19635
8630 6.23072
8640 6.26189
8650 6.28984
8660 6.31457
8670 6.33608
8680 6.35436
8690 6.3694
8700 6.38122
8710 6.38981
8720 6.39517
8730 6.39731
8740 6.39624
8750 6.39196
8760 6.38448
8770 6.37381
8780 6.35997
8790 6.34297
8800 6.32283
8810 6.29956
8820 6.27318
8830 6.24371
8840 6.21118
8850 6.1756
8860 6.13701
8870 6.09542
8880 6.05086
8890 6.00337
8900 5.95297
8910 5.8997
8920 5.84358
8930 5.78465
8940 5.72295
8950 5.65851
8960 5.59137
8970 5.52157
8980 5.44915
8990 5.37415
9000 5.29661
9010 5.21658
9020 5.1341
9030 5.04922
9040 4.96197
9050 4.87242
9060 4.78061
9070 4.68658
9080 4.59039
9090 4.4921
9100 4.39174
9110 4.28938
9120 4.18506
9130 4.07885
9140 3.9708
9150 3.86096
9160 3.74939
9170 3.63614
9180 3.52129
9190 3.40487
9200 3.28696
9210 3.16761
9220 3.04688
9230 2.92483
9240 2.80153
9250 2.67703
9260 2.5514
9270 2.42469
9280 2.29697
9290 2.16831
9300 2.03876
9310 1.90839
9320 1.77726
9330 1.64544
9340 1.51298
9350 1.37995
9360 1.24642
9370 1.11245
9380 0.978103
9390 0.84344
9400 0.708527
9410 0.573426
9420 0.438202
9430 0.302918
9440 0.167636
9450 0.0324189
9460 -0.10267
9470 -0.237568
9480 -0.372214
9490 -0.506546
9500 -0.640503
9510 -0.774022
9520 -0.907045
9530 -1.03951
9540 -1.17136
9550 -1.30253
9560 -1.43297
9570 -1.56261
9580 -1.6914
9590 -1.81929
9600 -1.9462
9610 -2.0721
9620 -2.19692
9630 -2.32061
9640 -2.44312
9650 -2.56439
9660 -2.68436
9670 -2.803
9680 -2.92024
9690 -3.03603
9700 -3.15034
9710 -3.2631
9720 -3.37427
9730 -3.48381
9740 -3.59166
9750 -3.69779
9760 -3.80215
9770 -3.90469
9780 -4.00537
9790 -4.10415
9800 -4.201
9810 -4.29587
9820 -4.38872
9830 -4.47952
9840 -4.56822
9850 -4.65481
9860 -4.73923
9870 -4.82146
9880 -4.90146
9890 -4.97921
9900 -5.05467
9910 -5.12782
9920 -5.19863
9930 -5.26706
9940 -5.3331
9950 -5.39673
9960 -5.45791
9970 -5.51663
9980 -5.57286
9990 -5.62659
10000 -5.67779
10010 -5.72646
10020 -5.77256
10030 -5.8161
10040 -5.85705
10050 -5.8954
10060 -5.93114
10070 -5.96427
10080 -5.99476
10090 -6.02261
10100 -6.04782
10110 -6.07038
10120 -6.09028
10130 -6.10753
10140 -6.12212
10150 -6.13404
10160 -6.1433
10170 -6.14991
10180 -6.15385
10190 -6.15514
10200 -6.15379
10210 -6.14978
10220 -6.14314
10230 -6.13388
10240 -6.12199
10250 -6.10749
10260 -6.0904
10270 -6.07071
10280 -6.04846
10290 -6.02365
10300 -5.99629
10310 -5.96641
10320 -5.93402
10330 -5.89914
10340 -5.8618
10350 -5.822
10360 -5.77977
10370 -5.73514
10380 -5.68813
10390 -5.63876
10400 -5.58706
10410 -5.53305
10420 -5.47676
10430 -5.41823
10440 -5.35747
10450 -5.29452
10460 -5.22941
10470 -5.16217
10480 -5.09283
10490 -5.02143
10500 -4.94799
10510 -4.87256
10520 -4.79517
10530 -4.71586
10540 -4.63465
10550 -4.5516
10560 -4.46673
10570 -4.38009
10580 -4.29171
10590 -4.20164
10600 -4.10991
10610 -4.01657
10620 -3.92166
10630 -3.82522
10640 -3.72729
10650 -3.62792
10660 -3.52715
10670 -3.42502
10680 -3.32158
10690 -3.21687
10700 -3.11094
10710 -3.00384
10720 -2.8956
10730 -2.78628
10740 -2.67593
10750 -2.56459
10760 -2.4523
10770 -2.33912
10780 -2.22509
10790 -2.11026
10800 -1.99468
10810 -1.8784
10820 -1.76146
10830 -1.64392
10840 -1.52582
10850 -1.40722
10860 -1.28815
10870 -1.16867
10880 -1.04883
10890 -0.928682
10900 -0.808267
10910 -0.687637
10920 -0.566842
10930 -0.445929
10940 -0.324948
10950 -0.203948
10960 -0.0829761
10970 0.0379184
10980 0.158688
10990 0.279284
11000 0.399658
11010 0.519765
11020 0.639555
11030 0.758982
11040 0.877999
11050 0.99656
11060 1.11462
11070 1.23213
11080 1.34904
11090 1.46532
11100 1.58091
11110 1.69577
11120 1.80986
11130 1.92314
11140 2.03555
11150 2.14707
11160 2.25764
11170 2.36722
11180 2.47577
11190 2.58326
11200 2.68964
11210 2.79487
11220 2.89892
11230 3.00174
11240 3.10329
11250 3.20355
11260 3.30247
11270 3.40001
11280 3.49614
11290 3.59083
11300 3.68404
11310 3.77574
11320 3.8659
11330 3.95448
11340 4.04145
11350 4.12678
11360 4.21044
11370 4.2924
11380 4.37263
11390 4.45111
11400 4.52781
11410 4.6027
11420 4.67575
11430 4.74695
11440 4.81626
11450 4.88367
11460 4.94914
11470 5.01267
11480 5.07422
11490 5.13379
11500 5.19134
11510 5.24686
11520 5.30034
11530 5.35175
11540 5.40108
11550 5.44832
11560 5.49345
11570 5.53645
11580 5.57732
11590 5.61605
11600 5.65261
11610 5.68701
11620 5.71923
11630 5.74926
11640 5.7771
11650 5.80274
11660 5.82618
11670 5.8474
11680 5.86641
11690 5.8832
11700 5.89777
11710 5.91012
11720 5.92024
11730 5.92814
11740 5.93382
11750 5.93727
11760 5.93851
11770 5.93753
11780 5.93434
11790 5.92895
11800 5.92135
11810 5.91156
11820 5.89959
11830 5.88543
11840 5.86911
11850 5.85063
11860 5.83
11870 5.80722
11880 5.78233
11890 5.75532
11900 5.72621
11910 5.69502
11920 5.66175
11930 5.62643
11940 5.58907
11950 5.54969
11960 5.50831
11970 5.46495
11980 5.41961
11990 5.37233
12000 5.32313
12010 5.27202
12020 5.21903
12030 5.16418
12040 5.1075
12050 5.049
12060 4.98871
12070 4.92666
12080 4.86287
12090 4.79736
12100 4.73018
12110 4.66133
12120 4.59085
12130 4.51877
12140 4.44512
12150 4.36992
12160 4.2932
12170 4.21501
12180 4.13535
12190 4.05427
12200 3.97181
12210 3.88798
12220 3.80282
12230 3.71637
12240 3.62866
12250 3.53972
12260 3.44958
12270 3.35828
12280 3.26586
12290 3.17235
12300 3.07778
12310 2.98219
12320 2.88562
12330 2.7881
12340 2.68967
12350 2.59036
12360 2.49021
12370 2.38925
12380 2.28754
12390 2.18509
12400 2.08196
12410 1.97817
12420 1.87376
12430 1.76878
12440 1.66326
12450 1.55724
12460 1.45075
12470 1.34384
12480 1.23654
12490 1.1289
12500 1.02094
12510 0.912712
12520 0.80425
12530 0.695593
12540 0.58678
12550 0.477848
12560 0.368836
12570 0.259781
12580 0.150723
12590 0.0416995
12600 -0.0672524
12610 -0.176094
12620 -0.284789
12630 -0.393299
12640 -0.501586
12650 -0.609613
12660 -0.717344
12670 -0.824741
12680 -0.931768
12690 -1.03839
12700 -1.14457
12710 -1.25027
12720 -1.35545
12730 -1.46008
12740 -1.56413
12750 -1.66756
12760 -1.77034
12770 -1.87243
12780 -1.97379
12790 -2.0744
12800 -2.17421
12810 -2.27321
12820 -2.37135
12830 -2.4686
12840 -2.56493
12850 -2.66031
12860 -2.75471
12870 -2.8481
12880 -2.94044
12890 -3.03171
12900 -3.12188
12910 -3.21092
12920 -3.29879
12930 -3.38549
12940 -3.47096
12950 -3.55519
12960 -3.63816
12970 -3.71983
12980 -3.80018
12990 -3.87918
13000 -3.95682
13010 -4.03305
13020 -4.10788
13030 -4.18126
13040 -4.25317
13050 -4.3236
13060 -4.39253
13070 -4.45993
13080 -4.52578
13090 -4.59006
13100 -4.65275
13110 -4.71384
13120 -4.77331
13130 -4.83114
13140 -4.88731
13150 -4.9418
13160 -4.99461
13170 -5.04571
13180 -5.09509
13190 -5.14275
13200 -5.18865
13210 -5.2328
13220 -5.27517
13230 -5.31577
13240 -5.35457
13250 -5.39157
13260 -5.42676
13270 -5.46012
13280 -5.49166
13290 -5.52136
13300 -5.54922
13310 -5.57522
13320 -5.59937
13330 -5.62166
13340 -5.64208
13350 -5.66063
13360 -5.67731
13370 -5.69212
13380 -5.70504
13390 -5.71609
13400 -5.72525
13410 -5.73254
13420 -5.73794
13430 -5.74147
13440 -5.74312
13450 -5.74289
13460 -5.7408
13470 -5.73683
13480 -5.731
13490 -5.72331
13500 -5.71377
13510 -5.70237
13520 -5.68913
13530 -5.67406
13540 -5.65716
13550 -5.63845
13560 -5.61792
13570 -5.59558
13580 -5.57146
13590 -5.54556
13600 -5.51788
13610 -5.48845
13620 -5.45727
13630 -5.42436
13640 -5.38972
13650 -5.35338
13660 -5.31534
13670 -5.27563
13680 -5.23425
13690 -5.19123
13700 -5.14657
13710 -5.1003
13720 -5.05244
13730 -5.00299
13740 -4.95198
13750 -4.89943
13760 -4.84535
13770 -4.78977
13780 -4.7327
13790 -4.67417
13800 -4.6142
13810 -4.5528
13820 -4.49
13830 -4.42582
13840 -4.36029
13850 -4.29342
13860 -4.22524
13870 -4.15577
13880 -4.08504
13890 -4.01307
13900 -3.93988
13910 -3.86551
13920 -3.78996
13930 -3.71328
13940 -3.63549
13950 -3.55661
13960 -3.47666
13970 -3.39568
13980 -3.3137
13990 -3.23073
14000 -3.14681
14010 -3.06196
14020 -2.97622
14030 -2.8896
14040 -2.80215
14050 -2.71388
14060 -2.62483
14070 -2.53502
14080 -2.44449
14090 -2.35326
14100 -2.26136
14110 -2.16882
14120 -2.07567
14130 -1.98195
14140 -1.88768
14150 -1.79289
14160 -1.69761
14170 -1.60187
14180 -1.5057
14190 -1.40914
14200 -1.31221
14210 -1.21494
14220 -1.11736
14230 -1.01951
14240 -0.921414
14250 -0.823103
14260 -0.724607
14270 -0.625958
14280 -0.527185
14290 -0.428319
14300 -0.329391
14310 -0.230432
14320 -0.131471
14330 -0.0325384
14340 0.0663348
14350 0.165119
14360 0.263784
14370 0.362299
14380 0.460636
14390 0.558763
14400 0.656652
14410 0.754274
14420 0.851598
14430 0.948595
14440 1.04524
14450 1.1415
14460 1.23734
14470 1.33274
14480 1.42768
14490 1.52211
14500 1.61602
14510 1.70938
14520 1.80215
14530 1.89432
14540 1.98585
14550 2.07673
14560 2.16691
14570 2.25638
14580 2.3451
14590 2.43306
14600 2.52023
14610 2.60659
14620 2.6921
14630 2.77674
14640 2.8605
14650 2.94334
14660 3.02524
14670 3.10619
14680 3.18615
14690 3.2651
14700 3.34303
14710 3.4199
14720 3.4957
14730 3.57041
14740 3.64401
14750 3.71647
14760 3.78778
14770 3.85792
14780 3.92686
14790 3.99459
14800 4.06109
14810 4.12635
14820 4.19033
14830 4.25304
14840 4.31444
14850 4.37453
14860 4.43328
14870 4.49069
14880 4.54674
14890 4.6014
14900 4.65468
14910 4.70655
14920 4.757
14930 4.80602
14940 4.85359
14950 4.89971
14960 4.94436
14970 4.98753
14980 5.02921
14990 5.0694
15000 5.10807
15010 5.14522
15020 5.18084
15030 5.21493
15040 5.24748
15050 5.27847
15060 5.3079
15070 5.33577
15080 5.36207
15090 5.38679
15100 5.40993
15110 5.43149
15120 5.45145
15130 5.46982
15140 5.48659
15150 5.50176
15160 5.51533
15170 5.52729
15180 5.53765
15190 5.5464
15200 5.55355
15210 5.55909
15220 5.56302
15230 5.56535
15240 5.56607
15250 5.56519
15260 5.56271
15270 5.55864
15280 5.55297
15290 5.54571
15300 5.53686
15310 5.52644
15320 5.51444
15330 5.50086
15340 5.48573
15350 5.46903
15360 5.45078
15370 5.43099
15380 5.40967
15390 5.38681
15400 5.36243
15410 5.33655
15420 5.30916
15430 5.28028
15440 5.24991
15450 5.21808
15460 5.18478
15470 5.15004
15480 5.11386
15490 5.07625
15500 5.03723
15510 4.99681
15520 4.95501
15530 4.91183
15540 4.86729
15550 4.82141
15560 4.77419
15570 4.72567
15580 4.67584
15590 4.62473
15600 4.57235
15610 4.51871
15620 4.46385
15630 4.40776
15640 4.35048
15650 4.29201
15660 4.23237
15670 4.17159
15680 4.10968
15690 4.04666
15700 3.98255
15710 3.91737
15720 3.85114
15730 3.78387
15740 3.71559
15750 3.64632
15760 3.57608
15770 3.50489
15780 3.43277
15790 3.35974
15800 3.28582
15810 3.21104
15820 3.13542
15830 3.05897
15840 2.98173
15850 2.90371
15860 2.82493
15870 2.74542
15880 2.66521
15890 2.58431
15900 2.50274
15910 2.42054
15920 2.33772
15930 2.25431
15940 2.17033
15950 2.08581
15960 2.00077
15970 1.91523
15980 1.82922
15990 1.74276
16000 1.65587
16010 1.56859
16020 1.48093
16030 1.39292
16040 1.30459
16050 1.21595
16060 1.12704
16070 1.03787
16080 0.948476
16090 0.858879
16100 0.769104
16110 0.679174
16120 0.589116
16130 0.498953
16140 0.408711
16150 0.318413
16160 0.228085
16170 0.137751
16180 0.0474349
16190 -0.0428379
16200 -0.133043
16210 -0.223157
16220 -0.313155
16230 -0.403013
16240 -0.492706
16250 -0.582211
16260 -0.671504
16270 -0.760561
16280 -0.849359
16290 -0.937873
16300 -1.02608
16310 -1.11396
16320 -1.20148
16330 -1.28863
16340 -1.37538
16350 -1.4617
16360 -1.54758
16370 -1.633
16380 -1.71792
16390 -1.80233
16400 -1.88621
16410 -1.96953
16420 -2.05228
16430 -2.13443
16440 -2.21596
16450 -2.29684
16460 -2.37707
16470 -2.45661
16480 -2.53545
16490 -2.61357
16500 -2.69095
16510 -2.76756
16520 -2.8434
16530 -2.91843
16540 -2.99264
16550 -3.06602
16560 -3.13853
16570 -3.21018
16580 -3.28093
16590 -3.35077
16600 -3.41968
16610 -3.48765
16620 -3.55465
16630 -3.62068
16640 -3.68571
16650 -3.74973
16660 -3.81273
16670 -3.87469
16680 -3.93558
16690 -3.99541
16700 -4.05415
16710 -4.1118
16720 -4.16832
16730 -4.22373
16740 -4.27799
16750 -4.33109
16760 -4.38304
16770 -4.4338
16780 -4.48338
16790 -4.53175
16800 -4.57891
16810 -4.62485
16820 -4.66956
16830 -4.71302
16840 -4.75522
16850 -4.79617
16860 -4.83584
16870 -4.87423
16880 -4.91133
16890 -4.94713
16900 -4.98163
16910 -5.01481
16920 -5.04667
16930 -5.07721
16940 -5.10641
16950 -5.13428
16960 -5.1608
16970 -5.18597
16980 -5.20978
16990 -5.23224
17000 -5.25333
17010 -5.27305
17020 -5.2914
17030 -5.30838
17040 -5.32398
17050 -5.33821
17060 -5.35105
17070 -5.36251
17080 -5.37258
17090 -5.38127
17100 -5.38857
17110 -5.39449
17120 -5.39902
17130 -5.40217
17140 -5.40393
17150 -5.4043
17160 -5.4033
17170 -5.40091
17180 -5.39715
17190 -5.39201
17200 -5.3855
17210 -5.37762
17220 -5.36837
17230 -5.35776
17240 -5.3458
17250 -5.33248
17260 -5.31781
17270 -5.3018
17280 -5.28446
17290 -5.26578
17300 -5.24578
17310 -5.22446
17320 -5.20183
17330 -5.17789
17340 -5.15266
17350 -5.12614
17360 -5.09834
17370 -5.06927
17380 -5.03893
17390 -5.00734
17400 -4.97451
17410 -4.94044
17420 -4.90515
17430 -4.86864
17440 -4.83093
17450 -4.79202
17460 -4.75194
17470 -4.71068
17480 -4.66826
17490 -4.6247
17500 -4.58
17510 -4.53418
17520 -4.48725
17530 -4.43922
17540 -4.39012
17550 -4.33994
17560 -4.2887
17570 -4.23643
17580 -4.18312
17590 -4.12881
17600 -4.07349
17610 -4.01719
17620 -3.95992
17630 -3.9017
17640 -3.84255
17650 -3.78247
17660 -3.72148
17670 -3.65961
17680 -3.59686
17690 -3.53325
17700 -3.46881
17710 -3.40354
17720 -3.33747
17730 -3.2706
17740 -3.20297
17750 -3.13458
17760 -3.06546
17770 -2.99562
17780 -2.92508
17790 -2.85386
17800 -2.78197
17810 -2.70944
17820 -2.63628
17830 -2.56251
17840 -2.48816
17850 -2.41324
17860 -2.33776
17870 -2.26175
17880 -2.18523
17890 -2.10822
17900 -2.03073
17910 -1.95279
17920 -1.87442
17930 -1.79563
17940 -1.71644
17950 -1.63688
17960 -1.55697
17970 -1.47671
17980 -1.39615
17990 -1.31528
18000 -1.23414
18010 -1.15275
18020 -1.07112
18030 -0.989272
18040 -0.907231
18050 -0.825015
18060 -0.742644
18070 -0.660138
18080 -0.577518
18090 -0.494803
18100 -0.412014
18110 -0.329171
18120 -0.246294
18130 -0.163404
18140 -0.0805189
18150 0.00233955
18160 0.0851518
18170 0.167898
18180 0.250558
18190 0.333112
18200 0.415541
18210 0.497824
18220 0.579942
18230 0.661875
18240 0.743604
18250 0.82511
18260 0.906373
18270 0.987373
18280 1.06809
18290 1.14851
18300 1.22861
18310 1.30837
18320 1.38778
18330 1.46681
18340 1.54544
18350 1.62366
18360 1.70145
18370 1.7788
18380 1.85567
18390 1.93207
18400 2.00796
18410 2.08333
18420 2.15816
18430 2.23244
18440 2.30614
18450 2.37926
18460 2.45177
18470 2.52367
18480 2.59492
18490 2.66552
18500 2.73545
18510 2.80469
18520 2.87323
18530 2.94105
18540 3.00814
18550 3.07449
18560 3.14007
18570 3.20487
18580 3.26888
18590 3.33209
18600 3.39447
18610 3.45602
18620 3.51673
18630 3.57657
18640 3.63554
18650 3.69362
18660 3.75081
18670 3.80708
18680 3.86242
18690 3.91683
18700 3.97029
18710 4.0228
18720 4.07433
18730 4.12488
18740 4.17443
18750 4.22299
18760 4.27053
18770 4.31704
18780 4.36252
18790 4.40696
18800 4.45035
18810 4.49268
18820 4.53393
18830 4.57411
18840 4.6132
18850 4.6512
18860 4.68809
18870 4.72388
18880 4.75855
18890 4.79209
18900 4.82451
18910 4.85578
18920 4.88592
18930 4.91491
18940 4.94274
18950 4.96941
18960 4.99492
18970 5.01926
18980 5.04243
18990 5.06442
19000 5.08523
19010 5.10486
19020 5.12329
19030 5.14054
19040 5.15659
19050 5.17145
19060 5.18511
19070 5.19756
19080 5.20882
19090 5.21887
19100 5.22772
19110 5.23536
19120 5.2418
19130 5.24704
19140 5.25106
19150 5.25388
19160 5.2555
19170 5.25592
19180 5.25513
19190 5.25314
19200 5.24995
19210 5.24556
19220 5.23998
19230 5.2332
19240 5.22524
19250 5.21609
19260 5.20575
19270 5.19424
19280 5.18155
19290 5.16768
19300 5.15265
19310 5.13646
19320 5.11911
19330 5.1006
19340 5.08095
19350 5.06015
19360 5.03822
19370 5.01516
19380 4.99098
19390 4.96568
19400 4.93927
19410 4.91175
19420 4.88315
19430 4.85345
19440 4.82267
19450 4.79082
19460 4.75791
19470 4.72394
19480 4.68892
19490 4.65287
19500 4.61579
19510 4.57769
19520 4.53858
19530 4.49847
19540 4.45737
19550 4.41529
19560 4.37225
19570 4.32824
19580 4.28329
19590 4.2374
19600 4.19059
19610 4.14286
19620 4.09423
19630 4.04471
19640 3.99431
19650 3.94304
19660 3.89092
19670 3.83796
19680 3.78417
19690 3.72957
19700 3.67416
19710 3.61796
19720 3.56099
19730 3.50325
19740 3.44476
19750 3.38554
19760 3.3256
19770 3.26495
19780 3.2036
19790 3.14158
19800 3.07889
19810 3.01555
19820 2.95157
19830 2.88698
19840 2.82177
19850 2.75598
19860 2.68961
19870 2.62268
19880 2.55521
19890 2.4872
19900 2.41869
19910 2.34967
19920 2.28017
19930 2.2102
19940 2.13979
19950 2.06893
19960 1.99766
19970 1.92598
19980 1.85392
19990 1.78149
20000 1.7087
20010 1.63557
