10 22.28
20 19.8754
30 14.9453
40 9.55073
50 4.42398
60 -0.123463
70 -3.96297
80 -7.05876
90 -9.42607
100 -11.109
110 -12.1675
120 -12.6698
130 -12.6874
140 -12.2914
150 -11.5509
160 -10.5313
170 -9.2935
180 -7.89348
190 -6.38198
200 -4.80443
210 -3.20103
220 -1.6069
230 -0.0522974
240 1.43713
250 2.84004
260 4.13907
270 5.32058
280 6.37425
290 7.29284
300 8.07185
310 8.70924
320 9.20511
330 9.56148
340 9.78201
350 9.87178
360 9.83705
370 9.68504
380 9.4238
390 9.06197
400 8.60868
410 8.07333
420 7.46555
430 6.79502
440 6.07138
450 5.30416
460 4.50266
470 3.67593
480 2.83265
490 1.98114
500 1.12928
510 0.284477
520 -0.546345
530 -1.35678
540 -2.14094
550 -2.89348
560 -3.60959
570 -4.285
580 -4.91598
590 -5.49931
600 -6.03229
610 -6.51273
620 -6.93891
630 -7.30956
640 -7.62389
650 -7.88149
660 -8.08238
670 -8.22694
680 -8.31589
690 -8.35029
700 -8.33149
710 -8.26112
720 -8.14105
730 -7.97338
740 -7.76041
750 -7.50461
760 -7.20859
770 -6.87511
780 -6.50702
790 -6.10725
800 -5.67882
810 -5.22477
820 -4.74816
830 -4.25209
840 -3.73962
850 -3.2138
860 -2.67765
870 -2.13411
880 -1.58609
890 -1.0364
900 -0.487767
910 0.0571645
920 0.595866
930 1.12592
940 1.64502
950 2.15099
960 2.64179
970 3.11549
980 3.57031
990 4.00462
1000 4.41691
1010 4.80581
1020 5.17012
1030 5.50875
1040 5.82076
1050 6.10534
1060 6.36185
1070 6.58975
1080 6.78863
1090 6.95824
1100 7.09843
1110 7.20916
1120 7.29055
1130 7.34278
1140 7.36617
1150 7.36115
1160 7.3282
1170 7.26795
1180 7.18108
1190 7.06836
1200 6.93064
1210 6.76883
1220 6.58391
1230 6.37693
1240 6.14898
1250 5.90119
1260 5.63475
1270 5.35088
1280 5.05082
1290 4.73586
1300 4.40729
1310 4.06642
1320 3.71458
1330 3.3531
1340 2.98331
1350 2.60654
1360 2.22411
1370 1.83733
1380 1.44751
1390 1.05591
1400 0.663808
1410 0.27242
1420 -0.117046
1430 -0.503419
1440 -0.885561
1450 -1.26237
1460 -1.63278
1470 -1.99578
1480 -2.35038
1490 -2.69565
1500 -3.0307
1510 -3.35469
1520 -3.66683
1530 -3.96637
1540 -4.25263
1550 -4.52497
1560 -4.78278
1570 -5.02555
1580 -5.25277
1590 -5.46403
1600 -5.65893
1610 -5.83716
1620 -5.99842
1630 -6.1425
1640 -6.26922
1650 -6.37846
1660 -6.47012
1670 -6.5442
1680 -6.60069
1690 -6.63966
1700 -6.66122
1710 -6.66551
1720 -6.65274
1730 -6.62312
1740 -6.57692
1750 -6.51446
1760 -6.43607
1770 -6.34213
1780 -6.23304
1790 -6.10925
1800 -5.97122
1810 -5.81944
1820 -5.65444
1830 -5.47675
1840 -5.28693
1850 -5.08558
1860 -4.87328
1870 -4.65066
1880 -4.41835
1890 -4.17699
1900 -3.92723
1910 -3.66974
1920 -3.40519
1930 -3.13425
1940 -2.85761
1950 -2.57595
1960 -2.28995
1970 -2.00029
1980 -1.70766
1990 -1.41272
2000 -1.11616
2010 -0.818637
2020 -0.520807
2030 -0.22332
2040 0.0731869
2050 0.368087
2060 0.660766
2070 0.950624
2080 1.23708
2090 1.51955
2100 1.7975
2110 2.07037
2120 2.33767
2130 2.59888
2140 2.85353
2150 3.10116
2160 3.34132
2170 3.57361
2180 3.79762
2190 4.01298
2200 4.21934
2210 4.41637
2220 4.60376
2230 4.78124
2240 4.94854
2250 5.10542
2260 5.25168
2270 5.38712
2280 5.51158
2290 5.62492
2300 5.72701
2310 5.81775
2320 5.89709
2330 5.96495
2340 6.02132
2350 6.06619
2360 6.09956
2370 6.12148
2380 6.132
2390 6.13121
2400 6.11918
2410 6.09604
2420 6.06193
2430 6.01699
2440 5.9614
2450 5.89534
2460 5.81902
2470 5.73265
2480 5.63647
2490 5.53072
2500 5.41568
2510 5.29161
2520 5.15881
2530 5.01757
2540 4.86821
2550 4.71104
2560 4.5464
2570 4.37462
2580 4.19606
2590 4.01108
2600 3.82002
2610 3.62326
2620 3.42118
2630 3.21416
2640 3.00256
2650 2.78679
2660 2.56723
2670 2.34426
2680 2.11829
2690 1.88969
2700 1.65887
2710 1.42621
2720 1.19211
2730 0.95694
2740 0.721099
2750 0.484964
2760 0.248915
2770 0.0133243
2780 -0.221438
2790 -0.455009
2800 -0.68703
2810 -0.91715
2820 -1.14502
2830 -1.37031
2840 -1.59268
2850 -1.81182
2860 -2.02741
2870 -2.23913
2880 -2.44671
2890 -2.64985
2900 -2.84827
2910 -3.0417
2920 -3.2299
2930 -3.4126
2940 -3.58959
2950 -3.76062
2960 -3.9255
2970 -4.08401
2980 -4.23597
2990 -4.3812
3000 -4.51952
3010 -4.65078
3020 -4.77485
3030 -4.89158
3040 -5.00085
3050 -5.10256
3060 -5.19661
3070 -5.28292
3080 -5.36141
3090 -5.43203
3100 -5.49472
3110 -5.54944
3120 -5.59617
3130 -5.6349
3140 -5.66562
3150 -5.68834
3160 -5.70308
3170 -5.70987
3180 -5.70874
3190 -5.69976
3200 -5.68299
3210 -5.65848
3220 -5.62634
3230 -5.58664
3240 -5.53948
3250 -5.48499
3260 -5.42327
3270 -5.35445
3280 -5.27867
3290 -5.19608
3300 -5.10682
3310 -5.01104
3320 -4.90893
3330 -4.80065
3340 -4.68638
3350 -4.5663
3360 -4.44062
3370 -4.30952
3380 -4.1732
3390 -4.03188
3400 -3.88577
3410 -3.73508
3420 -3.58003
3430 -3.42085
3440 -3.25777
3450 -3.09101
3460 -2.92081
3470 -2.7474
3480 -2.57103
3490 -2.39192
3500 -2.21033
3510 -2.02648
3520 -1.84063
3530 -1.65302
3540 -1.46389
3550 -1.27348
3560 -1.08203
3570 -0.889791
3580 -0.696996
3590 -0.503886
3600 -0.310699
3610 -0.117669
3620 0.0749696
3630 0.266986
3640 0.458152
3650 0.648242
3660 0.837034
3670 1.02431
3680 1.20985
3690 1.39345
3700 1.5749
3710 1.75399
3720 1.93053
3730 2.10433
3740 2.27518
3750 2.44292
3760 2.60735
3770 2.76832
3780 2.92563
3790 3.07914
3800 3.22869
3810 3.37412
3820 3.5153
3830 3.65207
3840 3.78431
3850 3.91188
3860 4.03468
3870 4.15257
3880 4.26547
3890 4.37325
3900 4.47584
3910 4.57313
3920 4.66505
3930 4.75152
3940 4.83248
3950 4.90786
3960 4.9776
3970 5.04167
3980 5.1
3990 5.15258
4000 5.19937
4010 5.24034
4020 5.27549
4030 5.30481
4040 5.32828
4050 5.34592
4060 5.35773
4070 5.36373
4080 5.36394
4090 5.35839
4100 5.34711
4110 5.33015
4120 5.30755
4130 5.27936
4140 5.24564
4150 5.20644
4160 5.16185
4170 5.11192
4180 5.05675
4190 4.9964
4200 4.93098
4210 4.86056
4220 4.78526
4230 4.70516
4240 4.62038
4250 4.53103
4260 4.43722
4270 4.33906
4280 4.23668
4290 4.1302
4300 4.01975
4310 3.90546
4320 3.78747
4330 3.6659
4340 3.54091
4350 3.41263
4360 3.28121
4370 3.1468
4380 3.00953
4390 2.86957
4400 2.72706
4410 2.58216
4420 2.43502
4430 2.2858
4440 2.13466
4450 1.98175
4460 1.82723
4470 1.67126
4480 1.51401
4490 1.35562
4500 1.19626
4510 1.03609
4520 0.875274
4530 0.71396
4540 0.552312
4550 0.390487
4560 0.22864
4570 0.0669288
4580 -0.0944934
4590 -0.255473
4600 -0.415859
4610 -0.5755
4620 -0.734248
4630 -0.891957
4640 -1.04848
4650 -1.20368
4660 -1.35741
4670 -1.50953
4680 -1.65991
4690 -1.80842
4700 -1.95492
4710 -2.09929
4720 -2.24139
4730 -2.38112
4740 -2.51835
4750 -2.65295
4760 -2.78483
4770 -2.91387
4780 -3.03996
4790 -3.163
4800 -3.28289
4810 -3.39953
4820 -3.51283
4830 -3.62271
4840 -3.72907
4850 -3.83184
4860 -3.93093
4870 -4.02627
4880 -4.1178
4890 -4.20544
4900 -4.28913
4910 -4.36882
4920 -4.44444
4930 -4.51596
4940 -4.58331
4950 -4.64647
4960 -4.70538
4970 -4.76001
4980 -4.81034
4990 -4.85634
5000 -4.89798
5010 -4.93524
5020 -4.96811
5030 -4.99658
5040 -5.02064
5050 -5.04029
5060 -5.05552
5070 -5.06635
5080 -5.07278
5090 -5.07481
5100 -5.07248
5110 -5.06579
5120 -5.05477
5130 -5.03944
5140 -5.01984
5150 -4.996
5160 -4.96795
5170 -4.93574
5180 -4.8994
5190 -4.859
5200 -4.81456
5210 -4.76616
5220 -4.71383
5230 -4.65766
5240 -4.59768
5250 -4.53398
5260 -4.46661
5270 -4.39565
5280 -4.32116
5290 -4.24323
5300 -4.16194
5310 -4.07735
5320 -3.98956
5330 -3.89865
5340 -3.8047
5350 -3.70781
5360 -3.60806
5370 -3.50555
5380 -3.40036
5390 -3.2926
5400 -3.18237
5410 -3.06975
5420 -2.95486
5430 -2.83779
5440 -2.71864
5450 -2.59753
5460 -2.47454
5470 -2.3498
5480 -2.2234
5490 -2.09545
5500 -1.96606
5510 -1.83534
5520 -1.7034
5530 -1.57035
5540 -1.43629
5550 -1.30133
5560 -1.1656
5570 -1.02918
5580 -0.892204
5590 -0.75477
5600 -0.61699
5610 -0.478973
5620 -0.340828
5630 -0.202662
5640 -0.0645839
5650 0.0732998
5660 0.210883
5670 0.34806
5680 0.484726
5690 0.620777
5700 0.756112
5710 0.890628
5720 1.02423
5730 1.1568
5740 1.28827
5750 1.41852
5760 1.54746
5770 1.675
5780 1.80105
5790 1.92552
5800 2.04831
5810 2.16934
5820 2.28853
5830 2.40579
5840 2.52105
5850 2.63421
5860 2.7452
5870 2.85396
5880 2.96039
5890 3.06444
5900 3.16604
5910 3.26511
5920 3.36159
5930 3.45541
5940 3.54653
5950 3.63488
5960 3.7204
5970 3.80304
5980 3.88275
5990 3.95948
6000 4.03319
6010 4.10383
6020 4.17136
6030 4.23574
6040 4.29693
6050 4.35491
6060 4.40963
6070 4.46107
6080 4.50921
6090 4.55402
6100 4.59548
6110 4.63357
6120 4.66827
6130 4.69957
6140 4.72746
6150 4.75193
6160 4.77298
6170 4.79059
6180 4.80478
6190 4.81553
6200 4.82285
6210 4.82676
6220 4.82725
6230 4.82434
6240 4.81804
6250 4.80836
6260 4.79533
6270 4.77896
6280 4.75928
6290 4.73631
6300 4.71007
6310 4.6806
6320 4.64792
6330 4.61208
6340 4.57309
6350 4.531
6360 4.48586
6370 4.43769
6380 4.38655
6390 4.33247
6400 4.2755
6410 4.2157
6420 4.1531
6430 4.08777
6440 4.01975
6450 3.94911
6460 3.87588
6470 3.80015
6480 3.72195
6490 3.64136
6500 3.55843
6510 3.47323
6520 3.38582
6530 3.29627
6540 3.20465
6550 3.11102
6560 3.01544
6570 2.918
6580 2.81876
6590 2.7178
6600 2.61517
6610 2.51097
6620 2.40526
6630 2.29812
6640 2.18962
6650 2.07983
6660 1.96884
6670 1.85673
6680 1.74356
6690 1.62941
6700 1.51437
6710 1.39851
6720 1.2819
6730 1.16464
6740 1.04679
6750 0.928433
6760 0.80965
6770 0.690517
6780 0.571113
6790 0.451515
6800 0.331802
6810 0.212052
6820 0.0923402
6830 -0.0272553
6840 -0.146658
6850 -0.265793
6860 -0.384584
6870 -0.502956
6880 -0.620834
6890 -0.738146
6900 -0.854819
6910 -0.970779
6920 -1.08596
6930 -1.20028
6940 -1.31368
6950 -1.42608
6960 -1.53743
6970 -1.64764
6980 -1.75667
6990 -1.86443
7000 -1.97087
7010 -2.07592
7020 -2.17953
7030 -2.28163
7040 -2.38216
7050 -2.48106
7060 -2.57828
7070 -2.67376
7080 -2.76745
7090 -2.8593
7100 -2.94924
7110 -3.03724
7120 -3.12325
7130 -3.20721
7140 -3.28908
7150 -3.36881
7160 -3.44637
7170 -3.52172
7180 -3.5948
7190 -3.66559
7200 -3.73404
7210 -3.80013
7220 -3.86381
7230 -3.92506
7240 -3.98385
7250 -4.04014
7260 -4.09391
7270 -4.14514
7280 -4.19379
7290 -4.23986
7300 -4.28331
7310 -4.32413
7320 -4.3623
7330 -4.39781
7340 -4.43064
7350 -4.46078
7360 -4.48821
7370 -4.51294
7380 -4.53495
7390 -4.55423
7400 -4.57079
7410 -4.58462
7420 -4.59572
7430 -4.60408
7440 -4.60972
7450 -4.61264
7460 -4.61284
7470 -4.61032
7480 -4.60511
7490 -4.5972
7500 -4.58661
7510 -4.57336
7520 -4.55746
7530 -4.53892
7540 -4.51776
7550 -4.494
7560 -4.46767
7570 -4.43877
7580 -4.40735
7590 -4.37342
7600 -4.33701
7610 -4.29815
7620 -4.25686
7630 -4.21317
7640 -4.16712
7650 -4.11874
7660 -4.06807
7670 -4.01513
7680 -3.95997
7690 -3.90262
7700 -3.84311
7710 -3.7815
7720 -3.71782
7730 -3.65211
7740 -3.58441
7750 -3.51477
7760 -3.44323
7770 -3.36984
7780 -3.29464
7790 -3.21768
7800 -3.13901
7810 -3.05868
7820 -2.97673
7830 -2.89322
7840 -2.8082
7850 -2.72171
7860 -2.63381
7870 -2.54456
7880 -2.454
7890 -2.3622
7900 -2.26919
7910 -2.17505
7920 -2.07981
7930 -1.98355
7940 -1.88631
7950 -1.78816
7960 -1.68914
7970 -1.58931
7980 -1.48874
7990 -1.38747
8000 -1.28557
8010 -1.18309
8020 -1.08009
8030 -0.976632
8040 -0.872767
8050 -0.768556
8060 -0.664056
8070 -0.559324
8080 -0.454418
8090 -0.349395
8100 -0.244313
8110 -0.139228
8120 -0.0341971
8130 0.0707228
8140 0.175476
8150 0.280005
8160 0.384256
8170 0.488173
8180 0.591701
8190 0.694785
8200 0.797371
8210 0.899407
8220 1.00084
8230 1.10161
8240 1.20168
8250 1.30098
8260 1.39947
8270 1.4971
8280 1.59382
8290 1.68958
8300 1.78433
8310 1.87802
8320 1.97061
8330 2.06205
8340 2.15229
8350 2.2413
8360 2.32902
8370 2.41542
8380 2.50045
8390 2.58406
8400 2.66623
8410 2.74691
8420 2.82606
8430 2.90365
8440 2.97963
8450 3.05398
8460 3.12665
8470 3.19762
8480 3.26685
8490 3.33431
8500 3.39997
8510 3.46379
8520 3.52576
8530 3.58584
8540 3.64401
8550 3.70024
8560 3.7545
8570 3.80678
8580 3.85705
8590 3.9053
8600 3.95149
8610 3.99561
8620 4.03765
8630 4.07759
8640 4.11541
8650 4.1511
8660 4.18464
8670 4.21602
8680 4.24524
8690 4.27228
8700 4.29713
8710 4.31979
8720 4.34025
8730 4.3585
8740 4.37455
8750 4.38838
8760 4.4
8770 4.4094
8780 4.41658
8790 4.42156
8800 4.42432
8810 4.42487
8820 4.42323
8830 4.41938
8840 4.41335
8850 4.40513
8860 4.39474
8870 4.38219
8880 4.36749
8890 4.35064
8900 4.33167
8910 4.31059
8920 4.28741
8930 4.26215
8940 4.23483
8950 4.20546
8960 4.17406
8970 4.14065
8980 4.10526
8990 4.0679
9000 4.0286
9010 3.98739
9020 3.94427
9030 3.89929
9040 3.85247
9050 3.80383
9060 3.75339
9070 3.7012
9080 3.64728
9090 3.59166
9100 3.53436
9110 3.47543
9120 3.41488
9130 3.35277
9140 3.28911
9150 3.22394
9160 3.1573
9170 3.08922
9180 3.01973
9190 2.94888
9200 2.8767
9210 2.80323
9220 2.72851
9230 2.65256
9240 2.57544
9250 2.49719
9260 2.41783
9270 2.33741
9280 2.25598
9290 2.17356
9300 2.09021
9310 2.00596
9320 1.92086
9330 1.83495
9340 1.74827
9350 1.66086
9360 1.57276
9370 1.48402
9380 1.39468
9390 1.30479
9400 1.21438
9410 1.1235
9420 1.03219
9430 0.940503
9440 0.848473
9450 0.756147
9460 0.663568
9470 0.570778
9480 0.477823
9490 0.384745
9500 0.291586
9510 0.198392
9520 0.105203
9530 0.0120646
9540 -0.0809821
9550 -0.173894
9560 -0.266629
9570 -0.359145
9580 -0.451399
9590 -0.543351
9600 -0.634958
9610 -0.726181
9620 -0.816977
9630 -0.907306
9640 -0.997128
9650 -1.0864
9660 -1.17509
9670 -1.26316
9680 -1.35056
9690 -1.43726
9700 -1.52322
9710 -1.6084
9720 -1.69277
9730 -1.77629
9740 -1.85892
9750 -1.94063
9760 -2.02138
9770 -2.10115
9780 -2.17989
9790 -2.25757
9800 -2.33416
9810 -2.40963
9820 -2.48394
9830 -2.55707
9840 -2.62899
9850 -2.69966
9860 -2.76905
9870 -2.83715
9880 -2.90392
9890 -2.96933
9900 -3.03336
9910 -3.09598
9920 -3.15716
9930 -3.21689
9940 -3.27514
9950 -3.33189
9960 -3.38711
9970 -3.44079
9980 -3.4929
9990 -3.54342
10000 -3.59233
10010 -3.63962
10020 -3.68528
10030 -3.72927
10040 -3.77159
10050 -3.81222
10060 -3.85114
10070 -3.88835
10080 -3.92383
10090 -3.95757
10100 -3.98955
10110 -4.01977
10120 -4.04822
10130 -4.07489
10140 -4.09976
10150 -4.12284
10160 -4.14412
10170 -4.16358
10180 -4.18123
10190 -4.19707
10200 -4.21108
10210 -4.22327
10220 -4.23363
10230 -4.24217
10240 -4.24888
10250 -4.25376
10260 -4.25682
10270 -4.25806
10280 -4.25748
10290 -4.25508
10300 -4.25088
10310 -4.24486
10320 -4.23705
10330 -4.22745
10340 -4.21606
10350 -4.20289
10360 -4.18796
10370 -4.17127
10380 -4.15283
10390 -4.13266
10400 -4.11076
10410 -4.08715
10420 -4.06183
10430 -4.03484
10440 -4.00617
10450 -3.97585
10460 -3.94389
10470 -3.91031
10480 -3.87513
10490 -3.83835
10500 -3.80001
10510 -3.76011
10520 -3.71869
10530 -3.67575
10540 -3.63133
10550 -3.58543
10560 -3.53809
10570 -3.48933
10580 -3.43916
10590 -3.38762
10600 -3.33472
10610 -3.28049
10620 -3.22496
10630 -3.16815
10640 -3.11009
10650 -3.0508
10660 -2.99031
10670 -2.92864
10680 -2.86583
10690 -2.8019
10700 -2.73689
10710 -2.67081
10720 -2.6037
10730 -2.53559
10740 -2.4665
10750 -2.39647
10760 -2.32554
10770 -2.25371
10780 -2.18104
10790 -2.10755
10800 -2.03327
10810 -1.95823
10820 -1.88247
10830 -1.80602
10840 -1.7289
10850 -1.65116
10860 -1.57282
10870 -1.49392
10880 -1.41449
10890 -1.33456
10900 -1.25417
10910 -1.17334
10920 -1.09212
10930 -1.01054
10940 -0.92862
10950 -0.846406
10960 -0.763929
10970 -0.681222
10980 -0.598317
10990 -0.51525
11000 -0.432052
11010 -0.348757
11020 -0.2654
11030 -0.182012
11040 -0.0986274
11050 -0.0152792
11060 0.0679996
11070 0.151176
11080 0.234218
11090 0.317092
11100 0.399766
11110 0.482208
11120 0.564385
11130 0.646265
11140 0.727818
11150 0.809011
11160 0.889813
11170 0.970193
11180 1.05012
11190 1.12956
11200 1.2085
11210 1.28688
11220 1.3647
11230 1.44191
11240 1.51849
11250 1.59441
11260 1.66964
11270 1.74415
11280 1.81792
11290 1.89091
11300 1.96311
11310 2.03448
11320 2.105
11330 2.17465
11340 2.24339
11350 2.3112
11360 2.37806
11370 2.44394
11380 2.50882
11390 2.57268
11400 2.63549
11410 2.69724
11420 2.75789
11430 2.81743
11440 2.87584
11450 2.93309
11460 2.98917
11470 3.04406
11480 3.09774
11490 3.15019
11500 3.20139
11510 3.25132
11520 3.29998
11530 3.34733
11540 3.39337
11550 3.43808
11560 3.48145
11570 3.52346
11580 3.5641
11590 3.60335
11600 3.64121
11610 3.67766
11620 3.71268
11630 3.74628
11640 3.77844
11650 3.80914
11660 3.83838
11670 3.86616
11680 3.89246
11690 3.91728
11700 3.9406
11710 3.96243
11720 3.98276
11730 4.00157
11740 4.01888
11750 4.03467
11760 4.04895
11770 4.0617
11780 4.07292
11790 4.08262
11800 4.0908
11810 4.09745
11820 4.10257
11830 4.10616
11840 4.10823
11850 4.10878
11860 4.1078
11870 4.10531
11880 4.10131
11890 4.09579
11900 4.08877
11910 4.08024
11920 4.07023
11930 4.05872
11940 4.04573
11950 4.03127
11960 4.01534
11970 3.99795
11980 3.97911
11990 3.95883
12000 3.93712
12010 3.91398
12020 3.88944
12030 3.8635
12040 3.83618
12050 3.80748
12060 3.77742
12070 3.746
12080 3.71326
12090 3.67919
12100 3.64382
12110 3.60716
12120 3.56922
12130 3.53002
12140 3.48958
12150 3.44791
12160 3.40503
12170 3.36095
12180 3.31571
12190 3.2693
12200 3.22176
12210 3.1731
12220 3.12334
12230 3.0725
12240 3.0206
12250 2.96766
12260 2.9137
12270 2.85875
12280 2.80281
12290 2.74592
12300 2.6881
12310 2.62937
12320 2.56975
12330 2.50926
12340 2.44793
12350 2.38577
12360 2.32282
12370 2.2591
12380 2.19463
12390 2.12943
12400 2.06354
12410 1.99696
12420 1.92974
12430 1.86188
12440 1.79343
12450 1.7244
12460 1.65481
12470 1.5847
12480 1.51409
12490 1.443
12500 1.37147
12510 1.2995
12520 1.22715
12530 1.15442
12540 1.08134
12550 1.00794
12560 0.934252
12570 0.860294
12580 0.786095
12590 0.711681
12600 0.637078
12610 0.562312
12620 0.487411
12630 0.412399
12640 0.337304
12650 0.262151
12660 0.186966
12670 0.111776
12680 0.0366067
12690 -0.038516
12700 -0.113566
12710 -0.188518
12720 -0.263346
12730 -0.338025
12740 -0.412528
12750 -0.486831
12760 -0.560908
12770 -0.634734
12780 -0.708285
12790 -0.781535
12800 -0.85446
12810 -0.927035
12820 -0.999237
12830 -1.07104
12840 -1.14242
12850 -1.21336
12860 -1.28382
12870 -1.3538
12880 -1.42326
12890 -1.49218
12900 -1.56053
12910 -1.62831
12920 -1.69548
12930 -1.76202
12940 -1.82792
12950 -1.89314
12960 -1.95767
12970 -2.02149
12980 -2.08458
12990 -2.14691
13000 -2.20847
13010 -2.26924
13020 -2.3292
13030 -2.38833
13040 -2.44661
13050 -2.50402
13060 -2.56054
13070 -2.61617
13080 -2.67087
13090 -2.72464
13100 -2.77745
13110 -2.82929
13120 -2.88014
13130 -2.93
13140 -2.97884
13150 -3.02664
13160 -3.07341
13170 -3.11911
13180 -3.16374
13190 -3.20728
13200 -3.24972
13210 -3.29105
13220 -3.33126
13230 -3.37033
13240 -3.40826
13250 -3.44503
13260 -3.48063
13270 -3.51505
13280 -3.54829
13290 -3.58033
13300 -3.61116
13310 -3.64078
13320 -3.66918
13330 -3.69635
13340 -3.72228
13350 -3.74697
13360 -3.77041
13370 -3.79259
13380 -3.81352
13390 -3.83318
13400 -3.85157
13410 -3.86868
13420 -3.88452
13430 -3.89908
13440 -3.91235
13450 -3.92434
13460 -3.93504
13470 -3.94445
13480 -3.95256
13490 -3.95939
13500 -3.96492
13510 -3.96916
13520 -3.97211
13530 -3.97377
13540 -3.97415
13550 -3.97323
13560 -3.97103
13570 -3.96754
13580 -3.96278
13590 -3.95674
13600 -3.94943
13610 -3.94085
13620 -3.93101
13630 -3.91991
13640 -3.90755
13650 -3.89395
13660 -3.87911
13670 -3.86303
13680 -3.84573
13690 -3.8272
13700 -3.80747
13710 -3.78653
13720 -3.76439
13730 -3.74107
13740 -3.71657
13750 -3.6909
13760 -3.66407
13770 -3.63609
13780 -3.60698
13790 -3.57674
13800 -3.54538
13810 -3.51292
13820 -3.47937
13830 -3.44474
13840 -3.40904
13850 -3.37229
13860 -3.3345
13870 -3.29568
13880 -3.25584
13890 -3.21501
13900 -3.17319
13910 -3.13039
13920 -3.08665
13930 -3.04196
13940 -2.99634
13950 -2.94982
13960 -2.9024
13970 -2.85411
13980 -2.80495
13990 -2.75495
14000 -2.70412
14010 -2.65248
14020 -2.60005
14030 -2.54684
14040 -2.49287
14050 -2.43817
14060 -2.38274
14070 -2.3266
14080 -2.26979
14090 -2.2123
14100 -2.15417
14110 -2.09541
14120 -2.03604
14130 -1.97608
14140 -1.91554
14150 -1.85446
14160 -1.79285
14170 -1.73072
14180 -1.6681
14190 -1.60501
14200 -1.54147
14210 -1.4775
14220 -1.41312
14230 -1.34834
14240 -1.2832
14250 -1.21771
14260 -1.15189
14270 -1.08576
14280 -1.01934
14290 -0.952655
14300 -0.885725
14310 -0.818571
14320 -0.751213
14330 -0.683672
14340 -0.615969
14350 -0.548124
14360 -0.48016
14370 -0.412096
14380 -0.343953
14390 -0.275753
14400 -0.207517
14410 -0.139265
14420 -0.0710172
14430 -0.00279551
14440 0.0653797
14450 0.133488
14460 0.201508
14470 0.269421
14480 0.337205
14490 0.40484
14500 0.472305
14510 0.539582
14520 0.606649
14530 0.673487
14540 0.740075
14550 0.806394
14560 0.872425
14570 0.938148
14580 1.00354
14590 1.06859
14600 1.13327
14610 1.19757
14620 1.26147
14630 1.32494
14640 1.38797
14650 1.45055
14660 1.51264
14670 1.57425
14680 1.63533
14690 1.69589
14700 1.75591
14710 1.81535
14720 1.87422
14730 1.93249
14740 1.99014
14750 2.04716
14760 2.10353
14770 2.15925
14780 2.21428
14790 2.26862
14800 2.32224
14810 2.37515
14820 2.42731
14830 2.47873
14840 2.52937
14850 2.57923
14860 2.6283
14870 2.67656
14880 2.724
14890 2.7706
14900 2.81636
14910 2.86125
14920 2.90528
14930 2.94842
14940 2.99067
14950 3.03201
14960 3.07243
14970 3.11193
14980 3.15048
14990 3.18809
15000 3.22475
15010 3.26043
15020 3.29514
15030 3.32886
15040 3.36159
15050 3.39332
15060 3.42404
15070 3.45374
15080 3.48242
15090 3.51006
15100 3.53667
15110 3.56223
15120 3.58674
15130 3.6102
15140 3.63259
15150 3.65392
15160 3.67417
15170 3.69335
15180 3.71145
15190 3.72846
15200 3.74439
15210 3.75922
15220 3.77296
15230 3.78561
15240 3.79716
15250 3.80761
15260 3.81695
15270 3.82519
15280 3.83233
15290 3.83837
15300 3.8433
15310 3.84712
15320 3.84984
15330 3.85146
15340 3.85198
15350 3.85139
15360 3.8497
15370 3.84692
15380 3.84304
15390 3.83806
15400 3.832
15410 3.82485
15420 3.81661
15430 3.8073
15440 3.79691
15450 3.78544
15460 3.77291
15470 3.75932
15480 3.74467
15490 3.72897
15500 3.71223
15510 3.69444
15520 3.67563
15530 3.65578
15540 3.63492
15550 3.61304
15560 3.59016
15570 3.56628
15580 3.54142
15590 3.51557
15600 3.48875
15610 3.46096
15620 3.43223
15630 3.40254
15640 3.37192
15650 3.34038
15660 3.30792
15670 3.27455
15680 3.24029
15690 3.20515
15700 3.16913
15710 3.13225
15720 3.09452
15730 3.05594
15740 3.01655
15750 2.97633
15760 2.93532
15770 2.89351
15780 2.85092
15790 2.80757
15800 2.76347
15810 2.71863
15820 2.67306
15830 2.62678
15840 2.5798
15850 2.53214
15860 2.4838
15870 2.43481
15880 2.38518
15890 2.33492
15900 2.28405
15910 2.23258
15920 2.18053
15930 2.12791
15940 2.07473
15950 2.02102
15960 1.96679
15970 1.91205
15980 1.85682
15990 1.80111
16000 1.74495
16010 1.68834
16020 1.63131
16030 1.57386
16040 1.51602
16050 1.4578
16060 1.39922
16070 1.3403
16080 1.28104
16090 1.22148
16100 1.16161
16110 1.10147
16120 1.04106
16130 0.980413
16140 0.919533
16150 0.858441
16160 0.797153
16170 0.735687
16180 0.67406
16190 0.612288
16200 0.550389
16210 0.488378
16220 0.426274
16230 0.364093
16240 0.301852
16250 0.239567
16260 0.177256
16270 0.114936
16280 0.0526229
16290 -0.00966602
16300 -0.0719141
16310 -0.134105
16320 -0.196221
16330 -0.258247
16340 -0.320165
16350 -0.381959
16360 -0.443614
16370 -0.505111
16380 -0.566436
16390 -0.627572
16400 -0.688502
16410 -0.749212
16420 -0.809684
16430 -0.869903
16440 -0.929853
16450 -0.989519
16460 -1.04888
16470 -1.10793
16480 -1.16665
16490 -1.22503
16500 -1.28304
16510 -1.34068
16520 -1.39792
16530 -1.45476
16540 -1.51118
16550 -1.56716
16560 -1.6227
16570 -1.67777
16580 -1.73237
16590 -1.78647
16600 -1.84007
16610 -1.89315
16620 -1.9457
16630 -1.9977
16640 -2.04915
16650 -2.10002
16660 -2.15031
16670 -2.20001
16680 -2.24909
16690 -2.29756
16700 -2.34539
16710 -2.39258
16720 -2.43911
16730 -2.48498
16740 -2.53017
16750 -2.57466
16760 -2.61846
16770 -2.66154
16780 -2.7039
16790 -2.74554
16800 -2.78642
16810 -2.82656
16820 -2.86594
16830 -2.90454
16840 -2.94237
16850 -2.97941
16860 -3.01565
16870 -3.05108
16880 -3.0857
16890 -3.1195
16900 -3.15247
16910 -3.1846
16920 -3.21588
16930 -3.24632
16940 -3.27589
16950 -3.3046
16960 -3.33244
16970 -3.3594
16980 -3.38547
16990 -3.41066
17000 -3.43495
17010 -3.45834
17020 -3.48083
17030 -3.5024
17040 -3.52306
17050 -3.5428
17060 -3.56162
17070 -3.57951
17080 -3.59648
17090 -3.6125
17100 -3.6276
17110 -3.64175
17120 -3.65496
17130 -3.66723
17140 -3.67855
17150 -3.68893
17160 -3.69835
17170 -3.70683
17180 -3.71435
17190 -3.72092
17200 -3.72654
17210 -3.7312
17220 -3.73491
17230 -3.73767
17240 -3.73947
17250 -3.74032
17260 -3.74023
17270 -3.73918
17280 -3.73718
17290 -3.73423
17300 -3.73034
17310 -3.72551
17320 -3.71973
17330 -3.71302
17340 -3.70537
17350 -3.69679
17360 -3.68727
17370 -3.67684
17380 -3.66548
17390 -3.6532
17400 -3.64001
17410 -3.6259
17420 -3.6109
17430 -3.59499
17440 -3.57819
17450 -3.56049
17460 -3.54192
17470 -3.52246
17480 -3.50213
17490 -3.48093
17500 -3.45888
17510 -3.43596
17520 -3.41221
17530 -3.38761
17540 -3.36217
17550 -3.33591
17560 -3.30884
17570 -3.28095
17580 -3.25226
17590 -3.22277
17600 -3.1925
17610 -3.16145
17620 -3.12963
17630 -3.09704
17640 -3.06371
17650 -3.02963
17660 -2.99482
17670 -2.95929
17680 -2.92304
17690 -2.88609
17700 -2.84844
17710 -2.81011
17720 -2.77111
17730 -2.73144
17740 -2.69111
17750 -2.65015
17760 -2.60855
17770 -2.56633
17780 -2.52351
17790 -2.48008
17800 -2.43607
17810 -2.39148
17820 -2.34633
17830 -2.30063
17840 -2.25438
17850 -2.20761
17860 -2.16032
17870 -2.11253
17880 -2.06424
17890 -2.01548
17900 -1.96625
17910 -1.91657
17920 -1.86644
17930 -1.81589
17940 -1.76492
17950 -1.71354
17960 -1.66178
17970 -1.60964
17980 -1.55713
17990 -1.50428
18000 -1.45109
18010 -1.39757
18020 -1.34374
18030 -1.28962
18040 -1.23521
18050 -1.18054
18060 -1.1256
18070 -1.07042
18080 -1.01502
18090 -0.959396
18100 -0.903572
18110 -0.84756
18120 -0.791374
18130 -0.735028
18140 -0.678534
18150 -0.621908
18160 -0.565163
18170 -0.508312
18180 -0.45137
18190 -0.39435
18200 -0.337267
18210 -0.280134
18220 -0.222965
18230 -0.165773
18240 -0.108573
18250 -0.0513781
18260 0.00579772
18270 0.0629409
18280 0.120038
18290 0.177074
18300 0.234038
18310 0.290914
18320 0.347689
18330 0.40435
18340 0.460883
18350 0.517275
18360 0.573513
18370 0.629584
18380 0.685473
18390 0.741169
18400 0.796658
18410 0.851926
18420 0.906962
18430 0.961752
18440 1.01628
18450 1.07054
18460 1.12452
18470 1.1782
18480 1.23157
18490 1.28462
18500 1.33734
18510 1.38971
18520 1.44172
18530 1.49337
18540 1.54463
18550 1.5955
18560 1.64596
18570 1.69601
18580 1.74563
18590 1.79482
18600 1.84355
18610 1.89182
18620 1.93962
18630 1.98694
18640 2.03377
18650 2.08009
18660 2.12589
18670 2.17118
18680 2.21593
18690 2.26013
18700 2.30378
18710 2.34687
18720 2.38938
18730 2.43132
18740 2.47266
18750 2.5134
18760 2.55353
18770 2.59304
18780 2.63192
18790 2.67017
18800 2.70778
18810 2.74473
18820 2.78103
18830 2.81665
18840 2.85161
18850 2.88588
18860 2.91946
18870 2.95234
18880 2.98452
18890 3.01599
18900 3.04675
18910 3.07678
18920 3.10608
18930 3.13464
18940 3.16247
18950 3.18954
18960 3.21587
18970 3.24144
18980 3.26624
18990 3.29028
19000 3.31354
19010 3.33603
19020 3.35773
19030 3.37865
19040 3.39879
19050 3.41812
19060 3.43666
19070 3.4544
19080 3.47134
19090 3.48747
19100 3.50279
19110 3.5173
19120 3.53099
19130 3.54386
19140 3.55592
19150 3.56716
19160 3.57757
19170 3.58716
19180 3.59592
19190 3.60386
19200 3.61097
19210 3.61725
19220 3.6227
19230 3.62732
19240 3.63111
19250 3.63407
19260 3.63621
19270 3.63751
19280 3.63799
19290 3.63763
19300 3.63645
19310 3.63445
19320 3.63162
19330 3.62797
19340 3.6235
19350 3.6182
19360 3.61209
19370 3.60517
19380 3.59743
19390 3.58888
19400 3.57953
19410 3.56937
19420 3.55841
19430 3.54665
19440 3.5341
19450 3.52076
19460 3.50663
19470 3.49171
19480 3.47602
19490 3.45955
19500 3.44232
19510 3.42432
19520 3.40555
19530 3.38604
19540 3.36577
19550 3.34476
19560 3.323
19570 3.30052
19580 3.2773
19590 3.25336
19600 3.22871
19610 3.20335
19620 3.17728
19630 3.15052
19640 3.12307
19650 3.09493
19660 3.06612
19670 3.03663
19680 3.00649
19690 2.97569
19700 2.94425
19710 2.91216
19720 2.87944
19730 2.8461
19740 2.81215
19750 2.77758
19760 2.74242
19770 2.70666
19780 2.67033
19790 2.63342
19800 2.59594
19810 2.55791
19820 2.51933
19830 2.48022
19840 2.44057
19850 2.40041
19860 2.35973
19870 2.31856
19880 2.27689
19890 2.23474
19900 2.19212
19910 2.14904
19920 2.10551
19930 2.06154
19940 2.01713
19950 1.9723
19960 1.92707
19970 1.88143
19980 1.8354
19990 1.78899
20000 1.74221
20010 1.69507
