10 -12.7324
20 -13.2532
30 -11.2402
40 -8.39369
50 -5.36153
60 -2.45306
70 0.173494
80 2.43969
90 4.31338
100 5.79067
110 6.88536
120 7.62222
130 8.03266
140 8.15169
150 8.01591
160 7.66204
170 7.12593
180 6.44183
190 5.64197
200 4.75622
210 3.8119
220 2.83373
230 1.84379
240 0.861557
250 -0.096008
260 -1.01437
270 -1.88129
280 -2.68667
290 -3.42244
300 -4.08239
310 -4.66198
320 -5.15825
330 -5.56963
340 -5.89581
350 -6.13756
360 -6.29667
370 -6.37575
380 -6.37814
390 -6.3078
400 -6.16919
410 -5.96719
420 -5.70698
430 -5.39399
440 -5.03381
450 -4.63209
460 -4.19456
470 -3.72686
480 -3.23459
490 -2.72322
500 -2.19804
510 -1.66417
520 -1.1265
530 -0.589653
540 -0.058007
550 0.464351
560 0.973627
570 1.46633
580 1.93928
590 2.3896
600 2.81474
610 3.21244
620 3.58077
630 3.91806
640 4.22299
650 4.49446
660 4.73169
670 4.93414
680 5.10153
690 5.23381
700 5.33115
710 5.39394
720 5.42276
730 5.41837
740 5.3817
750 5.31384
760 5.21601
770 5.08954
780 4.93591
790 4.75664
800 4.55339
810 4.32785
820 4.08178
830 3.817
840 3.53533
850 3.23865
860 2.92882
870 2.60771
880 2.27721
890 1.93915
900 1.59537
910 1.24765
920 0.897752
930 0.547378
940 0.198184
950 -0.148235
960 -0.490345
970 -0.826682
980 -1.15585
990 -1.47653
1000 -1.78747
1010 -2.08752
1020 -2.3756
1030 -2.65069
1040 -2.9119
1050 -3.15838
1060 -3.38939
1070 -3.60428
1080 -3.80245
1090 -3.98343
1100 -4.1468
1110 -4.29223
1120 -4.41947
1130 -4.52834
1140 -4.61876
1150 -4.69069
1160 -4.74418
1170 -4.77936
1180 -4.79639
1190 -4.79552
1200 -4.77705
1210 -4.74135
1220 -4.68883
1230 -4.61995
1240 -4.53521
1250 -4.43517
1260 -4.32043
1270 -4.19162
1280 -4.0494
1290 -3.89446
1300 -3.72752
1310 -3.54933
1320 -3.36066
1330 -3.16229
1340 -2.95502
1350 -2.73964
1360 -2.51699
1370 -2.28788
1380 -2.05314
1390 -1.81359
1400 -1.57005
1410 -1.32335
1420 -1.07429
1430 -0.823664
1440 -0.572271
1450 -0.320881
1460 -0.0702504
1470 0.178879
1480 0.425788
1490 0.669776
1500 0.910168
1510 1.14631
1520 1.37757
1530 1.60336
1540 1.82309
1550 2.03622
1560 2.24224
1570 2.44066
1580 2.63102
1590 2.8129
1600 2.9859
1610 3.14966
1620 3.30386
1630 3.44818
1640 3.58238
1650 3.7062
1660 3.81946
1670 3.92197
1680 4.0136
1690 4.09423
1700 4.1638
1710 4.22224
1720 4.26955
1730 4.30572
1740 4.3308
1750 4.34485
1760 4.34796
1770 4.34025
1780 4.32185
1790 4.29293
1800 4.25369
1810 4.20433
1820 4.14507
1830 4.07618
1840 3.99792
1850 3.91058
1860 3.81447
1870 3.70989
1880 3.5972
1890 3.47673
1900 3.34885
1910 3.21393
1920 3.07235
1930 2.92451
1940 2.7708
1950 2.61164
1960 2.44742
1970 2.27858
1980 2.10554
1990 1.92871
2000 1.74853
2010 1.56542
2020 1.37982
2030 1.19214
2040 1.00281
2050 0.812257
2060 0.620898
2070 0.429148
2080 0.237414
2090 0.0460997
2100 -0.144398
2110 -0.333689
2120 -0.521393
2130 -0.707138
2140 -0.89056
2150 -1.07131
2160 -1.24903
2170 -1.42341
2180 -1.59411
2190 -1.76083
2200 -1.92327
2210 -2.08115
2220 -2.2342
2230 -2.38215
2240 -2.52476
2250 -2.66181
2260 -2.79307
2270 -2.91835
2280 -3.03744
2290 -3.15019
2300 -3.25642
2310 -3.35599
2320 -3.44877
2330 -3.53465
2340 -3.61352
2350 -3.6853
2360 -3.7499
2370 -3.80728
2380 -3.85738
2390 -3.90018
2400 -3.93566
2410 -3.96381
2420 -3.98465
2430 -3.99819
2440 -4.00447
2450 -4.00354
2460 -3.99547
2470 -3.98031
2480 -3.95817
2490 -3.92912
2500 -3.89329
2510 -3.85078
2520 -3.80172
2530 -3.74625
2540 -3.68452
2550 -3.61668
2560 -3.5429
2570 -3.46335
2580 -3.3782
2590 -3.28765
2600 -3.1919
2610 -3.09113
2620 -2.98557
2630 -2.87542
2640 -2.7609
2650 -2.64224
2660 -2.51965
2670 -2.39338
2680 -2.26366
2690 -2.13072
2700 -1.99481
2710 -1.85616
2720 -1.71503
2730 -1.57165
2740 -1.42628
2750 -1.27916
2760 -1.13053
2770 -0.980654
2780 -0.829763
2790 -0.678107
2800 -0.525929
2810 -0.373471
2820 -0.220973
2830 -0.0686721
2840 0.0831982
2850 0.234406
2860 0.384725
2870 0.53393
2880 0.681801
2890 0.828123
2900 0.972684
2910 1.11528
2920 1.25571
2930 1.39377
2940 1.52928
2950 1.66206
2960 1.79191
2970 1.91868
2980 2.04219
2990 2.16229
3000 2.27882
3010 2.39164
3020 2.5006
3030 2.60558
3040 2.70644
3050 2.80307
3060 2.89537
3070 2.98321
3080 3.06652
3090 3.1452
3100 3.21916
3110 3.28834
3120 3.35267
3130 3.41208
3140 3.46653
3150 3.51597
3160 3.56037
3170 3.59969
3180 3.63392
3190 3.66303
3200 3.68703
3210 3.7059
3220 3.71965
3230 3.72831
3240 3.73188
3250 3.7304
3260 3.72389
3270 3.71241
3280 3.69598
3290 3.67467
3300 3.64853
3310 3.61763
3320 3.58203
3330 3.54182
3340 3.49707
3350 3.44787
3360 3.3943
3370 3.33647
3380 3.27447
3390 3.20842
3400 3.13841
3410 3.06457
3420 2.987
3430 2.90584
3440 2.8212
3450 2.73322
3460 2.64202
3470 2.54774
3480 2.45051
3490 2.35048
3500 2.24778
3510 2.14257
3520 2.03498
3530 1.92516
3540 1.81327
3550 1.69944
3560 1.58384
3570 1.46662
3580 1.34792
3590 1.22791
3600 1.10673
3610 0.984543
3620 0.861497
3630 0.737748
3640 0.61345
3650 0.488754
3660 0.363813
3670 0.238777
3680 0.113796
3690 -0.0109806
3700 -0.135407
3710 -0.259337
3720 -0.382627
3730 -0.505135
3740 -0.626723
3750 -0.747251
3760 -0.866586
3770 -0.984594
3780 -1.10115
3790 -1.21611
3800 -1.32937
3810 -1.4408
3820 -1.55028
3830 -1.6577
3840 -1.76294
3850 -1.86589
3860 -1.96646
3870 -2.06453
3880 -2.16001
3890 -2.25281
3900 -2.34283
3910 -2.42999
3920 -2.51421
3930 -2.5954
3940 -2.67349
3950 -2.74841
3960 -2.82009
3970 -2.88847
3980 -2.95349
3990 -3.0151
4000 -3.07325
4010 -3.12788
4020 -3.17896
4030 -3.22645
4040 -3.27031
4050 -3.31052
4060 -3.34704
4070 -3.37987
4080 -3.40898
4090 -3.43435
4100 -3.45599
4110 -3.47387
4120 -3.48802
4130 -3.49841
4140 -3.50508
4150 -3.50801
4160 -3.50724
4170 -3.50278
4180 -3.49464
4190 -3.48286
4200 -3.46747
4210 -3.4485
4220 -3.42598
4230 -3.39996
4240 -3.37048
4250 -3.33759
4260 -3.30133
4270 -3.26176
4280 -3.21894
4290 -3.17292
4300 -3.12377
4310 -3.07155
4320 -3.01633
4330 -2.95818
4340 -2.89717
4350 -2.83338
4360 -2.76687
4370 -2.69774
4380 -2.62606
4390 -2.55192
4400 -2.4754
4410 -2.39659
4420 -2.31558
4430 -2.23245
4440 -2.14731
4450 -2.06023
4460 -1.97132
4470 -1.88068
4480 -1.78839
4490 -1.69456
4500 -1.59929
4510 -1.50267
4520 -1.40481
4530 -1.30579
4540 -1.20574
4550 -1.10474
4560 -1.0029
4570 -0.900317
4580 -0.797096
4590 -0.693337
4600 -0.589143
4610 -0.484613
4620 -0.37985
4630 -0.274952
4640 -0.170021
4650 -0.0651552
4660 0.0395468
4670 0.143987
4680 0.248069
4690 0.351696
4700 0.454775
4710 0.55721
4720 0.658909
4730 0.759781
4740 0.859737
4750 0.958687
4760 1.05654
4770 1.15322
4780 1.24864
4790 1.34272
4800 1.43537
4810 1.52651
4820 1.61608
4830 1.70399
4840 1.79017
4850 1.87456
4860 1.95707
4870 2.03766
4880 2.11624
4890 2.19277
4900 2.26717
4910 2.33939
4920 2.40938
4930 2.47708
4940 2.54244
4950 2.60541
4960 2.66595
4970 2.72402
4980 2.77956
4990 2.83255
5000 2.88294
5010 2.93071
5020 2.97581
5030 3.01823
5040 3.05794
5050 3.09491
5060 3.12912
5070 3.16055
5080 3.18919
5090 3.21502
5100 3.23803
5110 3.25822
5120 3.27557
5130 3.29009
5140 3.30176
5150 3.3106
5160 3.3166
5170 3.31978
5180 3.32013
5190 3.31768
5200 3.31243
5210 3.3044
5220 3.2936
5230 3.28006
5240 3.2638
5250 3.24483
5260 3.2232
5270 3.19892
5280 3.17203
5290 3.14255
5300 3.11053
5310 3.076
5320 3.03899
5330 2.99955
5340 2.95772
5350 2.91353
5360 2.86705
5370 2.8183
5380 2.76735
5390 2.71423
5400 2.65901
5410 2.60174
5420 2.54246
5430 2.48123
5440 2.41811
5450 2.35317
5460 2.28645
5470 2.21801
5480 2.14793
5490 2.07625
5500 2.00305
5510 1.92838
5520 1.85232
5530 1.77492
5540 1.69626
5550 1.61639
5560 1.53539
5570 1.45333
5580 1.37027
5590 1.28629
5600 1.20145
5610 1.11581
5620 1.02946
5630 0.94246
5640 0.85488
5650 0.766791
5660 0.678262
5670 0.589365
5680 0.500169
5690 0.410743
5700 0.321159
5710 0.231484
5720 0.141789
5730 0.0521417
5740 -0.0373891
5750 -0.126736
5760 -0.21583
5770 -0.304606
5780 -0.392997
5790 -0.480937
5800 -0.568361
5810 -0.655205
5820 -0.741405
5830 -0.826899
5840 -0.911626
5850 -0.995522
5860 -1.07853
5870 -1.16059
5880 -1.24164
5890 -1.32163
5900 -1.4005
5910 -1.4782
5920 -1.55467
5930 -1.62986
5940 -1.70372
5950 -1.7762
5960 -1.84724
5970 -1.91681
5980 -1.98486
5990 -2.05134
6000 -2.1162
6010 -2.17941
6020 -2.24093
6030 -2.30071
6040 -2.35873
6050 -2.41493
6060 -2.46929
6070 -2.52178
6080 -2.57236
6090 -2.621
6100 -2.66768
6110 -2.71236
6120 -2.75502
6130 -2.79565
6140 -2.8342
6150 -2.87067
6160 -2.90504
6170 -2.93728
6180 -2.96738
6190 -2.99533
6200 -3.02112
6210 -3.04473
6220 -3.06615
6230 -3.08537
6240 -3.1024
6250 -3.11721
6260 -3.12982
6270 -3.14022
6280 -3.1484
6290 -3.15438
6300 -3.15814
6310 -3.15971
6320 -3.15907
6330 -3.15625
6340 -3.15125
6350 -3.14407
6360 -3.13474
6370 -3.12326
6380 -3.10965
6390 -3.09392
6400 -3.0761
6410 -3.05619
6420 -3.03423
6430 -3.01024
6440 -2.98422
6450 -2.95622
6460 -2.92625
6470 -2.89434
6480 -2.86052
6490 -2.82482
6500 -2.78726
6510 -2.74789
6520 -2.70672
6530 -2.6638
6540 -2.61915
6550 -2.57282
6560 -2.52483
6570 -2.47524
6580 -2.42406
6590 -2.37135
6600 -2.31714
6610 -2.26148
6620 -2.2044
6630 -2.14594
6640 -2.08616
6650 -2.02509
6660 -1.96277
6670 -1.89926
6680 -1.8346
6690 -1.76882
6700 -1.70199
6710 -1.63414
6720 -1.56533
6730 -1.4956
6740 -1.42499
6750 -1.35357
6760 -1.28137
6770 -1.20845
6780 -1.13485
6790 -1.06063
6800 -0.985831
6810 -0.910507
6820 -0.834709
6830 -0.758484
6840 -0.681885
6850 -0.60496
6860 -0.527761
6870 -0.450337
6880 -0.372738
6890 -0.295014
6900 -0.217215
6910 -0.139391
6920 -0.0615915
6930 0.016135
6940 0.0937392
6950 0.171173
6960 0.248387
6970 0.325333
6980 0.401965
6990 0.478235
7000 0.554095
7010 0.629501
7020 0.704405
7030 0.778763
7040 0.85253
7050 0.925661
7060 0.998113
7070 1.06984
7080 1.14081
7090 1.21097
7100 1.28028
7110 1.3487
7120 1.41619
7130 1.48272
7140 1.54825
7150 1.61273
7160 1.67613
7170 1.73842
7180 1.79956
7190 1.85951
7200 1.91825
7210 1.97574
7220 2.03195
7230 2.08684
7240 2.1404
7250 2.19258
7260 2.24337
7270 2.29273
7280 2.34065
7290 2.38709
7300 2.43202
7310 2.47544
7320 2.51731
7330 2.55762
7340 2.59635
7350 2.63347
7360 2.66897
7370 2.70283
7380 2.73504
7390 2.76558
7400 2.79444
7410 2.8216
7420 2.84706
7430 2.8708
7440 2.89282
7450 2.9131
7460 2.93164
7470 2.94843
7480 2.96348
7490 2.97676
7500 2.98828
7510 2.99805
7520 3.00605
7530 3.01228
7540 3.01676
7550 3.01947
7560 3.02043
7570 3.01964
7580 3.01709
7590 3.01281
7600 3.00679
7610 2.99905
7620 2.98959
7630 2.97842
7640 2.96555
7650 2.951
7660 2.93478
7670 2.9169
7680 2.89737
7690 2.87622
7700 2.85346
7710 2.8291
7720 2.80316
7730 2.77567
7740 2.74663
7750 2.71608
7760 2.68403
7770 2.65051
7780 2.61553
7790 2.57913
7800 2.54132
7810 2.50213
7820 2.46159
7830 2.41972
7840 2.37654
7850 2.3321
7860 2.2864
7870 2.2395
7880 2.1914
7890 2.14214
7900 2.09176
7910 2.04028
7920 1.98773
7930 1.93415
7940 1.87957
7950 1.82402
7960 1.76754
7970 1.71015
7980 1.65189
7990 1.5928
8000 1.53291
8010 1.47225
8020 1.41086
8030 1.34878
8040 1.28604
8050 1.22268
8060 1.15873
8070 1.09422
8080 1.02921
8090 0.963712
8100 0.897776
8110 0.831435
8120 0.764727
8130 0.697688
8140 0.630356
8150 0.562766
8160 0.494957
8170 0.426965
8180 0.358826
8190 0.290579
8200 0.22226
8210 0.153905
8220 0.0855508
8230 0.0172343
8240 -0.0510084
8250 -0.119141
8260 -0.187128
8270 -0.254934
8280 -0.322522
8290 -0.389858
8300 -0.456906
8310 -0.523633
8320 -0.590003
8330 -0.655983
8340 -0.721538
8350 -0.786635
8360 -0.851241
8370 -0.915324
8380 -0.978851
8390 -1.04179
8400 -1.10411
8410 -1.16578
8420 -1.22677
8430 -1.28704
8440 -1.34658
8450 -1.40535
8460 -1.46332
8470 -1.52046
8480 -1.57674
8490 -1.63215
8500 -1.68665
8510 -1.74021
8520 -1.79281
8530 -1.84443
8540 -1.89504
8550 -1.94462
8560 -1.99315
8570 -2.04059
8580 -2.08694
8590 -2.13217
8600 -2.17626
8610 -2.21918
8620 -2.26093
8630 -2.30148
8640 -2.34081
8650 -2.37891
8660 -2.41576
8670 -2.45134
8680 -2.48564
8690 -2.51865
8700 -2.55035
8710 -2.58073
8720 -2.60977
8730 -2.63747
8740 -2.66381
8750 -2.68879
8760 -2.71239
8770 -2.73461
8780 -2.75543
8790 -2.77486
8800 -2.79287
8810 -2.80948
8820 -2.82467
8830 -2.83844
8840 -2.85078
8850 -2.8617
8860 -2.87118
8870 -2.87924
8880 -2.88586
8890 -2.89105
8900 -2.89481
8910 -2.89714
8920 -2.89804
8930 -2.89751
8940 -2.89557
8950 -2.8922
8960 -2.88742
8970 -2.88124
8980 -2.87365
8990 -2.86467
9000 -2.8543
9010 -2.84256
9020 -2.82944
9030 -2.81496
9040 -2.79914
9050 -2.78197
9060 -2.76347
9070 -2.74366
9080 -2.72254
9090 -2.70013
9100 -2.67644
9110 -2.65149
9120 -2.62529
9130 -2.59786
9140 -2.56921
9150 -2.53936
9160 -2.50833
9170 -2.47613
9180 -2.44278
9190 -2.4083
9200 -2.3727
9210 -2.33602
9220 -2.29826
9230 -2.25946
9240 -2.21962
9250 -2.17877
9260 -2.13693
9270 -2.09413
9280 -2.05038
9290 -2.00571
9300 -1.96014
9310 -1.9137
9320 -1.8664
9330 -1.81828
9340 -1.76936
9350 -1.71965
9360 -1.6692
9370 -1.61801
9380 -1.56613
9390 -1.51356
9400 -1.46035
9410 -1.40651
9420 -1.35207
9430 -1.29706
9440 -1.24151
9450 -1.18544
9460 -1.12888
9470 -1.07185
9480 -1.01439
9490 -0.956524
9500 -0.898274
9510 -0.83967
9520 -0.780741
9530 -0.721514
9540 -0.662018
9550 -0.602279
9560 -0.542327
9570 -0.482188
9580 -0.421892
9590 -0.361465
9600 -0.300936
9610 -0.240333
9620 -0.179683
9630 -0.119014
9640 -0.0583535
9650 0.00227033
9660 0.0628303
9670 0.123299
9680 0.183649
9690 0.243854
9700 0.303887
9710 0.36372
9720 0.423328
9730 0.482683
9740 0.54176
9750 0.600532
9760 0.658974
9770 0.71706
9780 0.774765
9790 0.832063
9800 0.888931
9810 0.945343
9820 1.00127
9830 1.0567
9840 1.1116
9850 1.16595
9860 1.21973
9870 1.27291
9880 1.32546
9890 1.37738
9900 1.42864
9910 1.47921
9920 1.52907
9930 1.57821
9940 1.6266
9950 1.67423
9960 1.72107
9970 1.76711
9980 1.81232
9990 1.85669
10000 1.9002
10010 1.94284
10020 1.98458
10030 2.02541
10040 2.06532
10050 2.10428
10060 2.14229
10070 2.17933
10080 2.21538
10090 2.25043
10100 2.28447
10110 2.31748
10120 2.34946
10130 2.38038
10140 2.41025
10150 2.43904
10160 2.46675
10170 2.49337
10180 2.51889
10190 2.5433
10200 2.56659
10210 2.58876
10220 2.60979
10230 2.62968
10240 2.64843
10250 2.66602
10260 2.68246
10270 2.69773
10280 2.71184
10290 2.72477
10300 2.73653
10310 2.74712
10320 2.75653
10330 2.76476
10340 2.7718
10350 2.77767
10360 2.78235
10370 2.78585
10380 2.78817
10390 2.78931
10400 2.78927
10410 2.78805
10420 2.78566
10430 2.7821
10440 2.77738
10450 2.77149
10460 2.76445
10470 2.75626
10480 2.74691
10490 2.73643
10500 2.72482
10510 2.71207
10520 2.69821
10530 2.68324
10540 2.66716
10550 2.64999
10560 2.63174
10570 2.61241
10580 2.59201
10590 2.57056
10600 2.54807
10610 2.52454
10620 2.49999
10630 2.47443
10640 2.44788
10650 2.42034
10660 2.39183
10670 2.36237
10680 2.33196
10690 2.30062
10700 2.26837
10710 2.23522
10720 2.20118
10730 2.16628
10740 2.13052
10750 2.09393
10760 2.05651
10770 2.0183
10780 1.97929
10790 1.93952
10800 1.899
10810 1.85774
10820 1.81577
10830 1.77311
10840 1.72976
10850 1.68575
10860 1.6411
10870 1.59584
10880 1.54997
10890 1.50351
10900 1.4565
10910 1.40894
10920 1.36086
10930 1.31227
10940 1.26321
10950 1.21368
10960 1.16371
10970 1.11332
10980 1.06254
10990 1.01137
11000 0.959851
11010 0.907993
11020 0.855821
11030 0.803356
11040 0.750619
11050 0.697631
11060 0.644415
11070 0.590991
11080 0.537382
11090 0.483608
11100 0.429691
11110 0.375653
11120 0.321516
11130 0.2673
11140 0.213028
11150 0.158721
11160 0.1044
11170 0.0500867
11180 -0.00419772
11190 -0.058432
11200 -0.112595
11210 -0.166665
11220 -0.220622
11230 -0.274445
11240 -0.328113
11250 -0.381605
11260 -0.434901
11270 -0.48798
11280 -0.540822
11290 -0.593407
11300 -0.645715
11310 -0.697727
11320 -0.749421
11330 -0.80078
11340 -0.851784
11350 -0.902414
11360 -0.95265
11370 -1.00247
11380 -1.05187
11390 -1.10081
11400 -1.14929
11410 -1.19729
11420 -1.24478
11430 -1.29175
11440 -1.33819
11450 -1.38407
11460 -1.42938
11470 -1.47411
11480 -1.51823
11490 -1.56174
11500 -1.60461
11510 -1.64683
11520 -1.68839
11530 -1.72927
11540 -1.76945
11550 -1.80893
11560 -1.84769
11570 -1.88572
11580 -1.92299
11590 -1.95951
11600 -1.99525
11610 -2.03021
11620 -2.06437
11630 -2.09773
11640 -2.13026
11650 -2.16197
11660 -2.19283
11670 -2.22284
11680 -2.25199
11690 -2.28027
11700 -2.30767
11710 -2.33419
11720 -2.3598
11730 -2.38451
11740 -2.40831
11750 -2.43119
11760 -2.45315
11770 -2.47417
11780 -2.49425
11790 -2.51338
11800 -2.53156
11810 -2.54879
11820 -2.56506
11830 -2.58036
11840 -2.59469
11850 -2.60805
11860 -2.62043
11870 -2.63184
11880 -2.64226
11890 -2.6517
11900 -2.66015
11910 -2.66761
11920 -2.67409
11930 -2.67958
11940 -2.68408
11950 -2.68758
11960 -2.6901
11970 -2.69164
11980 -2.69218
11990 -2.69174
12000 -2.69031
12010 -2.6879
12020 -2.68452
12030 -2.68015
12040 -2.67482
12050 -2.66851
12060 -2.66124
12070 -2.65301
12080 -2.64382
12090 -2.63367
12100 -2.62258
12110 -2.61055
12120 -2.59759
12130 -2.58369
12140 -2.56888
12150 -2.55314
12160 -2.5365
12170 -2.51896
12180 -2.50052
12190 -2.4812
12200 -2.46101
12210 -2.43994
12220 -2.41802
12230 -2.39524
12240 -2.37163
12250 -2.34719
12260 -2.32192
12270 -2.29585
12280 -2.26897
12290 -2.24131
12300 -2.21287
12310 -2.18367
12320 -2.15371
12330 -2.12301
12340 -2.09158
12350 -2.05943
12360 -2.02658
12370 -1.99303
12380 -1.95881
12390 -1.92391
12400 -1.88837
12410 -1.85219
12420 -1.81538
12430 -1.77796
12440 -1.73994
12450 -1.70134
12460 -1.66217
12470 -1.62245
12480 -1.58219
12490 -1.54141
12500 -1.50012
12510 -1.45833
12520 -1.41607
12530 -1.37334
12540 -1.33017
12550 -1.28657
12560 -1.24255
12570 -1.19814
12580 -1.15334
12590 -1.10817
12600 -1.06266
12610 -1.01681
12620 -0.970642
12630 -0.924175
12640 -0.877424
12650 -0.830406
12660 -0.783137
12670 -0.735634
12680 -0.687915
12690 -0.639994
12700 -0.591891
12710 -0.543621
12720 -0.495201
12730 -0.446649
12740 -0.397981
12750 -0.349214
12760 -0.300366
12770 -0.251452
12780 -0.202491
12790 -0.153498
12800 -0.104491
12810 -0.0554859
12820 -0.00650051
12830 0.0424489
12840 0.0913457
12850 0.140173
12860 0.188915
12870 0.237554
12880 0.286075
12890 0.334461
12900 0.382695
12910 0.430762
12920 0.478645
12930 0.526329
12940 0.573798
12950 0.621035
12960 0.668026
12970 0.714754
12980 0.761205
12990 0.807363
13000 0.853213
13010 0.89874
13020 0.943928
13030 0.988765
13040 1.03323
13050 1.07732
13060 1.12101
13070 1.1643
13080 1.20715
13090 1.24957
13100 1.29154
13110 1.33305
13120 1.37408
13130 1.41462
13140 1.45465
13150 1.49417
13160 1.53316
13170 1.57161
13180 1.60951
13190 1.64684
13200 1.6836
13210 1.71977
13220 1.75534
13230 1.7903
13240 1.82465
13250 1.85836
13260 1.89143
13270 1.92385
13280 1.95562
13290 1.98671
13300 2.01712
13310 2.04685
13320 2.07588
13330 2.1042
13340 2.13181
13350 2.1587
13360 2.18486
13370 2.21028
13380 2.23496
13390 2.25889
13400 2.28206
13410 2.30447
13420 2.3261
13430 2.34696
13440 2.36704
13450 2.38633
13460 2.40483
13470 2.42254
13480 2.43944
13490 2.45553
13500 2.47081
13510 2.48528
13520 2.49894
13530 2.51177
13540 2.52378
13550 2.53496
13560 2.54532
13570 2.55484
13580 2.56353
13590 2.57139
13600 2.57841
13610 2.58459
13620 2.58994
13630 2.59445
13640 2.59812
13650 2.60095
13660 2.60295
13670 2.60411
13680 2.60443
13690 2.60392
13700 2.60258
13710 2.6004
13720 2.59739
13730 2.59355
13740 2.58889
13750 2.58341
13760 2.57711
13770 2.56999
13780 2.56205
13790 2.55331
13800 2.54376
13810 2.53341
13820 2.52226
13830 2.51032
13840 2.4976
13850 2.48409
13860 2.4698
13870 2.45475
13880 2.43892
13890 2.42234
13900 2.40501
13910 2.38693
13920 2.36811
13930 2.34856
13940 2.32828
13950 2.30729
13960 2.28558
13970 2.26318
13980 2.24007
13990 2.21629
14000 2.19182
14010 2.16669
14020 2.14089
14030 2.11445
14040 2.08736
14050 2.05964
14060 2.03129
14070 2.00234
14080 1.97278
14090 1.94262
14100 1.91189
14110 1.88058
14120 1.8487
14130 1.81628
14140 1.78332
14150 1.74982
14160 1.71581
14170 1.68129
14180 1.64627
14190 1.61077
14200 1.5748
14210 1.53837
14220 1.50148
14230 1.46416
14240 1.42642
14250 1.38826
14260 1.3497
14270 1.31076
14280 1.27144
14290 1.23175
14300 1.19172
14310 1.15134
14320 1.11065
14330 1.06964
14340 1.02833
14350 0.986739
14360 0.944873
14370 0.902748
14380 0.860377
14390 0.817774
14400 0.77495
14410 0.73192
14420 0.688698
14430 0.645296
14440 0.601728
14450 0.558007
14460 0.514147
14470 0.470162
14480 0.426065
14490 0.381869
14500 0.337588
14510 0.293235
14520 0.248824
14530 0.204369
14540 0.159883
14550 0.115379
14560 0.0708706
14570 0.0263717
14580 -0.0181047
14590 -0.0625451
14600 -0.106936
14610 -0.151265
14620 -0.195518
14630 -0.239682
14640 -0.283744
14650 -0.327691
14660 -0.37151
14670 -0.415188
14680 -0.458712
14690 -0.502069
14700 -0.545247
14710 -0.588233
14720 -0.631014
14730 -0.673579
14740 -0.715914
14750 -0.758007
14760 -0.799846
14770 -0.84142
14780 -0.882715
14790 -0.923721
14800 -0.964425
14810 -1.00482
14820 -1.04488
14830 -1.08461
14840 -1.12399
14850 -1.16302
14860 -1.20167
14870 -1.23995
14880 -1.27783
14890 -1.31531
14900 -1.35237
14910 -1.38902
14920 -1.42523
14930 -1.461
14940 -1.49632
14950 -1.53117
14960 -1.56555
14970 -1.59945
14980 -1.63285
14990 -1.66576
15000 -1.69816
15010 -1.73004
15020 -1.76139
15030 -1.79221
15040 -1.82248
15050 -1.85221
15060 -1.88137
15070 -1.90997
15080 -1.93799
15090 -1.96543
15100 -1.99228
15110 -2.01853
15120 -2.04418
15130 -2.06922
15140 -2.09365
15150 -2.11745
15160 -2.14062
15170 -2.16316
15180 -2.18506
15190 -2.20632
15200 -2.22692
15210 -2.24686
15220 -2.26615
15230 -2.28477
15240 -2.30272
15250 -2.32
15260 -2.33659
15270 -2.35251
15280 -2.36774
15290 -2.38228
15300 -2.39612
15310 -2.40927
15320 -2.42173
15330 -2.43348
15340 -2.44453
15350 -2.45487
15360 -2.4645
15370 -2.47342
15380 -2.48164
15390 -2.48913
15400 -2.49592
15410 -2.50199
15420 -2.50734
15430 -2.51198
15440 -2.5159
15450 -2.5191
15460 -2.52159
15470 -2.52336
15480 -2.52441
15490 -2.52475
15500 -2.52437
15510 -2.52328
15520 -2.52148
15530 -2.51896
15540 -2.51574
15550 -2.51181
15560 -2.50717
15570 -2.50182
15580 -2.49578
15590 -2.48904
15600 -2.4816
15610 -2.47347
15620 -2.46465
15630 -2.45514
15640 -2.44496
15650 -2.43409
15660 -2.42254
15670 -2.41033
15680 -2.39745
15690 -2.38391
15700 -2.3697
15710 -2.35485
15720 -2.33935
15730 -2.3232
15740 -2.30642
15750 -2.28901
15760 -2.27097
15770 -2.25231
15780 -2.23304
15790 -2.21315
15800 -2.19267
15810 -2.17159
15820 -2.14992
15830 -2.12766
15840 -2.10484
15850 -2.08144
15860 -2.05749
15870 -2.03298
15880 -2.00792
15890 -1.98232
15900 -1.9562
15910 -1.92955
15920 -1.90238
15930 -1.87471
15940 -1.84654
15950 -1.81788
15960 -1.78874
15970 -1.75912
15980 -1.72904
15990 -1.69851
16000 -1.66753
16010 -1.63611
16020 -1.60426
16030 -1.57199
16040 -1.53931
16050 -1.50623
16060 -1.47276
16070 -1.43891
16080 -1.40469
16090 -1.37011
16100 -1.33517
16110 -1.2999
16120 -1.26429
16130 -1.22835
16140 -1.19211
16150 -1.15557
16160 -1.11873
16170 -1.08161
16180 -1.04423
16190 -1.00658
16200 -0.968685
16210 -0.93055
16220 -0.892187
16230 -0.853607
16240 -0.814819
16250 -0.775835
16260 -0.736666
16270 -0.697323
16280 -0.657815
16290 -0.618155
16300 -0.578352
16310 -0.538419
16320 -0.498365
16330 -0.458201
16340 -0.41794
16350 -0.37759
16360 -0.337165
16370 -0.296673
16380 -0.256127
16390 -0.215537
16400 -0.174914
16410 -0.134269
16420 -0.0936125
16430 -0.0529561
16440 -0.0123103
16450 0.0283141
16460 0.0689062
16470 0.109455
16480 0.149951
16490 0.190382
16500 0.230737
16510 0.271007
16520 0.311181
16530 0.351248
16540 0.391197
16550 0.431018
16560 0.470701
16570 0.510236
16580 0.549612
16590 0.588818
16600 0.627846
16610 0.666683
16620 0.705322
16630 0.743751
16640 0.781961
16650 0.819942
16660 0.857684
16670 0.895178
16680 0.932414
16690 0.969383
16700 1.00607
16710 1.04248
16720 1.07859
16730 1.1144
16740 1.14989
16750 1.18506
16760 1.2199
16770 1.25439
16780 1.28854
16790 1.32234
16800 1.35576
16810 1.38882
16820 1.42149
16830 1.45377
16840 1.48565
16850 1.51713
16860 1.5482
16870 1.57884
16880 1.60905
16890 1.63883
16900 1.66817
16910 1.69705
16920 1.72548
16930 1.75345
16940 1.78094
16950 1.80796
16960 1.83449
16970 1.86053
16980 1.88608
16990 1.91112
17000 1.93566
17010 1.95968
17020 1.98318
17030 2.00616
17040 2.02861
17050 2.05053
17060 2.0719
17070 2.09273
17080 2.113
17090 2.13273
17100 2.15189
17110 2.17049
17120 2.18853
17130 2.20599
17140 2.22288
17150 2.23919
17160 2.25492
17170 2.27006
17180 2.28462
17190 2.29858
17200 2.31195
17210 2.32472
17220 2.33689
17230 2.34846
17240 2.35942
17250 2.36978
17260 2.37953
17270 2.38867
17280 2.3972
17290 2.40511
17300 2.41241
17310 2.41909
17320 2.42516
17330 2.43061
17340 2.43544
17350 2.43966
17360 2.44325
17370 2.44622
17380 2.44858
17390 2.45031
17400 2.45143
17410 2.45193
17420 2.45181
17430 2.45107
17440 2.44972
17450 2.44775
17460 2.44517
17470 2.44198
17480 2.43817
17490 2.43376
17500 2.42873
17510 2.42311
17520 2.41687
17530 2.41004
17540 2.40261
17550 2.39458
17560 2.38596
17570 2.37674
17580 2.36694
17590 2.35655
17600 2.34559
17610 2.33404
17620 2.32192
17630 2.30923
17640 2.29597
17650 2.28214
17660 2.26776
17670 2.25283
17680 2.23734
17690 2.22131
17700 2.20473
17710 2.18762
17720 2.16998
17730 2.1518
17740 2.13311
17750 2.1139
17760 2.09418
17770 2.07395
17780 2.05323
17790 2.032
17800 2.01029
17810 1.9881
17820 1.96543
17830 1.94228
17840 1.91868
17850 1.89461
17860 1.87009
17870 1.84513
17880 1.81973
17890 1.7939
17900 1.76764
17910 1.74096
17920 1.71387
17930 1.68638
17940 1.65849
17950 1.63021
17960 1.60154
17970 1.57251
17980 1.5431
17990 1.51334
18000 1.48322
18010 1.45276
18020 1.42196
18030 1.39083
18040 1.35938
18050 1.32762
18060 1.29555
18070 1.26319
18080 1.23053
18090 1.1976
18100 1.1644
18110 1.13093
18120 1.0972
18130 1.06323
18140 1.02902
18150 0.994582
18160 0.959921
18170 0.925048
18180 0.88997
18190 0.854697
18200 0.819237
18210 0.7836
18220 0.747793
18230 0.711826
18240 0.675707
18250 0.639446
18260 0.603051
18270 0.566531
18280 0.529895
18290 0.493152
18300 0.456311
18310 0.41938
18320 0.38237
18330 0.345288
18340 0.308143
18350 0.270945
18360 0.233703
18370 0.196425
18380 0.159121
18390 0.121799
18400 0.0844678
18410 0.047137
18420 0.00981532
18430 -0.0274885
18440 -0.0647655
18450 -0.102007
18460 -0.139204
18470 -0.176348
18480 -0.213429
18490 -0.25044
18500 -0.287372
18510 -0.324216
18520 -0.360963
18530 -0.397604
18540 -0.434132
18550 -0.470537
18560 -0.506812
18570 -0.542947
18580 -0.578934
18590 -0.614766
18600 -0.650433
18610 -0.685928
18620 -0.721242
18630 -0.756367
18640 -0.791295
18650 -0.826018
18660 -0.860529
18670 -0.894819
18680 -0.92888
18690 -0.962705
18700 -0.996286
18710 -1.02962
18720 -1.06269
18730 -1.09549
18740 -1.12802
18750 -1.16027
18760 -1.19223
18770 -1.22389
18780 -1.25525
18790 -1.2863
18800 -1.31704
18810 -1.34745
18820 -1.37753
18830 -1.40727
18840 -1.43667
18850 -1.46573
18860 -1.49442
18870 -1.52275
18880 -1.55071
18890 -1.5783
18900 -1.60551
18910 -1.63233
18920 -1.65875
18930 -1.68478
18940 -1.71041
18950 -1.73562
18960 -1.76042
18970 -1.7848
18980 -1.80875
18990 -1.83228
19000 -1.85536
19010 -1.87801
19020 -1.90021
19030 -1.92197
19040 -1.94327
19050 -1.96411
19060 -1.98448
19070 -2.00439
19080 -2.02383
19090 -2.04279
19100 -2.06127
19110 -2.07928
19120 -2.09679
19130 -2.11381
19140 -2.13034
19150 -2.14638
19160 -2.16191
19170 -2.17694
19180 -2.19147
19190 -2.20548
19200 -2.21899
19210 -2.23198
19220 -2.24445
19230 -2.25641
19240 -2.26784
19250 -2.27876
19260 -2.28915
19270 -2.29901
19280 -2.30834
19290 -2.31714
19300 -2.32541
19310 -2.33315
19320 -2.34036
19330 -2.34703
19340 -2.35316
19350 -2.35876
19360 -2.36382
19370 -2.36834
19380 -2.37233
19390 -2.37577
19400 -2.37868
19410 -2.38104
19420 -2.38287
19430 -2.38416
19440 -2.38491
19450 -2.38512
19460 -2.38479
19470 -2.38393
19480 -2.38253
19490 -2.38059
19500 -2.37812
19510 -2.37511
19520 -2.37158
19530 -2.36751
19540 -2.36291
19550 -2.35779
19560 -2.35213
19570 -2.34596
19580 -2.33926
19590 -2.33204
19600 -2.3243
19610 -2.31605
19620 -2.30728
19630 -2.298
19640 -2.28822
19650 -2.27792
19660 -2.26713
19670 -2.25583
19680 -2.24404
19690 -2.23175
19700 -2.21897
19710 -2.2057
19720 -2.19195
19730 -2.17772
19740 -2.16302
19750 -2.14784
19760 -2.13219
19770 -2.11607
19780 -2.09949
19790 -2.08246
19800 -2.06497
19810 -2.04704
19820 -2.02866
19830 -2.00984
19840 -1.99059
19850 -1.97091
19860 -1.9508
19870 -1.93027
19880 -1.90932
19890 -1.88796
19900 -1.8662
19910 -1.84404
19920 -1.82148
19930 -1.79854
19940 -1.77521
19950 -1.7515
19960 -1.72741
19970 -1.70296
19980 -1.67815
19990 -1.65298
20000 -1.62747
20010 -1.6016
