10 30.7719
20 19.9661
30 9.97941
40 1.59534
50 -5.08111
60 -10.1384
70 -13.7335
80 -16.046
90 -17.2584
100 -17.5463
110 -17.0737
120 -15.991
130 -14.4338
140 -12.5229
150 -10.3649
160 -8.05289
170 -5.66689
180 -3.27519
190 -0.935105
200 1.30601
210 3.40985
220 5.34627
230 7.0924
240 8.63184
250 9.95391
260 11.0529
270 11.9275
280 12.58
290 13.016
300 13.2436
310 13.2734
320 13.1173
330 12.789
340 12.3031
350 11.6748
360 10.92
370 10.0546
380 9.09463
390 8.05601
400 6.95422
410 5.80432
420 4.62077
430 3.41738
440 2.2072
450 1.00245
460 -0.185482
470 -1.34612
480 -2.46989
490 -3.54815
500 -4.57319
510 -5.5382
520 -6.43731
530 -7.2655
540 -8.01865
550 -8.69344
560 -9.28735
570 -9.79866
580 -10.2263
590 -10.57
600 -10.83
610 -11.0071
620 -11.1029
630 -11.1192
640 -11.0584
650 -10.9234
660 -10.7173
670 -10.4436
680 -10.106
690 -9.70873
700 -9.25586
710 -8.75182
720 -8.20114
730 -7.60844
740 -6.97839
750 -6.31571
760 -5.62512
770 -4.91129
780 -4.17889
790 -3.43246
800 -2.67648
810 -1.9153
820 -1.15316
830 -0.394127
840 0.357888
850 1.09915
860 1.8261
870 2.53538
880 3.22385
890 3.88856
900 4.52678
910 5.13602
920 5.71397
930 6.25857
940 6.76799
950 7.24061
960 7.67502
970 8.07004
980 8.4247
990 8.73824
1000 9.01011
1010 9.23994
1020 9.42758
1030 9.57305
1040 9.67654
1050 9.73841
1060 9.75922
1070 9.73963
1080 9.68048
1090 9.58274
1100 9.4475
1110 9.27598
1120 9.06951
1130 8.82952
1140 8.55751
1150 8.25509
1160 7.92395
1170 7.5658
1180 7.18247
1190 6.77578
1200 6.34762
1210 5.89991
1220 5.43458
1230 4.95359
1240 4.4589
1250 3.95247
1260 3.43627
1270 2.91223
1280 2.38228
1290 1.84832
1300 1.31223
1310 0.77583
1320 0.240924
1330 -0.290743
1340 -0.817472
1350 -1.33762
1360 -1.8496
1370 -2.35188
1380 -2.84301
1390 -3.32158
1400 -3.78629
1410 -4.23586
1420 -4.66912
1430 -5.08498
1440 -5.48239
1450 -5.8604
1460 -6.21816
1470 -6.55485
1480 -6.86976
1490 -7.16227
1500 -7.4318
1510 -7.67788
1520 -7.9001
1530 -8.09814
1540 -8.27176
1550 -8.42076
1560 -8.54505
1570 -8.6446
1580 -8.71944
1590 -8.76967
1600 -8.79547
1610 -8.79708
1620 -8.77478
1630 -8.72893
1640 -8.65994
1650 -8.56828
1660 -8.45446
1670 -8.31906
1680 -8.16267
1690 -7.98597
1700 -7.78964
1710 -7.57442
1720 -7.34108
1730 -7.09043
1740 -6.82329
1750 -6.54054
1760 -6.24305
1770 -5.93173
1780 -5.6075
1790 -5.27131
1800 -4.92411
1810 -4.56687
1820 -4.20056
1830 -3.82616
1840 -3.44465
1850 -3.05703
1860 -2.66426
1870 -2.26733
1880 -1.86722
1890 -1.46488
1900 -1.06128
1910 -0.657347
1920 -0.254021
1930 0.147789
1940 0.547187
1950 0.943298
1960 1.33527
1970 1.72226
1980 2.10347
1990 2.47811
2000 2.84542
2010 3.20467
2020 3.55517
2030 3.89624
2040 4.22723
2050 4.54753
2060 4.85657
2070 5.15379
2080 5.43869
2090 5.71078
2100 5.96962
2110 6.21478
2120 6.4459
2130 6.66262
2140 6.86464
2150 7.05168
2160 7.22349
2170 7.37988
2180 7.52067
2190 7.64571
2200 7.7549
2210 7.84818
2220 7.92548
2230 7.98682
2240 8.03221
2250 8.0617
2260 8.07538
2270 8.07335
2280 8.05577
2290 8.02281
2300 7.97465
2310 7.91153
2320 7.83368
2330 7.7414
2340 7.63496
2350 7.5147
2360 7.38095
2370 7.23407
2380 7.07446
2390 6.9025
2400 6.71862
2410 6.52325
2420 6.31683
2430 6.09985
2440 5.87276
2450 5.63607
2460 5.39028
2470 5.13588
2480 4.87342
2490 4.6034
2500 4.32638
2510 4.04289
2520 3.75347
2530 3.45867
2540 3.15906
2550 2.85518
2560 2.54758
2570 2.23683
2580 1.92347
2590 1.60807
2600 1.29116
2610 0.973289
2620 0.655004
2630 0.336837
2640 0.0193167
2650 -0.297035
2660 -0.611705
2670 -0.924187
2680 -1.23399
2690 -1.54061
2700 -1.8436
2710 -2.14247
2720 -2.43678
2730 -2.72609
2740 -3.00997
2750 -3.288
2760 -3.55979
2770 -3.82495
2780 -4.08311
2790 -4.33391
2800 -4.57701
2810 -4.81209
2820 -5.03883
2830 -5.25695
2840 -5.46616
2850 -5.66621
2860 -5.85686
2870 -6.03787
2880 -6.20904
2890 -6.37017
2900 -6.5211
2910 -6.66166
2920 -6.79172
2930 -6.91114
2940 -7.01983
2950 -7.11769
2960 -7.20466
2970 -7.28067
2980 -7.3457
2990 -7.39971
3000 -7.4427
3010 -7.47469
3020 -7.49569
3030 -7.50576
3040 -7.50494
3050 -7.49332
3060 -7.47098
3070 -7.43801
3080 -7.39454
3090 -7.3407
3100 -7.27663
3110 -7.20249
3120 -7.11844
3130 -7.02467
3140 -6.92137
3150 -6.80874
3160 -6.68701
3170 -6.55639
3180 -6.41713
3190 -6.26946
3200 -6.11365
3210 -5.94996
3220 -5.77865
3230 -5.60002
3240 -5.41435
3250 -5.22193
3260 -5.02307
3270 -4.81807
3280 -4.60724
3290 -4.3909
3300 -4.16937
3310 -3.94297
3320 -3.71205
3330 -3.47691
3340 -3.23792
3350 -2.99539
3360 -2.74966
3370 -2.50109
3380 -2.24999
3390 -1.99673
3400 -1.74163
3410 -1.48504
3420 -1.22729
3430 -0.968716
3440 -0.709662
3450 -0.450457
3460 -0.19143
3470 0.0670915
3480 0.324785
3490 0.581329
3500 0.836411
3510 1.08972
3520 1.34094
3530 1.58979
3540 1.83596
3550 2.07916
3560 2.31911
3570 2.55554
3580 2.78816
3590 3.01673
3600 3.24098
3610 3.46067
3620 3.67555
3630 3.88539
3640 4.08996
3650 4.28905
3660 4.48245
3670 4.66995
3680 4.85137
3690 5.02653
3700 5.19524
3710 5.35734
3720 5.51269
3730 5.66112
3740 5.80251
3750 5.93673
3760 6.06365
3770 6.18317
3780 6.29519
3790 6.39962
3800 6.49638
3810 6.58539
3820 6.66659
3830 6.73994
3840 6.80539
3850 6.86291
3860 6.91247
3870 6.95405
3880 6.98765
3890 7.01328
3900 7.03095
3910 7.04067
3920 7.04247
3930 7.03641
3940 7.02251
3950 7.00084
3960 6.97146
3970 6.93445
3980 6.88987
3990 6.83782
4000 6.77839
4010 6.71169
4020 6.63782
4030 6.5569
4040 6.46906
4050 6.37441
4060 6.27311
4070 6.16528
4080 6.05108
4090 5.93066
4100 5.80419
4110 5.67182
4120 5.53372
4130 5.39008
4140 5.24107
4150 5.08687
4160 4.92766
4170 4.76366
4180 4.59504
4190 4.422
4200 4.24476
4210 4.06351
4220 3.87846
4230 3.68982
4240 3.4978
4250 3.30263
4260 3.1045
4270 2.90365
4280 2.70029
4290 2.49464
4300 2.28692
4310 2.07735
4320 1.86616
4330 1.65356
4340 1.43978
4350 1.22504
4360 1.00956
4370 0.793553
4380 0.577247
4390 0.360857
4400 0.1446
4410 -0.0713112
4420 -0.286662
4430 -0.501242
4440 -0.714843
4450 -0.927257
4460 -1.13828
4470 -1.34772
4480 -1.55536
4490 -1.76102
4500 -1.96451
4510 -2.16563
4520 -2.3642
4530 -2.56004
4540 -2.75297
4550 -2.94282
4560 -3.12942
4570 -3.3126
4580 -3.49221
4590 -3.66808
4600 -3.84007
4610 -4.00803
4620 -4.17182
4630 -4.33129
4640 -4.48632
4650 -4.63678
4660 -4.78255
4670 -4.92351
4680 -5.05955
4690 -5.19056
4700 -5.31644
4710 -5.4371
4720 -5.55244
4730 -5.66239
4740 -5.76685
4750 -5.86577
4760 -5.95907
4770 -6.04668
4780 -6.12856
4790 -6.20465
4800 -6.2749
4810 -6.33928
4820 -6.39775
4830 -6.45028
4840 -6.49685
4850 -6.53744
4860 -6.57204
4870 -6.60065
4880 -6.62326
4890 -6.63987
4900 -6.6505
4910 -6.65517
4920 -6.65388
4930 -6.64667
4940 -6.63356
4950 -6.6146
4960 -6.58982
4970 -6.55927
4980 -6.52299
4990 -6.48105
5000 -6.4335
5010 -6.38041
5020 -6.32184
5030 -6.25788
5040 -6.18858
5050 -6.11405
5060 -6.03435
5070 -5.94959
5080 -5.85985
5090 -5.76523
5100 -5.66583
5110 -5.56176
5120 -5.45313
5130 -5.34004
5140 -5.22261
5150 -5.10095
5160 -4.97519
5170 -4.84545
5180 -4.71185
5190 -4.57452
5200 -4.43359
5210 -4.2892
5220 -4.14148
5230 -3.99056
5240 -3.83659
5250 -3.6797
5260 -3.52004
5270 -3.35775
5280 -3.19298
5290 -3.02587
5300 -2.85656
5310 -2.68522
5320 -2.51198
5330 -2.33699
5340 -2.16041
5350 -1.98239
5360 -1.80308
5370 -1.62263
5380 -1.44119
5390 -1.25891
5400 -1.07595
5410 -0.892453
5420 -0.708572
5430 -0.524456
5440 -0.340256
5450 -0.15612
5460 0.0278041
5470 0.211369
5480 0.39443
5490 0.576841
5500 0.75846
5510 0.939144
5520 1.11875
5530 1.29715
5540 1.4742
5550 1.64976
5560 1.8237
5570 1.99589
5580 2.16621
5590 2.33451
5600 2.50069
5610 2.66461
5620 2.82616
5630 2.98521
5640 3.14167
5650 3.2954
5660 3.4463
5670 3.59427
5680 3.7392
5690 3.881
5700 4.01955
5710 4.15477
5720 4.28656
5730 4.41484
5740 4.53952
5750 4.66051
5760 4.77775
5770 4.89114
5780 5.00062
5790 5.10613
5800 5.20758
5810 5.30493
5820 5.3981
5830 5.48705
5840 5.57173
5850 5.65207
5860 5.72805
5870 5.79961
5880 5.86672
5890 5.92934
5900 5.98745
5910 6.04101
5920 6.08999
5930 6.13439
5940 6.17418
5950 6.20934
5960 6.23988
5970 6.26577
5980 6.28702
5990 6.30363
6000 6.31559
6010 6.32293
6020 6.32564
6030 6.32374
6040 6.31724
6050 6.30618
6060 6.29056
6070 6.27042
6080 6.24578
6090 6.21669
6100 6.18316
6110 6.14525
6120 6.10299
6130 6.05643
6140 6.00562
6150 5.9506
6160 5.89143
6170 5.82817
6180 5.76087
6190 5.68959
6200 5.61439
6210 5.53535
6220 5.45253
6230 5.366
6240 5.27584
6250 5.18211
6260 5.0849
6270 4.98428
6280 4.88034
6290 4.77316
6300 4.66282
6310 4.54941
6320 4.43303
6330 4.31375
6340 4.19167
6350 4.06689
6360 3.9395
6370 3.80959
6380 3.67727
6390 3.54263
6400 3.40576
6410 3.26678
6420 3.12578
6430 2.98287
6440 2.83815
6450 2.69172
6460 2.54368
6470 2.39415
6480 2.24323
6490 2.09102
6500 1.93764
6510 1.78318
6520 1.62777
6530 1.47149
6540 1.31447
6550 1.1568
6560 0.998605
6570 0.839981
6580 0.681038
6590 0.521882
6600 0.362621
6610 0.20336
6620 0.044205
6630 -0.114739
6640 -0.273368
6650 -0.431577
6660 -0.589265
6670 -0.746328
6680 -0.902665
6690 -1.05818
6700 -1.21276
6710 -1.36632
6720 -1.51876
6730 -1.66999
6740 -1.8199
6750 -1.9684
6760 -2.11541
6770 -2.26083
6780 -2.40457
6790 -2.54654
6800 -2.68666
6810 -2.82484
6820 -2.961
6830 -3.09506
6840 -3.22694
6850 -3.35656
6860 -3.48383
6870 -3.6087
6880 -3.73109
6890 -3.85091
6900 -3.96812
6910 -4.08263
6920 -4.19439
6930 -4.30333
6940 -4.4094
6950 -4.51252
6960 -4.61265
6970 -4.70973
6980 -4.80371
6990 -4.89454
7000 -4.98217
7010 -5.06655
7020 -5.14765
7030 -5.22542
7040 -5.29981
7050 -5.37081
7060 -5.43836
7070 -5.50244
7080 -5.56302
7090 -5.62007
7100 -5.67356
7110 -5.72347
7120 -5.76979
7130 -5.81249
7140 -5.85156
7150 -5.88698
7160 -5.91874
7170 -5.94683
7180 -5.97125
7190 -5.99198
7200 -6.00904
7210 -6.02242
7220 -6.03211
7230 -6.03813
7240 -6.04048
7250 -6.03917
7260 -6.03421
7270 -6.02561
7280 -6.01339
7290 -5.99757
7300 -5.97816
7310 -5.95519
7320 -5.92868
7330 -5.89866
7340 -5.86515
7350 -5.82818
7360 -5.78779
7370 -5.744
7380 -5.69686
7390 -5.6464
7400 -5.59265
7410 -5.53567
7420 -5.47549
7430 -5.41215
7440 -5.34571
7450 -5.27621
7460 -5.20369
7470 -5.12821
7480 -5.04983
7490 -4.96859
7500 -4.88455
7510 -4.79777
7520 -4.70831
7530 -4.61622
7540 -4.52156
7550 -4.4244
7560 -4.3248
7570 -4.22282
7580 -4.11853
7590 -4.012
7600 -3.90329
7610 -3.79248
7620 -3.67962
7630 -3.5648
7640 -3.44808
7650 -3.32953
7660 -3.20923
7670 -3.08725
7680 -2.96366
7690 -2.83854
7700 -2.71197
7710 -2.58402
7720 -2.45476
7730 -2.32428
7740 -2.19265
7750 -2.05995
7760 -1.92625
7770 -1.79164
7780 -1.65618
7790 -1.51997
7800 -1.38308
7810 -1.24559
7820 -1.10757
7830 -0.969114
7840 -0.830288
7850 -0.691175
7860 -0.551852
7870 -0.412399
7880 -0.272894
7890 -0.133413
7900 0.00596497
7910 0.145163
7920 0.284105
7930 0.422715
7940 0.560916
7950 0.698634
7960 0.835793
7970 0.972319
7980 1.10814
7990 1.24318
8000 1.37737
8010 1.51064
8020 1.64292
8030 1.77413
8040 1.90421
8050 2.03309
8060 2.1607
8070 2.28698
8080 2.41187
8090 2.53528
8100 2.65718
8110 2.77748
8120 2.89613
8130 3.01308
8140 3.12826
8150 3.24161
8160 3.35307
8170 3.4626
8180 3.57014
8190 3.67563
8200 3.77903
8210 3.88028
8220 3.97933
8230 4.07615
8240 4.17067
8250 4.26286
8260 4.35267
8270 4.44007
8280 4.525
8290 4.60744
8300 4.68734
8310 4.76467
8320 4.83939
8330 4.91148
8340 4.98089
8350 5.0476
8360 5.11158
8370 5.1728
8380 5.23125
8390 5.28688
8400 5.33969
8410 5.38964
8420 5.43673
8430 5.48093
8440 5.52223
8450 5.56061
8460 5.59606
8470 5.62857
8480 5.65813
8490 5.68473
8500 5.70836
8510 5.72902
8520 5.7467
8530 5.76141
8540 5.77314
8550 5.78189
8560 5.78766
8570 5.79047
8580 5.79031
8590 5.78719
8600 5.78112
8610 5.77211
8620 5.76017
8630 5.74532
8640 5.72756
8650 5.70692
8660 5.68342
8670 5.65706
8680 5.62787
8690 5.59587
8700 5.56109
8710 5.52354
8720 5.48326
8730 5.44027
8740 5.39459
8750 5.34626
8760 5.29531
8770 5.24176
8780 5.18566
8790 5.12703
8800 5.06591
8810 5.00233
8820 4.93634
8830 4.86797
8840 4.79726
8850 4.72425
8860 4.64898
8870 4.5715
8880 4.49184
8890 4.41006
8900 4.3262
8910 4.24029
8920 4.1524
8930 4.06257
8940 3.97084
8950 3.87726
8960 3.7819
8970 3.68478
8980 3.58598
8990 3.48553
9000 3.3835
9010 3.27993
9020 3.17488
9030 3.0684
9040 2.96056
9050 2.85139
9060 2.74097
9070 2.62934
9080 2.51656
9090 2.40269
9100 2.28779
9110 2.17191
9120 2.05511
9130 1.93746
9140 1.819
9150 1.6998
9160 1.57991
9170 1.4594
9180 1.33832
9190 1.21674
9200 1.09471
9210 0.972286
9220 0.849535
9230 0.726512
9240 0.603278
9250 0.479891
9260 0.356409
9270 0.232893
9280 0.109399
9290 -0.0140136
9300 -0.137287
9310 -0.260363
9320 -0.383184
9330 -0.505693
9340 -0.627833
9350 -0.749548
9360 -0.870781
9370 -0.991477
9380 -1.11158
9390 -1.23104
9400 -1.34979
9410 -1.46779
9420 -1.58498
9430 -1.7013
9440 -1.81672
9450 -1.93116
9460 -2.04459
9470 -2.15696
9480 -2.2682
9490 -2.37828
9500 -2.48714
9510 -2.59475
9520 -2.70104
9530 -2.80598
9540 -2.90951
9550 -3.0116
9560 -3.11221
9570 -3.21127
9580 -3.30877
9590 -3.40465
9600 -3.49887
9610 -3.59139
9620 -3.68219
9630 -3.7712
9640 -3.85841
9650 -3.94378
9660 -4.02726
9670 -4.10883
9680 -4.18846
9690 -4.2661
9700 -4.34173
9710 -4.41533
9720 -4.48685
9730 -4.55628
9740 -4.62358
9750 -4.68873
9760 -4.75171
9770 -4.81248
9780 -4.87104
9790 -4.92735
9800 -4.9814
9810 -5.03316
9820 -5.08263
9830 -5.12977
9840 -5.17458
9850 -5.21703
9860 -5.25712
9870 -5.29484
9880 -5.33016
9890 -5.36308
9900 -5.39359
9910 -5.42168
9920 -5.44735
9930 -5.47058
9940 -5.49137
9950 -5.50972
9960 -5.52562
9970 -5.53908
9980 -5.55008
9990 -5.55864
10000 -5.56475
10010 -5.56841
10020 -5.56963
10030 -5.56841
10040 -5.56476
10050 -5.55868
10060 -5.55018
10070 -5.53928
10080 -5.52597
10090 -5.51027
10100 -5.49219
10110 -5.47175
10120 -5.44895
10130 -5.42382
10140 -5.39636
10150 -5.3666
10160 -5.33455
10170 -5.30022
10180 -5.26365
10190 -5.22485
10200 -5.18383
10210 -5.14063
10220 -5.09526
10230 -5.04775
10240 -4.99813
10250 -4.94641
10260 -4.89262
10270 -4.8368
10280 -4.77897
10290 -4.71916
10300 -4.65739
10310 -4.5937
10320 -4.52812
10330 -4.46068
10340 -4.39141
10350 -4.32035
10360 -4.24752
10370 -4.17297
10380 -4.09672
10390 -4.01882
10400 -3.9393
10410 -3.85819
10420 -3.77553
10430 -3.69137
10440 -3.60573
10450 -3.51867
10460 -3.43021
10470 -3.34039
10480 -3.24927
10490 -3.15687
10500 -3.06324
10510 -2.96841
10520 -2.87245
10530 -2.77537
10540 -2.67723
10550 -2.57807
10560 -2.47794
10570 -2.37687
10580 -2.27491
10590 -2.1721
10600 -2.06849
10610 -1.96412
10620 -1.85904
10630 -1.75329
10640 -1.64692
10650 -1.53997
10660 -1.43248
10670 -1.32451
10680 -1.21609
10690 -1.10728
10700 -0.998113
10710 -0.88864
10720 -0.778904
10730 -0.668953
10740 -0.55883
10750 -0.448582
10760 -0.338253
10770 -0.227889
10780 -0.117535
10790 -0.00723469
10800 0.102966
10810 0.213023
10820 0.322891
10830 0.432528
10840 0.541888
10850 0.650928
10860 0.759604
10870 0.867874
10880 0.975695
10890 1.08302
10900 1.18982
10910 1.29603
10920 1.40163
10930 1.50657
10940 1.61081
10950 1.71431
10960 1.81703
10970 1.91892
10980 2.01996
10990 2.1201
11000 2.2193
11010 2.31753
11020 2.41474
11030 2.51091
11040 2.60599
11050 2.69995
11060 2.79275
11070 2.88436
11080 2.97475
11090 3.06388
11100 3.15171
11110 3.23823
11120 3.32338
11130 3.40715
11140 3.4895
11150 3.57041
11160 3.64984
11170 3.72776
11180 3.80415
11190 3.87898
11200 3.95223
11210 4.02386
11220 4.09385
11230 4.16218
11240 4.22883
11250 4.29376
11260 4.35697
11270 4.41842
11280 4.4781
11290 4.53599
11300 4.59206
11310 4.6463
11320 4.69869
11330 4.74922
11340 4.79786
11350 4.84461
11360 4.88944
11370 4.93235
11380 4.97332
11390 5.01233
11400 5.04938
11410 5.08446
11420 5.11755
11430 5.14865
11440 5.17774
11450 5.20483
11460 5.2299
11470 5.25294
11480 5.27396
11490 5.29295
11500 5.3099
11510 5.32481
11520 5.33767
11530 5.3485
11540 5.35728
11550 5.36402
11560 5.36872
11570 5.37138
11580 5.372
11590 5.37058
11600 5.36714
11610 5.36166
11620 5.35417
11630 5.34467
11640 5.33315
11650 5.31964
11660 5.30414
11670 5.28666
11680 5.2672
11690 5.24579
11700 5.22242
11710 5.19712
11720 5.1699
11730 5.14076
11740 5.10973
11750 5.07681
11760 5.04203
11770 5.0054
11780 4.96693
11790 4.92665
11800 4.88457
11810 4.84071
11820 4.79509
11830 4.74773
11840 4.69865
11850 4.64787
11860 4.59542
11870 4.54131
11880 4.48557
11890 4.42822
11900 4.36928
11910 4.30879
11920 4.24676
11930 4.18322
11940 4.11819
11950 4.05171
11960 3.98379
11970 3.91448
11980 3.84378
11990 3.77174
12000 3.69838
12010 3.62373
12020 3.54782
12030 3.47067
12040 3.39233
12050 3.31282
12060 3.23216
12070 3.1504
12080 3.06756
12090 2.98368
12100 2.89878
12110 2.81291
12120 2.72608
12130 2.63834
12140 2.54972
12150 2.46025
12160 2.36997
12170 2.27891
12180 2.1871
12190 2.09458
12200 2.00138
12210 1.90754
12220 1.81309
12230 1.71807
12240 1.62251
12250 1.52644
12260 1.42991
12270 1.33294
12280 1.23558
12290 1.13786
12300 1.03981
12310 0.941465
12320 0.842868
12330 0.744051
12340 0.645049
12350 0.545898
12360 0.446634
12370 0.347291
12380 0.247906
12390 0.148513
12400 0.0491481
12410 -0.0501544
12420 -0.149359
12430 -0.248431
12440 -0.347336
12450 -0.446039
12460 -0.544506
12470 -0.642702
12480 -0.740593
12490 -0.838146
12500 -0.935326
12510 -1.0321
12520 -1.12844
12530 -1.2243
12540 -1.31966
12550 -1.41448
12560 -1.50873
12570 -1.60238
12580 -1.6954
12590 -1.78775
12600 -1.8794
12610 -1.97033
12620 -2.0605
12630 -2.14989
12640 -2.23846
12650 -2.32618
12660 -2.41302
12670 -2.49896
12680 -2.58397
12690 -2.66802
12700 -2.75108
12710 -2.83312
12720 -2.91412
12730 -2.99406
12740 -3.0729
12750 -3.15062
12760 -3.22719
12770 -3.3026
12780 -3.37681
12790 -3.44981
12800 -3.52157
12810 -3.59206
12820 -3.66127
12830 -3.72918
12840 -3.79576
12850 -3.86099
12860 -3.92485
12870 -3.98732
12880 -4.04838
12890 -4.10803
12900 -4.16622
12910 -4.22296
12920 -4.27821
12930 -4.33198
12940 -4.38423
12950 -4.43496
12960 -4.48414
12970 -4.53177
12980 -4.57783
12990 -4.62231
13000 -4.6652
13010 -4.70647
13020 -4.74613
13030 -4.78417
13040 -4.82056
13050 -4.8553
13060 -4.88839
13070 -4.91981
13080 -4.94955
13090 -4.97761
13100 -5.00399
13110 -5.02867
13120 -5.05164
13130 -5.07292
13140 -5.09248
13150 -5.11033
13160 -5.12646
13170 -5.14087
13180 -5.15355
13190 -5.16452
13200 -5.17375
13210 -5.18126
13220 -5.18705
13230 -5.19111
13240 -5.19345
13250 -5.19407
13260 -5.19297
13270 -5.19015
13280 -5.18561
13290 -5.17937
13300 -5.17143
13310 -5.16178
13320 -5.15045
13330 -5.13742
13340 -5.12272
13350 -5.10634
13360 -5.0883
13370 -5.0686
13380 -5.04725
13390 -5.02427
13400 -4.99966
13410 -4.97343
13420 -4.94559
13430 -4.91616
13440 -4.88514
13450 -4.85256
13460 -4.81841
13470 -4.78272
13480 -4.7455
13490 -4.70677
13500 -4.66653
13510 -4.62481
13520 -4.58162
13530 -4.53697
13540 -4.49089
13550 -4.44339
13560 -4.39448
13570 -4.34419
13580 -4.29253
13590 -4.23953
13600 -4.18519
13610 -4.12955
13620 -4.07261
13630 -4.01441
13640 -3.95496
13650 -3.89428
13660 -3.83239
13670 -3.76932
13680 -3.70508
13690 -3.63971
13700 -3.57321
13710 -3.50563
13720 -3.43697
13730 -3.36726
13740 -3.29652
13750 -3.22479
13760 -3.15208
13770 -3.07842
13780 -3.00383
13790 -2.92834
13800 -2.85197
13810 -2.77475
13820 -2.69671
13830 -2.61787
13840 -2.53825
13850 -2.45789
13860 -2.37681
13870 -2.29503
13880 -2.21259
13890 -2.12951
13900 -2.04582
13910 -1.96154
13920 -1.8767
13930 -1.79133
13940 -1.70546
13950 -1.61912
13960 -1.53233
13970 -1.44512
13980 -1.35751
13990 -1.26955
14000 -1.18125
14010 -1.09264
14020 -1.00375
14030 -0.914617
14040 -0.825258
14050 -0.735705
14060 -0.645986
14070 -0.556129
14080 -0.466163
14090 -0.376116
14100 -0.286015
14110 -0.195889
14120 -0.105767
14130 -0.0156748
14140 0.0743581
14150 0.164304
14160 0.254136
14170 0.343826
14180 0.433346
14190 0.522669
14200 0.611767
14210 0.700614
14220 0.789182
14230 0.877444
14240 0.965374
14250 1.05295
14260 1.14013
14270 1.22691
14280 1.31324
14290 1.39911
14300 1.4845
14310 1.56936
14320 1.65369
14330 1.73746
14340 1.82063
14350 1.90319
14360 1.9851
14370 2.06636
14380 2.14693
14390 2.22679
14400 2.30591
14410 2.38428
14420 2.46186
14430 2.53865
14440 2.61461
14450 2.68972
14460 2.76397
14470 2.83732
14480 2.90977
14490 2.98128
14500 3.05184
14510 3.12144
14520 3.19003
14530 3.25762
14540 3.32418
14550 3.38969
14560 3.45414
14570 3.5175
14580 3.57976
14590 3.64089
14600 3.7009
14610 3.75975
14620 3.81743
14630 3.87392
14640 3.92922
14650 3.9833
14660 4.03616
14670 4.08777
14680 4.13812
14690 4.1872
14700 4.235
14710 4.2815
14720 4.3267
14730 4.37058
14740 4.41312
14750 4.45432
14760 4.49418
14770 4.53266
14780 4.56978
14790 4.60552
14800 4.63986
14810 4.67281
14820 4.70436
14830 4.73449
14840 4.7632
14850 4.79048
14860 4.81633
14870 4.84074
14880 4.86371
14890 4.88523
14900 4.90529
14910 4.9239
14920 4.94105
14930 4.95673
14940 4.97095
14950 4.9837
14960 4.99498
14970 5.00478
14980 5.01312
14990 5.01998
15000 5.02537
15010 5.02929
15020 5.03173
15030 5.0327
15040 5.03221
15050 5.03025
15060 5.02682
15070 5.02193
15080 5.01559
15090 5.00778
15100 4.99853
15110 4.98784
15120 4.9757
15130 4.96213
15140 4.94713
15150 4.93071
15160 4.91287
15170 4.89362
15180 4.87297
15190 4.85092
15200 4.82749
15210 4.80268
15220 4.77651
15230 4.74897
15240 4.72009
15250 4.68986
15260 4.65831
15270 4.62544
15280 4.59126
15290 4.55579
15300 4.51904
15310 4.48101
15320 4.44172
15330 4.40119
15340 4.35943
15350 4.31645
15360 4.27226
15370 4.22688
15380 4.18032
15390 4.13261
15400 4.08374
15410 4.03375
15420 3.98264
15430 3.93043
15440 3.87714
15450 3.82278
15460 3.76737
15470 3.71093
15480 3.65347
15490 3.59502
15500 3.53558
15510 3.47518
15520 3.41384
15530 3.35158
15540 3.28841
15550 3.22435
15560 3.15942
15570 3.09365
15580 3.02704
15590 2.95963
15600 2.89142
15610 2.82245
15620 2.75273
15630 2.68228
15640 2.61112
15650 2.53928
15660 2.46677
15670 2.39362
15680 2.31984
15690 2.24546
15700 2.17051
15710 2.09499
15720 2.01894
15730 1.94237
15740 1.86531
15750 1.78777
15760 1.70979
15770 1.63139
15780 1.55258
15790 1.47338
15800 1.39383
15810 1.31394
15820 1.23374
15830 1.15325
15840 1.07249
15850 0.991481
15860 0.91025
15870 0.828819
15880 0.74721
15890 0.665446
15900 0.58355
15910 0.501544
15920 0.419452
15930 0.337295
15940 0.255098
15950 0.172882
15960 0.0906694
15970 0.00848376
15980 -0.0736527
15990 -0.155718
16000 -0.237689
16010 -0.319543
16020 -0.401259
16030 -0.482814
16040 -0.564186
16050 -0.645353
16060 -0.726294
16070 -0.806985
16080 -0.887407
16090 -0.967536
16100 -1.04735
16110 -1.12683
16120 -1.20596
16130 -1.2847
16140 -1.36305
16150 -1.44099
16160 -1.51848
16170 -1.59551
16180 -1.67206
16190 -1.74811
16200 -1.82364
16210 -1.89863
16220 -1.97306
16230 -2.04691
16240 -2.12016
16250 -2.1928
16260 -2.2648
16270 -2.33614
16280 -2.40681
16290 -2.47679
16300 -2.54605
16310 -2.61459
16320 -2.68239
16330 -2.74942
16340 -2.81568
16350 -2.88114
16360 -2.94578
16370 -3.0096
16380 -3.07257
16390 -3.13468
16400 -3.19591
16410 -3.25625
16420 -3.31569
16430 -3.3742
16440 -3.43178
16450 -3.4884
16460 -3.54407
16470 -3.59875
16480 -3.65244
16490 -3.70513
16500 -3.7568
16510 -3.80744
16520 -3.85704
16530 -3.90559
16540 -3.95307
16550 -3.99947
16560 -4.04479
16570 -4.089
16580 -4.13211
16590 -4.1741
16600 -4.21496
16610 -4.25469
16620 -4.29326
16630 -4.33068
16640 -4.36694
16650 -4.40202
16660 -4.43592
16670 -4.46863
16680 -4.50015
16690 -4.53047
16700 -4.55958
16710 -4.58747
16720 -4.61415
16730 -4.63959
16740 -4.66381
16750 -4.68679
16760 -4.70853
16770 -4.72902
16780 -4.74827
16790 -4.76626
16800 -4.783
16810 -4.79848
16820 -4.81269
16830 -4.82565
16840 -4.83734
16850 -4.84776
16860 -4.85692
16870 -4.8648
16880 -4.87142
16890 -4.87677
16900 -4.88085
16910 -4.88366
16920 -4.8852
16930 -4.88547
16940 -4.88448
16950 -4.88223
16960 -4.87871
16970 -4.87393
16980 -4.8679
16990 -4.86061
17000 -4.85208
17010 -4.84229
17020 -4.83127
17030 -4.819
17040 -4.80551
17050 -4.79078
17060 -4.77483
17070 -4.75766
17080 -4.73928
17090 -4.71969
17100 -4.69891
17110 -4.67693
17120 -4.65377
17130 -4.62942
17140 -4.60391
17150 -4.57723
17160 -4.5494
17170 -4.52042
17180 -4.49031
17190 -4.45906
17200 -4.4267
17210 -4.39322
17220 -4.35865
17230 -4.32299
17240 -4.28624
17250 -4.24843
17260 -4.20956
17270 -4.16964
17280 -4.12869
17290 -4.08671
17300 -4.04372
17310 -3.99974
17320 -3.95476
17330 -3.90881
17340 -3.86189
17350 -3.81403
17360 -3.76523
17370 -3.7155
17380 -3.66487
17390 -3.61334
17400 -3.56093
17410 -3.50765
17420 -3.45352
17430 -3.39855
17440 -3.34276
17450 -3.28616
17460 -3.22876
17470 -3.17059
17480 -3.11165
17490 -3.05197
17500 -2.99156
17510 -2.93043
17520 -2.8686
17530 -2.80609
17540 -2.74292
17550 -2.67909
17560 -2.61463
17570 -2.54955
17580 -2.48388
17590 -2.41762
17600 -2.3508
17610 -2.28343
17620 -2.21553
17630 -2.14712
17640 -2.07821
17650 -2.00882
17660 -1.93898
17670 -1.86869
17680 -1.79798
17690 -1.72686
17700 -1.65535
17710 -1.58348
17720 -1.51125
17730 -1.43869
17740 -1.36582
17750 -1.29264
17760 -1.21919
17770 -1.14548
17780 -1.07153
17790 -0.997361
17800 -0.922983
17810 -0.84842
17820 -0.77369
17830 -0.698811
17840 -0.623803
17850 -0.548683
17860 -0.47347
17870 -0.398184
17880 -0.322841
17890 -0.247462
17900 -0.172064
17910 -0.0966659
17920 -0.0212863
17930 0.0540564
17940 0.129344
17950 0.204558
17960 0.27968
17970 0.354692
17980 0.429575
17990 0.504313
18000 0.578886
18010 0.653276
18020 0.727466
18030 0.801438
18040 0.875173
18050 0.948656
18060 1.02187
18070 1.09479
18080 1.16741
18090 1.2397
18100 1.31165
18110 1.38325
18120 1.45447
18130 1.5253
18140 1.59572
18150 1.66571
18160 1.73527
18170 1.80437
18180 1.87299
18190 1.94113
18200 2.00876
18210 2.07587
18220 2.14244
18230 2.20846
18240 2.27391
18250 2.33878
18260 2.40305
18270 2.46671
18280 2.52975
18290 2.59214
18300 2.65387
18310 2.71494
18320 2.77532
18330 2.83501
18340 2.89398
18350 2.95224
18360 3.00975
18370 3.06651
18380 3.12251
18390 3.17774
18400 3.23217
18410 3.28581
18420 3.33864
18430 3.39064
18440 3.4418
18450 3.49213
18460 3.54159
18470 3.59018
18480 3.6379
18490 3.68473
18500 3.73066
18510 3.77567
18520 3.81977
18530 3.86295
18540 3.90518
18550 3.94647
18560 3.9868
18570 4.02617
18580 4.06457
18590 4.10198
18600 4.13841
18610 4.17385
18620 4.20828
18630 4.2417
18640 4.27411
18650 4.30549
18660 4.33584
18670 4.36516
18680 4.39344
18690 4.42067
18700 4.44685
18710 4.47197
18720 4.49603
18730 4.51902
18740 4.54095
18750 4.5618
18760 4.58157
18770 4.60026
18780 4.61786
18790 4.63438
18800 4.64981
18810 4.66414
18820 4.67738
18830 4.68952
18840 4.70057
18850 4.71051
18860 4.71935
18870 4.72709
18880 4.73373
18890 4.73927
18900 4.7437
18910 4.74703
18920 4.74925
18930 4.75038
18940 4.7504
18950 4.74932
18960 4.74715
18970 4.74388
18980 4.73951
18990 4.73405
19000 4.7275
19010 4.71986
19020 4.71114
19030 4.70133
19040 4.69045
19050 4.67849
19060 4.66547
19070 4.65137
19080 4.63621
19090 4.62
19100 4.60273
19110 4.58442
19120 4.56506
19130 4.54467
19140 4.52324
19150 4.50079
19160 4.47732
19170 4.45284
19180 4.42735
19190 4.40086
19200 4.37338
19210 4.34492
19220 4.31548
19230 4.28507
19240 4.2537
19250 4.22138
19260 4.18811
19270 4.1539
19280 4.11877
19290 4.08271
19300 4.04575
19310 4.00789
19320 3.96914
19330 3.92951
19340 3.889
19350 3.84764
19360 3.80542
19370 3.76237
19380 3.71848
19390 3.67378
19400 3.62827
19410 3.58196
19420 3.53486
19430 3.48699
19440 3.43836
19450 3.38898
19460 3.33886
19470 3.28802
19480 3.23646
19490 3.18419
19500 3.13124
19510 3.07761
19520 3.02332
19530 2.96837
19540 2.91279
19550 2.85658
19560 2.79976
19570 2.74234
19580 2.68433
19590 2.62576
19600 2.56662
19610 2.50694
19620 2.44673
19630 2.38601
19640 2.32478
19650 2.26307
19660 2.20088
19670 2.13823
19680 2.07514
19690 2.01161
19700 1.94767
19710 1.88333
19720 1.81861
19730 1.75351
19740 1.68805
19750 1.62226
19760 1.55613
19770 1.4897
19780 1.42297
19790 1.35595
19800 1.28867
19810 1.22114
19820 1.15337
19830 1.08538
19840 1.01719
19850 0.9488
19860 0.880239
19870 0.811518
19880 0.742653
19890 0.673658
19900 0.60455
19910 0.535343
19920 0.466053
19930 0.396695
19940 0.327285
19950 0.257837
19960 0.188368
19970 0.118892
19980 0.0494245
19990 -0.0200189
20000 -0.0894232
20010 -0.158773
