10 7.61867
20 9.60139
30 9.10636
40 7.61149
50 5.70686
60 3.69338
70 1.74042
80 -0.053937
90 -1.63441
100 -2.97305
110 -4.06
120 -4.89756
130 -5.49626
140 -5.87203
150 -6.04423
160 -6.03428
170 -5.86451
180 -5.55745
190 -5.13521
200 -4.61911
210 -4.02934
220 -3.3848
230 -2.70292
240 -1.9996
250 -1.28919
260 -0.584459
270 0.103352
280 0.764503
290 1.39069
300 1.97497
310 2.51169
320 2.99639
330 3.42574
340 3.79742
350 4.11004
360 4.36307
370 4.55673
380 4.69193
390 4.77016
400 4.79343
410 4.76421
420 4.68534
430 4.55997
440 4.3915
450 4.18352
460 3.93979
470 3.66413
480 3.36044
490 3.03261
500 2.68454
510 2.32003
520 1.94285
530 1.55662
540 1.16484
550 0.770879
560 0.377921
570 -0.0110151
580 -0.393103
590 -0.765712
600 -1.12641
610 -1.47299
620 -1.80342
630 -2.11591
640 -2.40886
650 -2.68088
660 -2.9308
670 -3.15763
680 -3.36058
690 -3.53904
700 -3.69261
710 -3.82101
720 -3.92418
730 -4.00219
740 -4.05525
750 -4.08372
760 -4.08808
770 -4.06895
780 -4.02703
790 -3.96315
800 -3.8782
810 -3.77318
820 -3.64913
830 -3.50719
840 -3.34852
850 -3.17435
860 -2.98593
870 -2.78455
880 -2.5715
890 -2.34812
900 -2.11573
910 -1.87565
920 -1.6292
930 -1.37769
940 -1.12241
950 -0.864618
960 -0.605555
970 -0.346423
980 -0.0883907
990 0.167416
1000 0.419913
1010 0.668065
1020 0.910886
1030 1.14744
1040 1.37684
1050 1.59827
1060 1.81096
1070 2.01419
1080 2.20731
1090 2.38973
1100 2.5609
1110 2.72037
1120 2.8677
1130 3.00254
1140 3.12458
1150 3.23359
1160 3.32938
1170 3.41181
1180 3.4808
1190 3.53632
1200 3.5784
1210 3.6071
1220 3.62255
1230 3.62489
1240 3.61434
1250 3.59114
1260 3.55558
1270 3.50797
1280 3.44866
1290 3.37804
1300 3.29652
1310 3.20455
1320 3.10259
1330 2.99113
1340 2.87067
1350 2.74174
1360 2.6049
1370 2.46068
1380 2.30966
1390 2.15242
1400 1.98954
1410 1.8216
1420 1.64921
1430 1.47294
1440 1.29341
1450 1.11119
1460 0.926869
1470 0.741034
1480 0.554255
1490 0.367097
1500 0.180113
1510 -0.0061529
1520 -0.191172
1530 -0.374427
1540 -0.555419
1550 -0.733663
1560 -0.90869
1570 -1.08005
1580 -1.24732
1590 -1.41008
1600 -1.56794
1610 -1.72053
1620 -1.8675
1630 -2.00853
1640 -2.14331
1650 -2.27155
1660 -2.393
1670 -2.50741
1680 -2.61458
1690 -2.7143
1700 -2.80641
1710 -2.89075
1720 -2.96722
1730 -3.03569
1740 -3.0961
1750 -3.14837
1760 -3.19248
1770 -3.2284
1780 -3.25615
1790 -3.27574
1800 -3.28721
1810 -3.29063
1820 -3.28608
1830 -3.27365
1840 -3.25347
1850 -3.22566
1860 -3.19038
1870 -3.14778
1880 -3.09804
1890 -3.04136
1900 -2.97793
1910 -2.90799
1920 -2.83174
1930 -2.74944
1940 -2.66133
1950 -2.56768
1960 -2.46874
1970 -2.36479
1980 -2.25612
1990 -2.14301
2000 -2.02576
2010 -1.90465
2020 -1.78001
2030 -1.65212
2040 -1.5213
2050 -1.38785
2060 -1.2521
2070 -1.11434
2080 -0.974887
2090 -0.834053
2100 -0.692146
2110 -0.54947
2120 -0.40633
2130 -0.263024
2140 -0.119849
2150 0.0229033
2160 0.164947
2170 0.306
2180 0.445787
2190 0.58404
2200 0.720496
2210 0.8549
2220 0.987004
2230 1.11657
2240 1.24336
2250 1.36716
2260 1.48775
2270 1.60493
2280 1.71849
2290 1.82827
2300 1.93407
2310 2.03572
2320 2.13309
2330 2.22601
2340 2.31435
2350 2.39798
2360 2.47679
2370 2.55068
2380 2.61954
2390 2.6833
2400 2.74187
2410 2.7952
2420 2.84324
2430 2.88593
2440 2.92325
2450 2.95517
2460 2.98168
2470 3.00278
2480 3.01847
2490 3.02877
2500 3.0337
2510 3.0333
2520 3.02761
2530 3.01669
2540 3.00058
2550 2.97937
2560 2.95313
2570 2.92194
2580 2.88589
2590 2.84509
2600 2.79963
2610 2.74964
2620 2.69522
2630 2.6365
2640 2.57362
2650 2.50671
2660 2.43591
2670 2.36137
2680 2.28323
2690 2.20166
2700 2.1168
2710 2.02882
2720 1.93789
2730 1.84418
2740 1.74785
2750 1.64907
2760 1.54803
2770 1.4449
2780 1.33986
2790 1.23308
2800 1.12475
2810 1.01505
2820 0.904159
2830 0.792254
2840 0.679517
2850 0.566129
2860 0.452269
2870 0.338113
2880 0.223839
2890 0.10962
2900 -0.00436978
2910 -0.117961
2920 -0.230985
2930 -0.343276
2940 -0.454672
2950 -0.565012
2960 -0.67414
2970 -0.781902
2980 -0.888149
2990 -0.992736
3000 -1.09552
3010 -1.19636
3020 -1.29513
3030 -1.39169
3040 -1.48592
3050 -1.57771
3060 -1.66692
3070 -1.75346
3080 -1.83722
3090 -1.91809
3100 -1.99599
3110 -2.07081
3120 -2.14248
3130 -2.21091
3140 -2.27603
3150 -2.33776
3160 -2.39606
3170 -2.45084
3180 -2.50207
3190 -2.54969
3200 -2.59366
3210 -2.63395
3220 -2.67051
3230 -2.70333
3240 -2.73238
3250 -2.75765
3260 -2.77913
3270 -2.7968
3280 -2.81068
3290 -2.82076
3300 -2.82706
3310 -2.82958
3320 -2.82835
3330 -2.8234
3340 -2.81474
3350 -2.80242
3360 -2.78648
3370 -2.76694
3380 -2.74387
3390 -2.71732
3400 -2.68733
3410 -2.65396
3420 -2.61729
3430 -2.57736
3440 -2.53427
3450 -2.48807
3460 -2.43885
3470 -2.38668
3480 -2.33165
3490 -2.27384
3500 -2.21335
3510 -2.15025
3520 -2.08466
3530 -2.01665
3540 -1.94634
3550 -1.87381
3560 -1.79918
3570 -1.72254
3580 -1.644
3590 -1.56368
3600 -1.48166
3610 -1.39807
3620 -1.31302
3630 -1.22661
3640 -1.13896
3650 -1.05018
3660 -0.960379
3670 -0.869676
3680 -0.778181
3690 -0.686009
3700 -0.593272
3710 -0.500082
3720 -0.406553
3730 -0.312797
3740 -0.218924
3750 -0.125045
3760 -0.0312701
3770 0.0622921
3780 0.155534
3790 0.248349
3800 0.340633
3810 0.432282
3820 0.523193
3830 0.613267
3840 0.702404
3850 0.790508
3860 0.877484
3870 0.963239
3880 1.04768
3890 1.13073
3900 1.21228
3910 1.29227
3920 1.3706
3930 1.4472
3940 1.522
3950 1.59491
3960 1.66587
3970 1.73481
3980 1.80166
3990 1.86636
4000 1.92884
4010 1.98906
4020 2.04696
4030 2.10248
4040 2.15558
4050 2.20621
4060 2.25432
4070 2.29989
4080 2.34287
4090 2.38323
4100 2.42093
4110 2.45596
4120 2.48829
4130 2.51789
4140 2.54475
4150 2.56885
4160 2.59018
4170 2.60873
4180 2.62449
4190 2.63747
4200 2.64766
4210 2.65506
4220 2.65968
4230 2.66153
4240 2.66062
4250 2.65696
4260 2.65057
4270 2.64147
4280 2.62968
4290 2.61523
4300 2.59813
4310 2.57844
4320 2.55616
4330 2.53134
4340 2.50403
4350 2.47424
4360 2.44203
4370 2.40744
4380 2.37052
4390 2.33131
4400 2.28986
4410 2.24623
4420 2.20046
4430 2.15261
4440 2.10275
4450 2.05092
4460 1.99719
4470 1.94161
4480 1.88426
4490 1.82519
4500 1.76447
4510 1.70217
4520 1.63836
4530 1.57309
4540 1.50645
4550 1.4385
4560 1.36932
4570 1.29897
4580 1.22753
4590 1.15507
4600 1.08166
4610 1.00739
4620 0.932316
4630 0.856523
4640 0.780082
4650 0.703069
4660 0.625559
4670 0.547627
4680 0.469347
4690 0.390796
4700 0.312046
4710 0.233173
4720 0.154251
4730 0.0753521
4740 -0.00344979
4750 -0.0820825
4760 -0.160474
4770 -0.238553
4780 -0.31625
4790 -0.393494
4800 -0.470218
4810 -0.546352
4820 -0.621831
4830 -0.696587
4840 -0.770558
4850 -0.843678
4860 -0.915885
4870 -0.987117
4880 -1.05732
4890 -1.12642
4900 -1.19438
4910 -1.26112
4920 -1.32661
4930 -1.39078
4940 -1.45359
4950 -1.51498
4960 -1.5749
4970 -1.63332
4980 -1.69017
4990 -1.74542
5000 -1.79903
5010 -1.85096
5020 -1.90117
5030 -1.94961
5040 -1.99626
5050 -2.04108
5060 -2.08404
5070 -2.12511
5080 -2.16427
5090 -2.20148
5100 -2.23672
5110 -2.26997
5120 -2.30121
5130 -2.33042
5140 -2.35758
5150 -2.38268
5160 -2.4057
5170 -2.42664
5180 -2.44547
5190 -2.46221
5200 -2.47683
5210 -2.48933
5220 -2.49972
5230 -2.50799
5240 -2.51414
5250 -2.51818
5260 -2.5201
5270 -2.51993
5280 -2.51766
5290 -2.5133
5300 -2.50687
5310 -2.49838
5320 -2.48785
5330 -2.47528
5340 -2.4607
5350 -2.44413
5360 -2.42559
5370 -2.4051
5380 -2.38269
5390 -2.35837
5400 -2.33219
5410 -2.30416
5420 -2.27431
5430 -2.24268
5440 -2.2093
5450 -2.1742
5460 -2.13742
5470 -2.09899
5480 -2.05895
5490 -2.01733
5500 -1.97418
5510 -1.92953
5520 -1.88343
5530 -1.83592
5540 -1.78704
5550 -1.73683
5560 -1.68535
5570 -1.63262
5580 -1.57871
5590 -1.52365
5600 -1.4675
5610 -1.4103
5620 -1.3521
5630 -1.29295
5640 -1.23289
5650 -1.17199
5660 -1.11028
5670 -1.04782
5680 -0.984667
5690 -0.920861
5700 -0.856458
5710 -0.791509
5720 -0.726067
5730 -0.660182
5740 -0.593908
5750 -0.527295
5760 -0.460396
5770 -0.393263
5780 -0.325948
5790 -0.258501
5800 -0.190976
5810 -0.123422
5820 -0.0558917
5830 0.011565
5840 0.0788974
5850 0.146055
5860 0.212989
5870 0.27965
5880 0.345988
5890 0.411955
5900 0.477504
5910 0.542588
5920 0.607159
5930 0.671171
5940 0.73458
5950 0.79734
5960 0.859407
5970 0.920738
5980 0.981291
5990 1.04102
6000 1.09989
6010 1.15786
6020 1.21489
6030 1.27094
6040 1.32597
6050 1.37995
6060 1.43284
6070 1.48461
6080 1.53522
6090 1.58464
6100 1.63284
6110 1.67979
6120 1.72545
6130 1.76981
6140 1.81282
6150 1.85448
6160 1.89474
6170 1.93359
6180 1.971
6190 2.00696
6200 2.04143
6210 2.07441
6220 2.10587
6230 2.1358
6240 2.16417
6250 2.19098
6260 2.21621
6270 2.23985
6280 2.26189
6290 2.28231
6300 2.30111
6310 2.31827
6320 2.3338
6330 2.34769
6340 2.35993
6350 2.37052
6360 2.37945
6370 2.38674
6380 2.39237
6390 2.39634
6400 2.39867
6410 2.39935
6420 2.39838
6430 2.39579
6440 2.39156
6450 2.38571
6460 2.37825
6470 2.36919
6480 2.35854
6490 2.3463
6500 2.3325
6510 2.31716
6520 2.30027
6530 2.28186
6540 2.26195
6550 2.24056
6560 2.21769
6570 2.19338
6580 2.16765
6590 2.14051
6600 2.11198
6610 2.0821
6620 2.05088
6630 2.01835
6640 1.98454
6650 1.94947
6660 1.91316
6670 1.87565
6680 1.83696
6690 1.79713
6700 1.75618
6710 1.71414
6720 1.67104
6730 1.62692
6740 1.5818
6750 1.53572
6760 1.48871
6770 1.44081
6780 1.39204
6790 1.34245
6800 1.29206
6810 1.24091
6820 1.18904
6830 1.13649
6840 1.08328
6850 1.02945
6860 0.975041
6870 0.92009
6880 0.864631
6890 0.808703
6900 0.752341
6910 0.695582
6920 0.638465
6930 0.581025
6940 0.523301
6950 0.46533
6960 0.407148
6970 0.348793
6980 0.290303
6990 0.231714
7000 0.173064
7010 0.114389
7020 0.0557262
7030 -0.002888
7040 -0.0614171
7050 -0.119825
7060 -0.178075
7070 -0.236133
7080 -0.293962
7090 -0.351527
7100 -0.408794
7110 -0.465728
7120 -0.522295
7130 -0.57846
7140 -0.634192
7150 -0.689456
7160 -0.74422
7170 -0.798452
7180 -0.852121
7190 -0.905194
7200 -0.957642
7210 -1.00943
7220 -1.06054
7230 -1.11093
7240 -1.16058
7250 -1.20946
7260 -1.25754
7270 -1.30479
7280 -1.35119
7290 -1.39672
7300 -1.44134
7310 -1.48504
7320 -1.52778
7330 -1.56955
7340 -1.61033
7350 -1.65009
7360 -1.68881
7370 -1.72647
7380 -1.76306
7390 -1.79855
7400 -1.83292
7410 -1.86616
7420 -1.89825
7430 -1.92918
7440 -1.95893
7450 -1.98748
7460 -2.01483
7470 -2.04095
7480 -2.06585
7490 -2.0895
7500 -2.11189
7510 -2.13302
7520 -2.15288
7530 -2.17145
7540 -2.18874
7550 -2.20473
7560 -2.21942
7570 -2.23281
7580 -2.24488
7590 -2.25564
7600 -2.26508
7610 -2.2732
7620 -2.28001
7630 -2.28549
7640 -2.28965
7650 -2.2925
7660 -2.29402
7670 -2.29423
7680 -2.29313
7690 -2.29073
7700 -2.28702
7710 -2.28201
7720 -2.27571
7730 -2.26813
7740 -2.25927
7750 -2.24914
7760 -2.23775
7770 -2.22512
7780 -2.21124
7790 -2.19614
7800 -2.17982
7810 -2.1623
7820 -2.14358
7830 -2.12369
7840 -2.10263
7850 -2.08043
7860 -2.05709
7870 -2.03263
7880 -2.00708
7890 -1.98043
7900 -1.95273
7910 -1.92397
7920 -1.89418
7930 -1.86338
7940 -1.8316
7950 -1.79884
7960 -1.76513
7970 -1.73049
7980 -1.69494
7990 -1.6585
8000 -1.6212
8010 -1.58306
8020 -1.5441
8030 -1.50434
8040 -1.46382
8050 -1.42254
8060 -1.38054
8070 -1.33784
8080 -1.29447
8090 -1.25045
8100 -1.20581
8110 -1.16057
8120 -1.11476
8130 -1.0684
8140 -1.02152
8150 -0.974153
8160 -0.926318
8170 -0.878043
8180 -0.829357
8190 -0.780285
8200 -0.730856
8210 -0.681096
8220 -0.631033
8230 -0.580695
8240 -0.530108
8250 -0.4793
8260 -0.4283
8270 -0.377134
8280 -0.325829
8290 -0.274415
8300 -0.222917
8310 -0.171363
8320 -0.119781
8330 -0.0681975
8340 -0.0166402
8350 0.034864
8360 0.0862883
8370 0.137606
8380 0.18879
8390 0.239814
8400 0.290653
8410 0.341279
8420 0.391667
8430 0.441791
8440 0.491626
8450 0.541147
8460 0.590329
8470 0.639146
8480 0.687575
8490 0.735592
8500 0.783172
8510 0.830292
8520 0.87693
8530 0.923061
8540 0.968664
8550 1.01372
8560 1.0582
8570 1.10208
8580 1.14535
8590 1.18799
8600 1.22997
8610 1.27127
8620 1.31188
8630 1.35177
8640 1.39094
8650 1.42935
8660 1.46699
8670 1.50384
8680 1.53989
8690 1.57513
8700 1.60953
8710 1.64307
8720 1.67576
8730 1.70756
8740 1.73847
8750 1.76847
8760 1.79755
8770 1.82569
8780 1.8529
8790 1.87914
8800 1.90442
8810 1.92873
8820 1.95204
8830 1.97436
8840 1.99567
8850 2.01597
8860 2.03525
8870 2.0535
8880 2.07071
8890 2.08688
8900 2.10201
8910 2.11608
8920 2.12909
8930 2.14105
8940 2.15194
8950 2.16176
8960 2.17051
8970 2.17819
8980 2.1848
8990 2.19033
9000 2.19479
9010 2.19817
9020 2.20049
9030 2.20172
9040 2.20189
9050 2.20099
9060 2.19903
9070 2.196
9080 2.19192
9090 2.18678
9100 2.18059
9110 2.17336
9120 2.16509
9130 2.15579
9140 2.14547
9150 2.13412
9160 2.12177
9170 2.10842
9180 2.09407
9190 2.07873
9200 2.06242
9210 2.04515
9220 2.02692
9230 2.00775
9240 1.98764
9250 1.96662
9260 1.94468
9270 1.92185
9280 1.89813
9290 1.87354
9300 1.8481
9310 1.82181
9320 1.79469
9330 1.76675
9340 1.73802
9350 1.7085
9360 1.67821
9370 1.64716
9380 1.61538
9390 1.58288
9400 1.54967
9410 1.51578
9420 1.48121
9430 1.446
9440 1.41015
9450 1.37368
9460 1.33661
9470 1.29896
9480 1.26075
9490 1.222
9500 1.18272
9510 1.14294
9520 1.10268
9530 1.06195
9540 1.02077
9550 0.979165
9560 0.937156
9570 0.894762
9580 0.852001
9590 0.808895
9600 0.765465
9610 0.72173
9620 0.677711
9630 0.633429
9640 0.588905
9650 0.544159
9660 0.499212
9670 0.454085
9680 0.408799
9690 0.363374
9700 0.317832
9710 0.272193
9720 0.226479
9730 0.180709
9740 0.134904
9750 0.0890864
9760 0.0432753
9770 -0.00250834
9780 -0.048244
9790 -0.0939113
9800 -0.13949
9810 -0.18496
9820 -0.2303
9830 -0.275492
9840 -0.320515
9850 -0.36535
9860 -0.409976
9870 -0.454375
9880 -0.498527
9890 -0.542413
9900 -0.586014
9910 -0.629312
9920 -0.672288
9930 -0.714923
9940 -0.757199
9950 -0.7991
9960 -0.840606
9970 -0.8817
9980 -0.922365
9990 -0.962585
10000 -1.00234
10010 -1.04162
10020 -1.0804
10030 -1.11867
10040 -1.15642
10050 -1.19362
10060 -1.23026
10070 -1.26633
10080 -1.30181
10090 -1.3367
10100 -1.37096
10110 -1.4046
10120 -1.4376
10130 -1.46994
10140 -1.50161
10150 -1.5326
10160 -1.5629
10170 -1.59249
10180 -1.62137
10190 -1.64952
10200 -1.67694
10210 -1.70361
10220 -1.72952
10230 -1.75466
10240 -1.77902
10250 -1.80261
10260 -1.82539
10270 -1.84738
10280 -1.86855
10290 -1.88891
10300 -1.90844
10310 -1.92714
10320 -1.945
10330 -1.96202
10340 -1.97819
10350 -1.99351
10360 -2.00796
10370 -2.02156
10380 -2.03428
10390 -2.04613
10400 -2.05711
10410 -2.06721
10420 -2.07643
10430 -2.08477
10440 -2.09222
10450 -2.09879
10460 -2.10447
10470 -2.10927
10480 -2.11317
10490 -2.11619
10500 -2.11832
10510 -2.11956
10520 -2.11992
10530 -2.1194
10540 -2.11799
10550 -2.1157
10560 -2.11254
10570 -2.1085
10580 -2.10359
10590 -2.09781
10600 -2.09118
10610 -2.08368
10620 -2.07533
10630 -2.06612
10640 -2.05608
10650 -2.0452
10660 -2.03348
10670 -2.02094
10680 -2.00759
10690 -1.99342
10700 -1.97844
10710 -1.96267
10720 -1.94611
10730 -1.92877
10740 -1.91066
10750 -1.89179
10760 -1.87216
10770 -1.85178
10780 -1.83067
10790 -1.80884
10800 -1.78629
10810 -1.76304
10820 -1.73909
10830 -1.71446
10840 -1.68916
10850 -1.6632
10860 -1.63659
10870 -1.60935
10880 -1.58148
10890 -1.553
10900 -1.52392
10910 -1.49425
10920 -1.46401
10930 -1.43322
10940 -1.40187
10950 -1.36999
10960 -1.33759
10970 -1.30469
10980 -1.27129
10990 -1.23742
11000 -1.20308
11010 -1.1683
11020 -1.13308
11030 -1.09744
11040 -1.0614
11050 -1.02497
11060 -0.988169
11070 -0.951007
11080 -0.913502
11090 -0.875669
11100 -0.837524
11110 -0.799083
11120 -0.760361
11130 -0.721374
11140 -0.682138
11150 -0.642668
11160 -0.602981
11170 -0.563093
11180 -0.52302
11190 -0.482777
11200 -0.442381
11210 -0.401848
11220 -0.361194
11230 -0.320435
11240 -0.279587
11250 -0.238666
11260 -0.197689
11270 -0.156671
11280 -0.115628
11290 -0.0745774
11300 -0.0335337
11310 0.00748663
11320 0.0484679
11330 0.0893941
11340 0.13025
11350 0.171019
11360 0.211686
11370 0.252236
11380 0.292653
11390 0.332921
11400 0.373026
11410 0.412953
11420 0.452685
11430 0.49221
11440 0.53151
11450 0.570573
11460 0.609383
11470 0.647927
11480 0.686188
11490 0.724155
11500 0.761812
11510 0.799146
11520 0.836143
11530 0.87279
11540 0.909073
11550 0.944979
11560 0.980496
11570 1.01561
11580 1.05031
11590 1.08458
11600 1.11841
11610 1.15179
11620 1.18471
11630 1.21715
11640 1.2491
11650 1.28055
11660 1.3115
11670 1.34193
11680 1.37182
11690 1.40118
11700 1.42999
11710 1.45823
11720 1.48591
11730 1.513
11740 1.53951
11750 1.56542
11760 1.59072
11770 1.61541
11780 1.63947
11790 1.66291
11800 1.6857
11810 1.70786
11820 1.72935
11830 1.75019
11840 1.77036
11850 1.78986
11860 1.80868
11870 1.82682
11880 1.84427
11890 1.86102
11900 1.87707
11910 1.89241
11920 1.90705
11930 1.92097
11940 1.93418
11950 1.94666
11960 1.95842
11970 1.96945
11980 1.97975
11990 1.98931
12000 1.99814
12010 2.00624
12020 2.01359
12030 2.02021
12040 2.02608
12050 2.03121
12060 2.03559
12070 2.03924
12080 2.04214
12090 2.04429
12100 2.0457
12110 2.04637
12120 2.0463
12130 2.04549
12140 2.04394
12150 2.04165
12160 2.03862
12170 2.03487
12180 2.03038
12190 2.02517
12200 2.01923
12210 2.01257
12220 2.0052
12230 1.99711
12240 1.98831
12250 1.97881
12260 1.96861
12270 1.95771
12280 1.94612
12290 1.93384
12300 1.92089
12310 1.90726
12320 1.89296
12330 1.878
12340 1.86238
12350 1.84612
12360 1.82921
12370 1.81167
12380 1.7935
12390 1.7747
12400 1.7553
12410 1.73529
12420 1.71469
12430 1.69349
12440 1.67172
12450 1.64937
12460 1.62646
12470 1.603
12480 1.57899
12490 1.55444
12500 1.52937
12510 1.50379
12520 1.47769
12530 1.4511
12540 1.42403
12550 1.39647
12560 1.36845
12570 1.33998
12580 1.31106
12590 1.28171
12600 1.25193
12610 1.22174
12620 1.19116
12630 1.16018
12640 1.12882
12650 1.0971
12660 1.06502
12670 1.03259
12680 0.99984
12690 0.966766
12700 0.933384
12710 0.899706
12720 0.865744
12730 0.83151
12740 0.797017
12750 0.762276
12760 0.727301
12770 0.692103
12780 0.656695
12790 0.621089
12800 0.585298
12810 0.549335
12820 0.513212
12830 0.476941
12840 0.440536
12850 0.404008
12860 0.367371
12870 0.330638
12880 0.29382
12890 0.25693
12900 0.219982
12910 0.182988
12920 0.14596
12930 0.108912
12940 0.0718547
12950 0.0348021
12960 -0.00223375
12970 -0.0392403
12980 -0.076205
12990 -0.113115
13000 -0.149959
13010 -0.186724
13020 -0.223398
13030 -0.259969
13040 -0.296424
13050 -0.332751
13060 -0.368939
13070 -0.404975
13080 -0.440847
13090 -0.476545
13100 -0.512055
13110 -0.547367
13120 -0.582469
13130 -0.61735
13140 -0.651998
13150 -0.686402
13160 -0.720551
13170 -0.754434
13180 -0.78804
13190 -0.821358
13200 -0.854379
13210 -0.88709
13220 -0.919482
13230 -0.951545
13240 -0.983268
13250 -1.01464
13260 -1.04565
13270 -1.0763
13280 -1.10657
13290 -1.13644
13300 -1.16592
13310 -1.195
13320 -1.22366
13330 -1.25189
13340 -1.27969
13350 -1.30705
13360 -1.33396
13370 -1.36041
13380 -1.3864
13390 -1.41191
13400 -1.43694
13410 -1.46148
13420 -1.48553
13430 -1.50907
13440 -1.5321
13450 -1.55462
13460 -1.57661
13470 -1.59807
13480 -1.619
13490 -1.63938
13500 -1.65922
13510 -1.6785
13520 -1.69722
13530 -1.71538
13540 -1.73297
13550 -1.74999
13560 -1.76642
13570 -1.78227
13580 -1.79754
13590 -1.81221
13600 -1.82629
13610 -1.83977
13620 -1.85265
13630 -1.86492
13640 -1.87658
13650 -1.88763
13660 -1.89806
13670 -1.90788
13680 -1.91708
13690 -1.92566
13700 -1.93361
13710 -1.94094
13720 -1.94765
13730 -1.95372
13740 -1.95917
13750 -1.96399
13760 -1.96818
13770 -1.97174
13780 -1.97467
13790 -1.97696
13800 -1.97863
13810 -1.97967
13820 -1.98008
13830 -1.97986
13840 -1.97901
13850 -1.97754
13860 -1.97544
13870 -1.97272
13880 -1.96937
13890 -1.96541
13900 -1.96083
13910 -1.95563
13920 -1.94982
13930 -1.9434
13940 -1.93637
13950 -1.92874
13960 -1.92051
13970 -1.91168
13980 -1.90226
13990 -1.89225
14000 -1.88165
14010 -1.87047
14020 -1.85871
14030 -1.84638
14040 -1.83348
14050 -1.82002
14060 -1.806
14070 -1.79142
14080 -1.7763
14090 -1.76064
14100 -1.74443
14110 -1.7277
14120 -1.71044
14130 -1.69267
14140 -1.67438
14150 -1.65558
14160 -1.63629
14170 -1.6165
14180 -1.59623
14190 -1.57547
14200 -1.55425
14210 -1.53255
14220 -1.51041
14230 -1.48781
14240 -1.46477
14250 -1.44129
14260 -1.41739
14270 -1.39306
14280 -1.36833
14290 -1.34319
14300 -1.31766
14310 -1.29174
14320 -1.26545
14330 -1.23879
14340 -1.21176
14350 -1.18438
14360 -1.15667
14370 -1.12861
14380 -1.10023
14390 -1.07154
14400 -1.04254
14410 -1.01324
14420 -0.983658
14430 -0.953794
14440 -0.92366
14450 -0.893267
14460 -0.862624
14470 -0.831741
14480 -0.800627
14490 -0.769292
14500 -0.737746
14510 -0.705998
14520 -0.674059
14530 -0.641938
14540 -0.609646
14550 -0.577192
14560 -0.544586
14570 -0.511839
14580 -0.47896
14590 -0.44596
14600 -0.412848
14610 -0.379635
14620 -0.346331
14630 -0.312945
14640 -0.279489
14650 -0.245972
14660 -0.212404
14670 -0.178795
14680 -0.145156
14690 -0.111496
14700 -0.0778262
14710 -0.0441559
14720 -0.0104953
14730 0.0231456
14740 0.0567567
14750 0.0903282
14760 0.12385
14770 0.157312
14780 0.190705
14790 0.224019
14800 0.257244
14810 0.290371
14820 0.323388
14830 0.356288
14840 0.389061
14850 0.421696
14860 0.454185
14870 0.486518
14880 0.518686
14890 0.550679
14900 0.582489
14910 0.614106
14920 0.645521
14930 0.676726
14940 0.70771
14950 0.738467
14960 0.768986
14970 0.799259
14980 0.829278
14990 0.859034
15000 0.888519
15010 0.917725
15020 0.946643
15030 0.975265
15040 1.00358
15050 1.03159
15060 1.05928
15070 1.08664
15080 1.11367
15090 1.14035
15100 1.16669
15110 1.19267
15120 1.21829
15130 1.24353
15140 1.2684
15150 1.29289
15160 1.31698
15170 1.34068
15180 1.36398
15190 1.38686
15200 1.40933
15210 1.43138
15220 1.45301
15230 1.4742
15240 1.49495
15250 1.51525
15260 1.53511
15270 1.55451
15280 1.57346
15290 1.59194
15300 1.60995
15310 1.62749
15320 1.64455
15330 1.66113
15340 1.67723
15350 1.69283
15360 1.70794
15370 1.72255
15380 1.73666
15390 1.75027
15400 1.76337
15410 1.77596
15420 1.78804
15430 1.79959
15440 1.81064
15450 1.82115
15460 1.83115
15470 1.84062
15480 1.84956
15490 1.85797
15500 1.86585
15510 1.8732
15520 1.88001
15530 1.88629
15540 1.89203
15550 1.89723
15560 1.9019
15570 1.90603
15580 1.90961
15590 1.91266
15600 1.91517
15610 1.91713
15620 1.91856
15630 1.91945
15640 1.9198
15650 1.91961
15660 1.91888
15670 1.91761
15680 1.91581
15690 1.91348
15700 1.91061
15710 1.90721
15720 1.90328
15730 1.89882
15740 1.89383
15750 1.88832
15760 1.88229
15770 1.87574
15780 1.86867
15790 1.86109
15800 1.85299
15810 1.84439
15820 1.83527
15830 1.82566
15840 1.81555
15850 1.80494
15860 1.79383
15870 1.78224
15880 1.77016
15890 1.7576
15900 1.74457
15910 1.73106
15920 1.71708
15930 1.70264
15940 1.68774
15950 1.67239
15960 1.65658
15970 1.64033
15980 1.62364
15990 1.60651
16000 1.58895
16010 1.57097
16020 1.55257
16030 1.53376
16040 1.51454
16050 1.49491
16060 1.4749
16070 1.45449
16080 1.43369
16090 1.41252
16100 1.39098
16110 1.36907
16120 1.3468
16130 1.32418
16140 1.30121
16150 1.2779
16160 1.25426
16170 1.2303
16180 1.20602
16190 1.18142
16200 1.15652
16210 1.13132
16220 1.10583
16230 1.08006
16240 1.05401
16250 1.0277
16260 1.00112
16270 0.974291
16280 0.947214
16290 0.919898
16300 0.892352
16310 0.864582
16320 0.836597
16330 0.808405
16340 0.780012
16350 0.751428
16360 0.722659
16370 0.693715
16380 0.664602
16390 0.635329
16400 0.605904
16410 0.576335
16420 0.54663
16430 0.516797
16440 0.486844
16450 0.45678
16460 0.426612
16470 0.396349
16480 0.365998
16490 0.335569
16500 0.305069
16510 0.274506
16520 0.243889
16530 0.213225
16540 0.182524
16550 0.151793
16560 0.12104
16570 0.0902733
16580 0.0595016
16590 0.0287327
16600 -0.00202528
16610 -0.0327642
16620 -0.0634759
16630 -0.0941525
16640 -0.124786
16650 -0.155368
16660 -0.18589
16670 -0.216346
16680 -0.246726
16690 -0.277023
16700 -0.30723
16710 -0.337337
16720 -0.367338
16730 -0.397225
16740 -0.426989
16750 -0.456625
16760 -0.486122
16770 -0.515475
16780 -0.544676
16790 -0.573717
16800 -0.602591
16810 -0.631291
16820 -0.659808
16830 -0.688137
16840 -0.71627
16850 -0.744199
16860 -0.771918
16870 -0.79942
16880 -0.826698
16890 -0.853745
16900 -0.880554
16910 -0.907119
16920 -0.933433
16930 -0.959489
16940 -0.985282
16950 -1.0108
16960 -1.03605
16970 -1.06101
16980 -1.08569
16990 -1.11007
17000 -1.13414
17010 -1.15792
17020 -1.18137
17030 -1.20452
17040 -1.22733
17050 -1.24982
17060 -1.27197
17070 -1.29379
17080 -1.31526
17090 -1.33637
17100 -1.35714
17110 -1.37754
17120 -1.39758
17130 -1.41724
17140 -1.43654
17150 -1.45545
17160 -1.47398
17170 -1.49213
17180 -1.50988
17190 -1.52724
17200 -1.5442
17210 -1.56075
17220 -1.57689
17230 -1.59263
17240 -1.60795
17250 -1.62285
17260 -1.63734
17270 -1.65139
17280 -1.66502
17290 -1.67822
17300 -1.69099
17310 -1.70332
17320 -1.71521
17330 -1.72666
17340 -1.73767
17350 -1.74823
17360 -1.75834
17370 -1.76801
17380 -1.77722
17390 -1.78597
17400 -1.79428
17410 -1.80212
17420 -1.80951
17430 -1.81643
17440 -1.8229
17450 -1.8289
17460 -1.83445
17470 -1.83952
17480 -1.84413
17490 -1.84828
17500 -1.85196
17510 -1.85518
17520 -1.85793
17530 -1.86021
17540 -1.86202
17550 -1.86337
17560 -1.86426
17570 -1.86467
17580 -1.86462
17590 -1.86411
17600 -1.86313
17610 -1.86169
17620 -1.85978
17630 -1.85741
17640 -1.85459
17650 -1.8513
17660 -1.84755
17670 -1.84335
17680 -1.8387
17690 -1.83359
17700 -1.82802
17710 -1.82201
17720 -1.81555
17730 -1.80865
17740 -1.8013
17750 -1.79351
17760 -1.78528
17770 -1.77662
17780 -1.76752
17790 -1.75799
17800 -1.74803
17810 -1.73765
17820 -1.72684
17830 -1.71562
17840 -1.70398
17850 -1.69193
17860 -1.67947
17870 -1.66661
17880 -1.65334
17890 -1.63967
17900 -1.62561
17910 -1.61116
17920 -1.59633
17930 -1.58111
17940 -1.56551
17950 -1.54954
17960 -1.5332
17970 -1.5165
17980 -1.49943
17990 -1.48201
18000 -1.46423
18010 -1.44611
18020 -1.42765
18030 -1.40885
18040 -1.38971
18050 -1.37025
18060 -1.35047
18070 -1.33037
18080 -1.30996
18090 -1.28924
18100 -1.26823
18110 -1.24691
18120 -1.22531
18130 -1.20342
18140 -1.18125
18150 -1.15881
18160 -1.1361
18170 -1.11313
18180 -1.0899
18190 -1.06643
18200 -1.04271
18210 -1.01875
18220 -0.994556
18230 -0.970139
18240 -0.945501
18250 -0.92065
18260 -0.895591
18270 -0.870331
18280 -0.844876
18290 -0.819232
18300 -0.793405
18310 -0.767403
18320 -0.741231
18330 -0.714896
18340 -0.688404
18350 -0.661762
18360 -0.634976
18370 -0.608053
18380 -0.581
18390 -0.553823
18400 -0.526529
18410 -0.499123
18420 -0.471614
18430 -0.444008
18440 -0.416311
18450 -0.38853
18460 -0.360671
18470 -0.332742
18480 -0.304749
18490 -0.276699
18500 -0.248599
18510 -0.220454
18520 -0.192273
18530 -0.164062
18540 -0.135826
18550 -0.107574
18560 -0.0793119
18570 -0.051046
18580 -0.0227834
18590 0.00546948
18600 0.0337059
18610 0.0619191
18620 0.0901026
18630 0.11825
18640 0.146354
18650 0.174409
18660 0.202407
18670 0.230343
18680 0.25821
18690 0.286002
18700 0.313711
18710 0.341333
18720 0.368859
18730 0.396284
18740 0.423602
18750 0.450806
18760 0.47789
18770 0.504848
18780 0.531674
18790 0.558361
18800 0.584904
18810 0.611297
18820 0.637532
18830 0.663605
18840 0.68951
18850 0.715241
18860 0.740791
18870 0.766156
18880 0.791329
18890 0.816306
18900 0.841079
18910 0.865644
18920 0.889995
18930 0.914128
18940 0.938035
18950 0.961713
18960 0.985156
18970 1.00836
18980 1.03132
18990 1.05402
19000 1.07647
19010 1.09867
19020 1.12059
19030 1.14225
19040 1.16363
19050 1.18473
19060 1.20555
19070 1.22608
19080 1.24632
19090 1.26626
19100 1.2859
19110 1.30523
19120 1.32426
19130 1.34297
19140 1.36136
19150 1.37943
19160 1.39718
19170 1.41459
19180 1.43168
19190 1.44843
19200 1.46484
19210 1.4809
19220 1.49662
19230 1.51199
19240 1.527
19250 1.54166
19260 1.55597
19270 1.56991
19280 1.58348
19290 1.59669
19300 1.60953
19310 1.62199
19320 1.63409
19330 1.6458
19340 1.65713
19350 1.66809
19360 1.67866
19370 1.68884
19380 1.69864
19390 1.70804
19400 1.71706
19410 1.72568
19420 1.73391
19430 1.74174
19440 1.74918
19450 1.75621
19460 1.76285
19470 1.76909
19480 1.77492
19490 1.78035
19500 1.78538
19510 1.79001
19520 1.79423
19530 1.79804
19540 1.80145
19550 1.80446
19560 1.80705
19570 1.80924
19580 1.81103
19590 1.8124
19600 1.81338
19610 1.81394
19620 1.8141
19630 1.81385
19640 1.8132
19650 1.81214
19660 1.81068
19670 1.80882
19680 1.80655
19690 1.80389
19700 1.80082
19710 1.79735
19720 1.79349
19730 1.78923
19740 1.78457
19750 1.77952
19760 1.77407
19770 1.76824
19780 1.76201
19790 1.7554
19800 1.7484
19810 1.74102
19820 1.73326
19830 1.72512
19840 1.7166
19850 1.7077
19860 1.69843
19870 1.6888
19880 1.67879
19890 1.66842
19900 1.65768
19910 1.64659
19920 1.63514
19930 1.62333
19940 1.61118
19950 1.59867
19960 1.58582
19970 1.57263
19980 1.5591
19990 1.54523
20000 1.53104
20010 1.51651
