10 -38.9365
20 -30.2555
30 -19.7383
40 -9.75222
50 -1.03466
60 6.1804
70 11.8684
80 16.1038
90 19.0099
100 20.7323
110 21.4246
120 21.2395
130 20.3239
140 18.8157
150 16.8423
160 14.5196
170 11.9516
180 9.23084
190 6.43827
200 3.64407
210 0.908209
220 -1.71894
230 -4.19581
240 -6.48896
250 -8.57234
260 -10.4266
270 -12.0382
280 -13.3992
290 -14.5063
300 -15.3601
310 -15.965
320 -16.3284
330 -16.4602
340 -16.3726
350 -16.0793
360 -15.5957
370 -14.9378
380 -14.1227
390 -13.168
400 -12.0911
410 -10.9099
420 -9.64184
430 -8.30409
440 -6.91336
450 -5.48574
460 -4.03661
470 -2.58056
480 -1.13133
490 0.298242
500 1.6963
510 3.05193
520 4.35525
530 5.59735
540 6.77034
550 7.86732
560 8.88235
570 9.81046
580 10.6476
590 11.3906
600 12.0371
610 12.5856
620 13.0355
630 13.3867
640 13.6399
650 13.7964
660 13.8581
670 13.8274
680 13.7074
690 13.5014
700 13.2131
710 12.8466
720 12.4065
730 11.8974
740 11.3242
750 10.692
760 10.0061
770 9.2718
780 8.49447
790 7.67958
800 6.83257
810 5.95884
820 5.06377
830 4.15262
840 3.23057
850 2.30266
860 1.37379
870 0.448689
880 -0.468087
890 -1.37218
900 -2.25945
910 -3.12597
920 -3.96803
930 -4.78216
940 -5.56516
950 -6.31404
960 -7.02607
970 -7.69879
980 -8.32997
990 -8.91765
1000 -9.46011
1010 -9.95588
1020 -10.4037
1030 -10.8027
1040 -11.152
1050 -11.4512
1060 -11.6999
1070 -11.8981
1080 -12.0459
1090 -12.1437
1100 -12.1919
1110 -12.1913
1120 -12.1427
1130 -12.0472
1140 -11.906
1150 -11.7204
1160 -11.4919
1170 -11.2221
1180 -10.9127
1190 -10.5655
1200 -10.1824
1210 -9.76547
1220 -9.31669
1230 -8.83822
1240 -8.33222
1250 -7.80094
1260 -7.24662
1270 -6.67155
1280 -6.07805
1290 -5.46841
1300 -4.84496
1310 -4.21
1320 -3.56582
1330 -2.91471
1340 -2.25889
1350 -1.60058
1360 -0.94195
1370 -0.285117
1380 0.367849
1390 1.01494
1400 1.65419
1410 2.28373
1420 2.90175
1430 3.50649
1440 4.0963
1450 4.6696
1460 5.22487
1470 5.76072
1480 6.27579
1490 6.76887
1500 7.23878
1510 7.68447
1520 8.10497
1530 8.4994
1540 8.86697
1550 9.20699
1560 9.51885
1570 9.80204
1580 10.0561
1590 10.2808
1600 10.4758
1610 10.6409
1620 10.7761
1630 10.8814
1640 10.9568
1650 11.0026
1660 11.0189
1670 11.0061
1680 10.9646
1690 10.8948
1700 10.7971
1710 10.6723
1720 10.5209
1730 10.3436
1740 10.1412
1750 9.9145
1760 9.66428
1770 9.39146
1780 9.09696
1790 8.78176
1800 8.44686
1810 8.09328
1820 7.7221
1830 7.33438
1840 6.93125
1850 6.51382
1860 6.08324
1870 5.64066
1880 5.18724
1890 4.72416
1900 4.25259
1910 3.7737
1920 3.28867
1930 2.79866
1940 2.30484
1950 1.80836
1960 1.31037
1970 0.811981
1980 0.314314
1990 -0.18154
2000 -0.67451
2010 -1.16355
2020 -1.64762
2030 -2.12574
2040 -2.59692
2050 -3.06023
2060 -3.51475
2070 -3.95961
2080 -4.39395
2090 -4.81697
2100 -5.22787
2110 -5.62594
2120 -6.01045
2130 -6.38075
2140 -6.7362
2150 -7.07622
2160 -7.40026
2170 -7.70781
2180 -7.9984
2190 -8.2716
2200 -8.52703
2210 -8.76433
2220 -8.98321
2230 -9.18339
2240 -9.36466
2250 -9.52682
2260 -9.66973
2270 -9.79328
2280 -9.89741
2290 -9.98208
2300 -10.0473
2310 -10.0931
2320 -10.1196
2330 -10.1269
2340 -10.1151
2350 -10.0845
2360 -10.0352
2370 -9.96752
2380 -9.8817
2390 -9.77806
2400 -9.65696
2410 -9.51874
2420 -9.3638
2430 -9.19257
2440 -9.00547
2450 -8.80299
2460 -8.5856
2470 -8.35382
2480 -8.10817
2490 -7.84919
2500 -7.57745
2510 -7.29353
2520 -6.99802
2530 -6.69152
2540 -6.37465
2550 -6.04803
2560 -5.71232
2570 -5.36814
2580 -5.01615
2590 -4.65702
2600 -4.29139
2610 -3.91995
2620 -3.54334
2630 -3.16226
2640 -2.77735
2650 -2.38929
2660 -1.99875
2670 -1.60638
2680 -1.21285
2690 -0.818799
2700 -0.424878
2710 -0.0317248
2720 0.360032
2730 0.749771
2740 1.13688
2750 1.52077
2760 1.90084
2770 2.27652
2780 2.64725
2790 3.01247
2800 3.37167
2810 3.72431
2820 4.06989
2830 4.40793
2840 4.73796
2850 5.05952
2860 5.37218
2870 5.67553
2880 5.96916
2890 6.2527
2900 6.52578
2910 6.78808
2920 7.03925
2930 7.27901
2940 7.50708
2950 7.72319
2960 7.9271
2970 8.1186
2980 8.29748
2990 8.46358
3000 8.61672
3010 8.75677
3020 8.88362
3030 8.99717
3040 9.09734
3050 9.18407
3060 9.25734
3070 9.31712
3080 9.36341
3090 9.39624
3100 9.41564
3110 9.42168
3120 9.41444
3130 9.394
3140 9.36048
3150 9.31402
3160 9.25475
3170 9.18284
3180 9.09848
3190 9.00184
3200 8.89315
3210 8.77263
3220 8.64052
3230 8.49706
3240 8.34252
3250 8.17718
3260 8.00133
3270 7.81527
3280 7.61931
3290 7.41377
3300 7.19899
3310 6.9753
3320 6.74306
3330 6.50262
3340 6.25434
3350 5.99861
3360 5.7358
3370 5.46629
3380 5.19048
3390 4.90875
3400 4.62151
3410 4.32916
3420 4.03211
3430 3.73076
3440 3.42552
3450 3.11681
3460 2.80503
3470 2.4906
3480 2.17394
3490 1.85544
3500 1.53553
3510 1.21461
3520 0.893088
3530 0.571365
3540 0.249844
3550 -0.0710799
3560 -0.391013
3570 -0.709568
3580 -1.02636
3590 -1.34101
3600 -1.65316
3610 -1.96242
3620 -2.26845
3630 -2.57089
3640 -2.86939
3650 -3.16362
3660 -3.45325
3670 -3.73796
3680 -4.01743
3690 -4.29136
3700 -4.55946
3710 -4.82143
3720 -5.077
3730 -5.32591
3740 -5.5679
3750 -5.80272
3760 -6.03014
3770 -6.24993
3780 -6.46187
3790 -6.66576
3800 -6.86142
3810 -7.04864
3820 -7.22728
3830 -7.39715
3840 -7.55813
3850 -7.71006
3860 -7.85282
3870 -7.98631
3880 -8.11041
3890 -8.22503
3900 -8.33009
3910 -8.42553
3920 -8.51128
3930 -8.58731
3940 -8.65357
3950 -8.71003
3960 -8.7567
3970 -8.79356
3980 -8.82062
3990 -8.83791
4000 -8.84545
4010 -8.84328
4020 -8.83145
4030 -8.81003
4040 -8.77909
4050 -8.7387
4060 -8.68896
4070 -8.62997
4080 -8.56183
4090 -8.48466
4100 -8.39859
4110 -8.30376
4120 -8.20031
4130 -8.08838
4140 -7.96815
4150 -7.83978
4160 -7.70344
4170 -7.55931
4180 -7.40758
4190 -7.24846
4200 -7.08213
4210 -6.90881
4220 -6.72872
4230 -6.54206
4240 -6.34907
4250 -6.14997
4260 -5.945
4270 -5.73439
4280 -5.5184
4290 -5.29726
4300 -5.07122
4310 -4.84054
4320 -4.60548
4330 -4.36629
4340 -4.12323
4350 -3.87657
4360 -3.62657
4370 -3.3735
4380 -3.11762
4390 -2.85921
4400 -2.59854
4410 -2.33587
4420 -2.07147
4430 -1.80561
4440 -1.53857
4450 -1.27062
4460 -1.00201
4470 -0.733021
4480 -0.463913
4490 -0.194953
4500 0.0736003
4510 0.341485
4520 0.608445
4530 0.874225
4540 1.13857
4550 1.40124
4560 1.66198
4570 1.92056
4580 2.17672
4590 2.43025
4600 2.68091
4610 2.92846
4620 3.1727
4630 3.4134
4640 3.65035
4650 3.88334
4660 4.11217
4670 4.33665
4680 4.55657
4690 4.77176
4700 4.98204
4710 5.18722
4720 5.38714
4730 5.58164
4740 5.77055
4750 5.95373
4760 6.13104
4770 6.30233
4780 6.46747
4790 6.62633
4800 6.77881
4810 6.92478
4820 7.06413
4830 7.19678
4840 7.32262
4850 7.44157
4860 7.55356
4870 7.6585
4880 7.75633
4890 7.84701
4900 7.93046
4910 8.00665
4920 8.07554
4930 8.1371
4940 8.19131
4950 8.23813
4960 8.27757
4970 8.30962
4980 8.33427
4990 8.35154
5000 8.36145
5010 8.364
5020 8.35924
5030 8.34718
5040 8.32788
5050 8.30138
5060 8.26772
5070 8.22697
5080 8.17919
5090 8.12445
5100 8.06282
5110 7.99439
5120 7.91923
5130 7.83744
5140 7.74912
5150 7.65436
5160 7.55327
5170 7.44596
5180 7.33255
5190 7.21315
5200 7.08789
5210 6.9569
5220 6.82031
5230 6.67826
5240 6.53088
5250 6.37832
5260 6.22072
5270 6.05824
5280 5.89104
5290 5.71926
5300 5.54306
5310 5.36262
5320 5.17809
5330 4.98963
5340 4.79743
5350 4.60166
5360 4.40248
5370 4.20007
5380 3.99461
5390 3.78627
5400 3.57525
5410 3.36171
5420 3.14585
5430 2.92784
5440 2.70786
5450 2.48611
5460 2.26277
5470 2.03802
5480 1.81205
5490 1.58504
5500 1.35717
5510 1.12864
5520 0.899632
5530 0.670319
5540 0.44089
5550 0.211525
5560 -0.0175937
5570 -0.246287
5580 -0.474376
5590 -0.701684
5600 -0.928036
5610 -1.15326
5620 -1.37718
5630 -1.59962
5640 -1.82043
5650 -2.03943
5660 -2.25647
5670 -2.47137
5680 -2.68398
5690 -2.89415
5700 -3.10172
5710 -3.30654
5720 -3.50847
5730 -3.70735
5740 -3.90305
5750 -4.09544
5760 -4.28436
5770 -4.4697
5780 -4.65132
5790 -4.8291
5800 -5.00292
5810 -5.17266
5820 -5.3382
5830 -5.49945
5840 -5.65628
5850 -5.80859
5860 -5.9563
5870 -6.0993
5880 -6.2375
5890 -6.37082
5900 -6.49917
5910 -6.62247
5920 -6.74066
5930 -6.85365
5940 -6.96139
5950 -7.06382
5960 -7.16086
5970 -7.25248
5980 -7.33862
5990 -7.41924
6000 -7.4943
6010 -7.56375
6020 -7.62758
6030 -7.68574
6040 -7.73823
6050 -7.78501
6060 -7.82607
6070 -7.86141
6080 -7.89101
6090 -7.91487
6100 -7.933
6110 -7.9454
6120 -7.95208
6130 -7.95305
6140 -7.94834
6150 -7.93796
6160 -7.92194
6170 -7.90031
6180 -7.8731
6190 -7.84035
6200 -7.8021
6210 -7.7584
6220 -7.7093
6230 -7.65484
6240 -7.59508
6250 -7.53008
6260 -7.45991
6270 -7.38462
6280 -7.3043
6290 -7.219
6300 -7.12881
6310 -7.0338
6320 -6.93406
6330 -6.82966
6340 -6.7207
6350 -6.60727
6360 -6.48945
6370 -6.36735
6380 -6.24106
6390 -6.11067
6400 -5.9763
6410 -5.83805
6420 -5.69602
6430 -5.55032
6440 -5.40107
6450 -5.24837
6460 -5.09234
6470 -4.9331
6480 -4.77076
6490 -4.60545
6500 -4.43728
6510 -4.26637
6520 -4.09286
6530 -3.91686
6540 -3.7385
6550 -3.5579
6560 -3.3752
6570 -3.19053
6580 -3.00401
6590 -2.81576
6600 -2.62594
6610 -2.43465
6620 -2.24204
6630 -2.04824
6640 -1.85337
6650 -1.65758
6660 -1.46098
6670 -1.26372
6680 -1.06592
6690 -0.867724
6700 -0.669252
6710 -0.470638
6720 -0.272013
6730 -0.0735051
6740 0.124756
6750 0.322641
6760 0.520024
6770 0.716779
6780 0.912778
6790 1.1079
6800 1.30202
6810 1.49501
6820 1.68676
6830 1.87714
6840 2.06604
6850 2.25334
6860 2.43893
6870 2.62268
6880 2.8045
6890 2.98427
6900 3.16187
6910 3.33721
6920 3.51018
6930 3.68068
6940 3.8486
6950 4.01385
6960 4.17633
6970 4.33594
6980 4.49261
6990 4.64622
7000 4.7967
7010 4.94397
7020 5.08793
7030 5.22851
7040 5.36563
7050 5.49922
7060 5.62919
7070 5.75549
7080 5.87804
7090 5.99678
7100 6.11164
7110 6.22257
7120 6.32951
7130 6.4324
7140 6.53119
7150 6.62583
7160 6.71628
7170 6.80249
7180 6.88442
7190 6.96204
7200 7.0353
7210 7.10418
7220 7.16864
7230 7.22866
7240 7.28422
7250 7.33529
7260 7.38185
7270 7.4239
7280 7.4614
7290 7.49437
7300 7.52278
7310 7.54664
7320 7.56594
7330 7.58068
7340 7.59086
7350 7.59651
7360 7.59761
7370 7.59418
7380 7.58625
7390 7.57382
7400 7.55691
7410 7.53555
7420 7.50976
7430 7.47957
7440 7.445
7450 7.4061
7460 7.36289
7470 7.31541
7480 7.2637
7490 7.20781
7500 7.14777
7510 7.08363
7520 7.01545
7530 6.94326
7540 6.86713
7550 6.78711
7560 6.70325
7570 6.61562
7580 6.52427
7590 6.42927
7600 6.33068
7610 6.22857
7620 6.123
7630 6.01405
7640 5.90179
7650 5.78629
7660 5.66762
7670 5.54587
7680 5.4211
7690 5.29341
7700 5.16286
7710 5.02954
7720 4.89353
7730 4.75493
7740 4.6138
7750 4.47024
7760 4.32435
7770 4.17619
7780 4.02587
7790 3.87348
7800 3.7191
7810 3.56282
7820 3.40475
7830 3.24497
7840 3.08358
7850 2.92067
7860 2.75634
7870 2.59068
7880 2.42378
7890 2.25575
7900 2.08668
7910 1.91666
7920 1.7458
7930 1.57419
7940 1.40192
7950 1.2291
7960 1.05581
7970 0.882162
7980 0.708245
7990 0.534157
8000 0.359994
8010 0.185851
8020 0.0118235
8030 -0.161993
8040 -0.335506
8050 -0.508619
8060 -0.681241
8070 -0.853278
8080 -1.02464
8090 -1.19523
8100 -1.36497
8110 -1.53375
8120 -1.7015
8130 -1.86812
8140 -2.03354
8150 -2.19765
8160 -2.36038
8170 -2.52164
8180 -2.68136
8190 -2.83944
8200 -2.9958
8210 -3.15038
8220 -3.30309
8230 -3.45384
8240 -3.60258
8250 -3.74922
8260 -3.89369
8270 -4.03591
8280 -4.17583
8290 -4.31336
8300 -4.44845
8310 -4.58103
8320 -4.71103
8330 -4.83839
8340 -4.96306
8350 -5.08496
8360 -5.20405
8370 -5.32027
8380 -5.43356
8390 -5.54388
8400 -5.65117
8410 -5.75538
8420 -5.85646
8430 -5.95438
8440 -6.04908
8450 -6.14053
8460 -6.22869
8470 -6.31352
8480 -6.39497
8490 -6.47303
8500 -6.54765
8510 -6.6188
8520 -6.68647
8530 -6.75061
8540 -6.81121
8550 -6.86824
8560 -6.92168
8570 -6.97152
8580 -7.01773
8590 -7.0603
8600 -7.09922
8610 -7.13447
8620 -7.16605
8630 -7.19395
8640 -7.21817
8650 -7.23869
8660 -7.25552
8670 -7.26866
8680 -7.2781
8690 -7.28386
8700 -7.28594
8710 -7.28435
8720 -7.27909
8730 -7.27018
8740 -7.25762
8750 -7.24144
8760 -7.22165
8770 -7.19827
8780 -7.17132
8790 -7.14082
8800 -7.10679
8810 -7.06926
8820 -7.02825
8830 -6.9838
8840 -6.93593
8850 -6.88467
8860 -6.83006
8870 -6.77214
8880 -6.71093
8890 -6.64648
8900 -6.57882
8910 -6.508
8920 -6.43405
8930 -6.35703
8940 -6.27697
8950 -6.19392
8960 -6.10793
8970 -6.01905
8980 -5.92732
8990 -5.83281
9000 -5.73555
9010 -5.63561
9020 -5.53304
9030 -5.42789
9040 -5.32022
9050 -5.2101
9060 -5.09756
9070 -4.98269
9080 -4.86554
9090 -4.74616
9100 -4.62463
9110 -4.501
9120 -4.37534
9130 -4.24772
9140 -4.1182
9150 -3.98684
9160 -3.85372
9170 -3.71889
9180 -3.58244
9190 -3.44442
9200 -3.30491
9210 -3.16398
9220 -3.02169
9230 -2.87812
9240 -2.73334
9250 -2.58742
9260 -2.44043
9270 -2.29245
9280 -2.14354
9290 -1.99378
9300 -1.84323
9310 -1.69198
9320 -1.5401
9330 -1.38765
9340 -1.23472
9350 -1.08137
9360 -0.927675
9370 -0.773711
9380 -0.619549
9390 -0.465262
9400 -0.310922
9410 -0.156601
9420 -0.00237126
9430 0.151696
9440 0.30553
9450 0.459059
9460 0.612212
9470 0.76492
9480 0.917113
9490 1.06872
9500 1.21968
9510 1.36991
9520 1.51935
9530 1.66794
9540 1.8156
9550 1.96228
9560 2.1079
9570 2.2524
9580 2.39572
9590 2.53779
9600 2.67856
9610 2.81795
9620 2.95591
9630 3.09239
9640 3.22731
9650 3.36063
9660 3.49228
9670 3.62221
9680 3.75036
9690 3.87669
9700 4.00113
9710 4.12363
9720 4.24414
9730 4.36262
9740 4.47901
9750 4.59326
9760 4.70533
9770 4.81517
9780 4.92274
9790 5.02799
9800 5.13088
9810 5.23138
9820 5.32943
9830 5.425
9840 5.51806
9850 5.60856
9860 5.69648
9870 5.78177
9880 5.86441
9890 5.94436
9900 6.02159
9910 6.09609
9920 6.16781
9930 6.23673
9940 6.30282
9950 6.36608
9960 6.42646
9970 6.48395
9980 6.53854
9990 6.59019
10000 6.63891
10010 6.68466
10020 6.72744
10030 6.76724
10040 6.80403
10050 6.83782
10060 6.8686
10070 6.89634
10080 6.92106
10090 6.94274
10100 6.96139
10110 6.97699
10120 6.98956
10130 6.99908
10140 7.00557
10150 7.00901
10160 7.00943
10170 7.00683
10180 7.0012
10190 6.99256
10200 6.98093
10210 6.96631
10220 6.9487
10230 6.92814
10240 6.90462
10250 6.87818
10260 6.84881
10270 6.81655
10280 6.78141
10290 6.74341
10300 6.70257
10310 6.65893
10320 6.61249
10330 6.56329
10340 6.51135
10350 6.45669
10360 6.39936
10370 6.33937
10380 6.27677
10390 6.21157
10400 6.14381
10410 6.07352
10420 6.00075
10430 5.92552
10440 5.84787
10450 5.76784
10460 5.68547
10470 5.6008
10480 5.51385
10490 5.42469
10500 5.33334
10510 5.23985
10520 5.14427
10530 5.04663
10540 4.94698
10550 4.84537
10560 4.74185
10570 4.63645
10580 4.52923
10590 4.42023
10600 4.30951
10610 4.1971
10620 4.08307
10630 3.96746
10640 3.85033
10650 3.73171
10660 3.61168
10670 3.49026
10680 3.36753
10690 3.24353
10700 3.11832
10710 2.99194
10720 2.86446
10730 2.73593
10740 2.6064
10750 2.47592
10760 2.34456
10770 2.21236
10780 2.07938
10790 1.94568
10800 1.81132
10810 1.67634
10820 1.54081
10830 1.40478
10840 1.26831
10850 1.13145
10860 0.994257
10870 0.85679
10880 0.719104
10890 0.581255
10900 0.443298
10910 0.30529
10920 0.167285
10930 0.0293394
10940 -0.108492
10950 -0.246154
10960 -0.383591
10970 -0.52075
10980 -0.657576
10990 -0.794014
11000 -0.930012
11010 -1.06552
11020 -1.20047
11030 -1.33483
11040 -1.46853
11050 -1.60153
11060 -1.73377
11070 -1.86521
11080 -1.99579
11090 -2.12546
11100 -2.25418
11110 -2.38189
11120 -2.50854
11130 -2.63409
11140 -2.75849
11150 -2.88169
11160 -3.00365
11170 -3.12432
11180 -3.24366
11190 -3.36161
11200 -3.47815
11210 -3.59322
11220 -3.70678
11230 -3.81879
11240 -3.92921
11250 -4.038
11260 -4.14512
11270 -4.25052
11280 -4.35419
11290 -4.45607
11300 -4.55612
11310 -4.65432
11320 -4.75063
11330 -4.84502
11340 -4.93745
11350 -5.02788
11360 -5.1163
11370 -5.20266
11380 -5.28694
11390 -5.36911
11400 -5.44914
11410 -5.527
11420 -5.60267
11430 -5.67612
11440 -5.74734
11450 -5.81628
11460 -5.88294
11470 -5.9473
11480 -6.00932
11490 -6.06899
11500 -6.12629
11510 -6.18121
11520 -6.23373
11530 -6.28383
11540 -6.33149
11550 -6.37671
11560 -6.41947
11570 -6.45976
11580 -6.49756
11590 -6.53287
11600 -6.56568
11610 -6.59598
11620 -6.62377
11630 -6.64903
11640 -6.67176
11650 -6.69195
11660 -6.70962
11670 -6.72474
11680 -6.73732
11690 -6.74737
11700 -6.75487
11710 -6.75984
11720 -6.76227
11730 -6.76217
11740 -6.75954
11750 -6.75439
11760 -6.74673
11770 -6.73655
11780 -6.72388
11790 -6.70871
11800 -6.69106
11810 -6.67094
11820 -6.64836
11830 -6.62333
11840 -6.59587
11850 -6.56599
11860 -6.5337
11870 -6.49903
11880 -6.46198
11890 -6.42258
11900 -6.38085
11910 -6.3368
11920 -6.29045
11930 -6.24183
11940 -6.19096
11950 -6.13785
11960 -6.08254
11970 -6.02504
11980 -5.96538
11990 -5.9036
12000 -5.8397
12010 -5.77372
12020 -5.70569
12030 -5.63564
12040 -5.56359
12050 -5.48957
12060 -5.41361
12070 -5.33576
12080 -5.25602
12090 -5.17445
12100 -5.09107
12110 -5.00591
12120 -4.91901
12130 -4.8304
12140 -4.74011
12150 -4.64819
12160 -4.55467
12170 -4.45958
12180 -4.36297
12190 -4.26486
12200 -4.1653
12210 -4.06432
12220 -3.96197
12230 -3.85828
12240 -3.75329
12250 -3.64704
12260 -3.53957
12270 -3.43093
12280 -3.32114
12290 -3.21026
12300 -3.09833
12310 -2.98538
12320 -2.87146
12330 -2.75661
12340 -2.64088
12350 -2.5243
12360 -2.40691
12370 -2.28877
12380 -2.16991
12390 -2.05038
12400 -1.93022
12410 -1.80948
12420 -1.68819
12430 -1.5664
12440 -1.44416
12450 -1.32151
12460 -1.1985
12470 -1.07515
12480 -0.951534
12490 -0.827678
12500 -0.703631
12510 -0.579437
12520 -0.455138
12530 -0.33078
12540 -0.206404
12550 -0.0820562
12560 0.0422216
12570 0.166386
12580 0.290393
12590 0.414201
12600 0.537766
12610 0.661046
12620 0.783998
12630 0.906581
12640 1.02875
12650 1.15047
12660 1.27169
12670 1.39238
12680 1.51249
12690 1.63198
12700 1.75081
12710 1.86895
12720 1.98634
12730 2.10296
12740 2.21877
12750 2.33372
12760 2.44778
12770 2.5609
12780 2.67306
12790 2.78422
12800 2.89433
12810 3.00337
12820 3.11129
12830 3.21806
12840 3.32365
12850 3.42803
12860 3.53115
12870 3.63299
12880 3.73351
12890 3.83268
12900 3.93048
12910 4.02686
12920 4.1218
12930 4.21526
12940 4.30723
12950 4.39766
12960 4.48653
12970 4.57382
12980 4.6595
12990 4.74353
13000 4.8259
13010 4.90658
13020 4.98554
13030 5.06276
13040 5.13822
13050 5.2119
13060 5.28376
13070 5.3538
13080 5.42199
13090 5.4883
13100 5.55273
13110 5.61525
13120 5.67585
13130 5.7345
13140 5.79119
13150 5.84591
13160 5.89864
13170 5.94936
13180 5.99806
13190 6.04473
13200 6.08935
13210 6.13192
13220 6.17242
13230 6.21084
13240 6.24717
13250 6.28141
13260 6.31355
13270 6.34357
13280 6.37147
13290 6.39725
13300 6.42089
13310 6.44241
13320 6.46178
13330 6.47902
13340 6.4941
13350 6.50705
13360 6.51784
13370 6.52649
13380 6.53299
13390 6.53735
13400 6.53956
13410 6.53963
13420 6.53756
13430 6.53336
13440 6.52703
13450 6.51857
13460 6.50799
13470 6.4953
13480 6.48051
13490 6.46362
13500 6.44464
13510 6.42358
13520 6.40046
13530 6.37527
13540 6.34804
13550 6.31877
13560 6.28747
13570 6.25417
13580 6.21887
13590 6.18159
13600 6.14234
13610 6.10114
13620 6.05801
13630 6.01295
13640 5.966
13650 5.91716
13660 5.86645
13670 5.8139
13680 5.75953
13690 5.70335
13700 5.64538
13710 5.58564
13720 5.52417
13730 5.46097
13740 5.39608
13750 5.32951
13760 5.26129
13770 5.19144
13780 5.11999
13790 5.04696
13800 4.97238
13810 4.89627
13820 4.81867
13830 4.73959
13840 4.65907
13850 4.57713
13860 4.4938
13870 4.4091
13880 4.32308
13890 4.23575
13900 4.14714
13910 4.05729
13920 3.96623
13930 3.87398
13940 3.78058
13950 3.68606
13960 3.59045
13970 3.49378
13980 3.39608
13990 3.29738
14000 3.19772
14010 3.09713
14020 2.99565
14030 2.8933
14040 2.79011
14050 2.68613
14060 2.58139
14070 2.47591
14080 2.36974
14090 2.26291
14100 2.15544
14110 2.04739
14120 1.93877
14130 1.82963
14140 1.72
14150 1.60991
14160 1.4994
14170 1.3885
14180 1.27726
14190 1.16569
14200 1.05385
14210 0.941754
14220 0.82945
14230 0.716969
14240 0.604346
14250 0.491617
14260 0.378815
14270 0.265976
14280 0.153134
14290 0.0403237
14300 -0.0724198
14310 -0.185062
14320 -0.297569
14330 -0.409907
14340 -0.52204
14350 -0.633936
14360 -0.74556
14370 -0.856879
14380 -0.967859
14390 -1.07847
14400 -1.18867
14410 -1.29843
14420 -1.40772
14430 -1.51651
14440 -1.62476
14450 -1.73245
14460 -1.83953
14470 -1.94598
14480 -2.05177
14490 -2.15687
14500 -2.26124
14510 -2.36485
14520 -2.46768
14530 -2.56969
14540 -2.67085
14550 -2.77114
14560 -2.87053
14570 -2.96898
14580 -3.06648
14590 -3.16298
14600 -3.25847
14610 -3.35291
14620 -3.44628
14630 -3.53856
14640 -3.62971
14650 -3.71971
14660 -3.80853
14670 -3.89616
14680 -3.98256
14690 -4.06772
14700 -4.1516
14710 -4.23419
14720 -4.31545
14730 -4.39538
14740 -4.47394
14750 -4.55112
14760 -4.6269
14770 -4.70125
14780 -4.77415
14790 -4.84559
14800 -4.91554
14810 -4.98399
14820 -5.05092
14830 -5.1163
14840 -5.18013
14850 -5.24239
14860 -5.30306
14870 -5.36212
14880 -5.41956
14890 -5.47536
14900 -5.52952
14910 -5.58201
14920 -5.63282
14930 -5.68195
14940 -5.72937
14950 -5.77508
14960 -5.81906
14970 -5.86131
14980 -5.90182
14990 -5.94057
15000 -5.97755
15010 -6.01277
15020 -6.0462
15030 -6.07785
15040 -6.1077
15050 -6.13576
15060 -6.162
15070 -6.18643
15080 -6.20905
15090 -6.22985
15100 -6.24882
15110 -6.26597
15120 -6.28128
15130 -6.29477
15140 -6.30642
15150 -6.31624
15160 -6.32422
15170 -6.33037
15180 -6.33468
15190 -6.33716
15200 -6.33781
15210 -6.33663
15220 -6.33363
15230 -6.3288
15240 -6.32215
15250 -6.31369
15260 -6.30342
15270 -6.29134
15280 -6.27747
15290 -6.2618
15300 -6.24435
15310 -6.22512
15320 -6.20411
15330 -6.18135
15340 -6.15683
15350 -6.13057
15360 -6.10258
15370 -6.07286
15380 -6.04143
15390 -6.00829
15400 -5.97347
15410 -5.93696
15420 -5.89879
15430 -5.85897
15440 -5.81751
15450 -5.77443
15460 -5.72973
15470 -5.68343
15480 -5.63556
15490 -5.58612
15500 -5.53513
15510 -5.48261
15520 -5.42857
15530 -5.37303
15540 -5.31601
15550 -5.25753
15560 -5.1976
15570 -5.13625
15580 -5.07348
15590 -5.00933
15600 -4.94382
15610 -4.87695
15620 -4.80876
15630 -4.73926
15640 -4.66848
15650 -4.59643
15660 -4.52314
15670 -4.44864
15680 -4.37293
15690 -4.29605
15700 -4.21802
15710 -4.13886
15720 -4.05859
15730 -3.97724
15740 -3.89484
15750 -3.8114
15760 -3.72696
15770 -3.64153
15780 -3.55514
15790 -3.46782
15800 -3.3796
15810 -3.29049
15820 -3.20052
15830 -3.10972
15840 -3.01812
15850 -2.92575
15860 -2.83262
15870 -2.73876
15880 -2.64421
15890 -2.54899
15900 -2.45312
15910 -2.35664
15920 -2.25957
15930 -2.16194
15940 -2.06377
15950 -1.9651
15960 -1.86595
15970 -1.76635
15980 -1.66632
15990 -1.56591
16000 -1.46512
16010 -1.364
16020 -1.26256
16030 -1.16084
16040 -1.05887
16050 -0.956677
16060 -0.854283
16070 -0.751719
16080 -0.649014
16090 -0.546195
16100 -0.443292
16110 -0.340332
16120 -0.237343
16130 -0.134353
16140 -0.0313907
16150 0.0715165
16160 0.17434
16170 0.277054
16180 0.379628
16190 0.482036
16200 0.584251
16210 0.686244
16220 0.787988
16230 0.889457
16240 0.990623
16250 1.09146
16260 1.19194
16270 1.29204
16280 1.39172
16290 1.49097
16300 1.58976
16310 1.68806
16320 1.78585
16330 1.88309
16340 1.97978
16350 2.07587
16360 2.17134
16370 2.26618
16380 2.36035
16390 2.45383
16400 2.54659
16410 2.63862
16420 2.72989
16430 2.82037
16440 2.91005
16450 2.9989
16460 3.08689
16470 3.174
16480 3.26022
16490 3.34552
16500 3.42988
16510 3.51327
16520 3.59568
16530 3.67709
16540 3.75747
16550 3.8368
16560 3.91508
16570 3.99226
16580 4.06835
16590 4.14331
16600 4.21713
16610 4.2898
16620 4.36129
16630 4.43158
16640 4.50066
16650 4.56852
16660 4.63513
16670 4.70048
16680 4.76456
16690 4.82734
16700 4.88882
16710 4.94898
16720 5.00781
16730 5.06528
16740 5.12139
16750 5.17613
16760 5.22948
16770 5.28143
16780 5.33197
16790 5.38109
16800 5.42877
16810 5.475
16820 5.51978
16830 5.56309
16840 5.60493
16850 5.64528
16860 5.68414
16870 5.7215
16880 5.75735
16890 5.79169
16900 5.82449
16910 5.85577
16920 5.88551
16930 5.91371
16940 5.94036
16950 5.96546
16960 5.989
16970 6.01097
16980 6.03138
16990 6.05022
17000 6.06749
17010 6.08318
17020 6.09729
17030 6.10983
17040 6.12078
17050 6.13015
17060 6.13795
17070 6.14415
17080 6.14878
17090 6.15182
17100 6.15329
17110 6.15317
17120 6.15148
17130 6.14822
17140 6.14338
17150 6.13697
17160 6.129
17170 6.11947
17180 6.10837
17190 6.09573
17200 6.08154
17210 6.06581
17220 6.04853
17230 6.02973
17240 6.00941
17250 5.98757
17260 5.96422
17270 5.93936
17280 5.91302
17290 5.88519
17300 5.85588
17310 5.8251
17320 5.79287
17330 5.75919
17340 5.72407
17350 5.68752
17360 5.64956
17370 5.61019
17380 5.56943
17390 5.52728
17400 5.48377
17410 5.4389
17420 5.39268
17430 5.34514
17440 5.29628
17450 5.24611
17460 5.19465
17470 5.14192
17480 5.08793
17490 5.03269
17500 4.97622
17510 4.91854
17520 4.85966
17530 4.79959
17540 4.73836
17550 4.67598
17560 4.61247
17570 4.54784
17580 4.48211
17590 4.4153
17600 4.34743
17610 4.27851
17620 4.20857
17630 4.13762
17640 4.06568
17650 3.99277
17660 3.91892
17670 3.84412
17680 3.76842
17690 3.69183
17700 3.61436
17710 3.53604
17720 3.45689
17730 3.37693
17740 3.29618
17750 3.21466
17760 3.1324
17770 3.0494
17780 2.9657
17790 2.88131
17800 2.79627
17810 2.71058
17820 2.62427
17830 2.53736
17840 2.44988
17850 2.36185
17860 2.27328
17870 2.18421
17880 2.09465
17890 2.00462
17900 1.91416
17910 1.82328
17920 1.732
17930 1.64035
17940 1.54834
17950 1.45601
17960 1.36338
17970 1.27047
17980 1.17729
17990 1.08388
18000 0.990263
18010 0.896453
18020 0.802477
18030 0.708357
18040 0.614118
18050 0.519781
18060 0.425371
18070 0.330909
18080 0.236419
18090 0.141925
18100 0.0474477
18110 -0.0469885
18120 -0.141361
18130 -0.235648
18140 -0.329825
18150 -0.423871
18160 -0.517763
18170 -0.611478
18180 -0.704993
18190 -0.798288
18200 -0.891338
18210 -0.984123
18220 -1.07662
18230 -1.16881
18240 -1.26066
18250 -1.35216
18260 -1.44329
18270 -1.53402
18280 -1.62433
18290 -1.71421
18300 -1.80362
18310 -1.89255
18320 -1.98098
18330 -2.06889
18340 -2.15625
18350 -2.24306
18360 -2.32927
18370 -2.41489
18380 -2.49988
18390 -2.58423
18400 -2.66792
18410 -2.75092
18420 -2.83323
18430 -2.91482
18440 -2.99566
18450 -3.07576
18460 -3.15507
18470 -3.2336
18480 -3.31131
18490 -3.3882
18500 -3.46424
18510 -3.53942
18520 -3.61372
18530 -3.68713
18540 -3.75962
18550 -3.83119
18560 -3.90181
18570 -3.97147
18580 -4.04015
18590 -4.10785
18600 -4.17453
18610 -4.2402
18620 -4.30484
18630 -4.36842
18640 -4.43095
18650 -4.49239
18660 -4.55275
18670 -4.61201
18680 -4.67015
18690 -4.72716
18700 -4.78304
18710 -4.83776
18720 -4.89132
18730 -4.9437
18740 -4.9949
18750 -5.0449
18760 -5.0937
18770 -5.14128
18780 -5.18763
18790 -5.23275
18800 -5.27662
18810 -5.31924
18820 -5.36059
18830 -5.40068
18840 -5.43948
18850 -5.477
18860 -5.51322
18870 -5.54815
18880 -5.58176
18890 -5.61406
18900 -5.64504
18910 -5.6747
18920 -5.70302
18930 -5.73001
18940 -5.75565
18950 -5.77995
18960 -5.80289
18970 -5.82449
18980 -5.84472
18990 -5.8636
19000 -5.88111
19010 -5.89725
19020 -5.91202
19030 -5.92543
19040 -5.93746
19050 -5.94812
19060 -5.9574
19070 -5.96531
19080 -5.97184
19090 -5.97699
19100 -5.98077
19110 -5.98318
19120 -5.98421
19130 -5.98386
19140 -5.98215
19150 -5.97906
19160 -5.97461
19170 -5.96879
19180 -5.96161
19190 -5.95308
19200 -5.94318
19210 -5.93193
19220 -5.91934
19230 -5.9054
19240 -5.89012
19250 -5.87351
19260 -5.85556
19270 -5.8363
19280 -5.81571
19290 -5.79381
19300 -5.77061
19310 -5.74611
19320 -5.72031
19330 -5.69323
19340 -5.66488
19350 -5.63525
19360 -5.60436
19370 -5.57222
19380 -5.53883
19390 -5.50421
19400 -5.46836
19410 -5.43129
19420 -5.39301
19430 -5.35354
19440 -5.31287
19450 -5.27103
19460 -5.22803
19470 -5.18387
19480 -5.13856
19490 -5.09212
19500 -5.04455
19510 -4.99588
19520 -4.94611
19530 -4.89525
19540 -4.84332
19550 -4.79033
19560 -4.73629
19570 -4.68122
19580 -4.62513
19590 -4.56802
19600 -4.50993
19610 -4.45086
19620 -4.39082
19630 -4.32983
19640 -4.2679
19650 -4.20506
19660 -4.1413
19670 -4.07666
19680 -4.01114
19690 -3.94476
19700 -3.87753
19710 -3.80947
19720 -3.7406
19730 -3.67094
19740 -3.60049
19750 -3.52928
19760 -3.45732
19770 -3.38464
19780 -3.31123
19790 -3.23713
19800 -3.16235
19810 -3.08691
19820 -3.01082
19830 -2.93411
19840 -2.85678
19850 -2.77886
19860 -2.70037
19870 -2.62132
19880 -2.54173
19890 -2.46162
19900 -2.38101
19910 -2.29992
19920 -2.21836
19930 -2.13635
19940 -2.05391
19950 -1.97106
19960 -1.88782
19970 -1.80421
19980 -1.72024
19990 -1.63594
20000 -1.55132
20010 -1.4664
