10 -2.8867
20 1.90356
30 4.44372
40 5.70119
50 6.12349
60 5.98063
70 5.45615
80 4.68249
90 3.7582
100 2.75768
110 1.73724
120 0.739273
130 -0.204802
140 -1.07229
150 -1.84751
160 -2.52044
170 -3.08557
180 -3.54108
190 -3.88799
200 -4.12966
210 -4.27117
220 -4.31896
230 -4.28043
240 -4.16364
250 -3.97706
260 -3.7294
270 -3.42934
280 -3.0855
290 -2.70623
300 -2.29958
310 -1.87318
320 -1.43424
330 -0.989451
340 -0.54498
350 -0.106463
360 0.321017
370 0.732927
380 1.12528
390 1.49462
400 1.83801
410 2.15302
420 2.43768
430 2.69048
440 2.91034
450 3.09657
460 3.24885
470 3.36722
480 3.45199
490 3.5038
500 3.52351
510 3.51222
520 3.47124
530 3.40204
540 3.30623
550 3.18558
560 3.04192
570 2.87718
580 2.69337
590 2.49249
600 2.27662
610 2.04781
620 1.80812
630 1.55957
640 1.30416
650 1.04384
660 0.780509
670 0.515986
680 0.252028
690 -0.00968925
700 -0.26758
710 -0.520148
720 -0.765993
730 -1.00381
740 -1.2324
750 -1.45067
760 -1.65762
770 -1.85236
780 -2.0341
790 -2.20216
800 -2.35596
810 -2.495
820 -2.61892
830 -2.7274
840 -2.82026
850 -2.89738
860 -2.95873
870 -3.00437
880 -3.03443
890 -3.04911
900 -3.04868
910 -3.03347
920 -3.00389
930 -2.96039
940 -2.90346
950 -2.83366
960 -2.75157
970 -2.65783
980 -2.55309
990 -2.43804
1000 -2.3134
1010 -2.17991
1020 -2.03831
1030 -1.88937
1040 -1.73386
1050 -1.57255
1060 -1.40624
1070 -1.2357
1080 -1.06171
1090 -0.885023
1100 -0.706407
1110 -0.526602
1120 -0.346338
1130 -0.166327
1140 0.0127416
1150 0.190197
1160 0.365394
1170 0.537712
1180 0.706555
1190 0.871358
1200 1.03158
1210 1.18672
1220 1.3363
1230 1.47988
1240 1.61703
1250 1.74739
1260 1.8706
1270 1.98635
1280 2.09435
1290 2.19437
1300 2.28618
1310 2.36961
1320 2.44449
1330 2.51072
1340 2.5682
1350 2.61688
1360 2.65673
1370 2.68775
1380 2.70997
1390 2.72344
1400 2.72826
1410 2.72452
1420 2.71236
1430 2.69194
1440 2.66343
1450 2.62704
1460 2.58298
1470 2.53148
1480 2.4728
1490 2.40721
1500 2.335
1510 2.25647
1520 2.17192
1530 2.08167
1540 1.98607
1550 1.88544
1560 1.78015
1570 1.67053
1580 1.55696
1590 1.4398
1600 1.31941
1610 1.19617
1620 1.07044
1630 0.942597
1640 0.813005
1650 0.682033
1660 0.550045
1670 0.417401
1680 0.284455
1690 0.151558
1700 0.0190527
1710 -0.112724
1720 -0.243445
1730 -0.372789
1740 -0.500444
1750 -0.62611
1760 -0.749495
1770 -0.870319
1780 -0.988311
1790 -1.10321
1800 -1.21478
1810 -1.32277
1820 -1.42698
1830 -1.52718
1840 -1.62319
1850 -1.71482
1860 -1.80189
1870 -1.88427
1880 -1.96179
1890 -2.03434
1900 -2.1018
1910 -2.16406
1920 -2.22104
1930 -2.27267
1940 -2.31887
1950 -2.35961
1960 -2.39485
1970 -2.42456
1980 -2.44873
1990 -2.46737
2000 -2.4805
2010 -2.48813
2020 -2.4903
2030 -2.48708
2040 -2.4785
2050 -2.46465
2060 -2.44561
2070 -2.42147
2080 -2.39232
2090 -2.35828
2100 -2.31947
2110 -2.276
2120 -2.22802
2130 -2.17567
2140 -2.11909
2150 -2.05844
2160 -1.99389
2170 -1.92559
2180 -1.85372
2190 -1.77846
2200 -1.69999
2210 -1.6185
2220 -1.53416
2230 -1.44718
2240 -1.35775
2250 -1.26607
2260 -1.17233
2270 -1.07673
2280 -0.979476
2290 -0.880768
2300 -0.780806
2310 -0.679792
2320 -0.577926
2330 -0.475409
2340 -0.372437
2350 -0.269207
2360 -0.165915
2370 -0.0627512
2380 0.0400938
2390 0.142434
2400 0.244086
2410 0.34487
2420 0.44461
2430 0.543135
2440 0.640277
2450 0.735872
2460 0.829764
2470 0.921798
2480 1.01183
2490 1.09971
2500 1.1853
2510 1.26848
2520 1.34911
2530 1.42708
2540 1.50228
2550 1.57459
2560 1.64391
2570 1.71015
2580 1.77322
2590 1.83304
2600 1.88953
2610 1.94262
2620 1.99225
2630 2.03836
2640 2.0809
2650 2.11983
2660 2.15511
2670 2.18672
2680 2.21461
2690 2.23879
2700 2.25923
2710 2.27594
2720 2.2889
2730 2.29813
2740 2.30365
2750 2.30546
2760 2.30359
2770 2.29808
2780 2.28895
2790 2.27625
2800 2.26003
2810 2.24033
2820 2.2172
2830 2.19072
2840 2.16094
2850 2.12793
2860 2.09177
2870 2.05253
2880 2.0103
2890 1.96516
2900 1.91719
2910 1.8665
2920 1.81317
2930 1.75731
2940 1.699
2950 1.63837
2960 1.57551
2970 1.51053
2980 1.44354
2990 1.37465
3000 1.30398
3010 1.23165
3020 1.15776
3030 1.08243
3040 1.00579
3050 0.927956
3060 0.849041
3070 0.769168
3080 0.688458
3090 0.607031
3100 0.525006
3110 0.442504
3120 0.359643
3130 0.276543
3140 0.193321
3150 0.110094
3160 0.026978
3170 -0.055913
3180 -0.138466
3190 -0.220569
3200 -0.302112
3210 -0.382987
3220 -0.463088
3230 -0.542311
3240 -0.620553
3250 -0.697716
3260 -0.773701
3270 -0.848414
3280 -0.921763
3290 -0.993657
3300 -1.06401
3310 -1.13274
3320 -1.19976
3330 -1.265
3340 -1.32838
3350 -1.38982
3360 -1.44927
3370 -1.50665
3380 -1.5619
3390 -1.61497
3400 -1.66579
3410 -1.71432
3420 -1.7605
3430 -1.8043
3440 -1.84566
3450 -1.88455
3460 -1.92094
3470 -1.95479
3480 -1.98607
3490 -2.01477
3500 -2.04085
3510 -2.06431
3520 -2.08512
3530 -2.10328
3540 -2.11878
3550 -2.13161
3560 -2.14178
3570 -2.14928
3580 -2.15412
3590 -2.15632
3600 -2.15588
3610 -2.15281
3620 -2.14715
3630 -2.1389
3640 -2.12809
3650 -2.11475
3660 -2.09891
3670 -2.08059
3680 -2.05985
3690 -2.03671
3700 -2.01122
3710 -1.98341
3720 -1.95333
3730 -1.92104
3740 -1.88658
3750 -1.85
3760 -1.81135
3770 -1.7707
3780 -1.7281
3790 -1.6836
3800 -1.63728
3810 -1.5892
3820 -1.53941
3830 -1.48798
3840 -1.43499
3850 -1.3805
3860 -1.32458
3870 -1.2673
3880 -1.20874
3890 -1.14896
3900 -1.08804
3910 -1.02605
3920 -0.963074
3930 -0.899181
3940 -0.834448
3950 -0.768951
3960 -0.702766
3970 -0.635971
3980 -0.568643
3990 -0.500857
4000 -0.432691
4010 -0.364222
4020 -0.295525
4030 -0.226677
4040 -0.157752
4050 -0.0888276
4060 -0.0199767
4070 0.0487264
4080 0.117208
4090 0.185397
4100 0.25322
4110 0.320608
4120 0.38749
4130 0.453798
4140 0.519464
4150 0.584422
4160 0.648607
4170 0.711954
4180 0.774402
4190 0.835889
4200 0.896355
4210 0.955743
4220 1.01399
4230 1.07106
4240 1.12687
4250 1.18139
4260 1.23457
4270 1.28635
4280 1.33669
4290 1.38554
4300 1.43287
4310 1.47862
4320 1.52277
4330 1.56527
4340 1.60609
4350 1.64519
4360 1.68254
4370 1.71812
4380 1.7519
4390 1.78384
4400 1.81394
4410 1.84215
4420 1.86848
4430 1.89289
4440 1.91537
4450 1.93592
4460 1.95451
4470 1.97114
4480 1.9858
4490 1.99849
4500 2.00919
4510 2.01792
4520 2.02467
4530 2.02944
4540 2.03223
4550 2.03306
4560 2.03193
4570 2.02885
4580 2.02383
4590 2.01689
4600 2.00803
4610 1.99728
4620 1.98466
4630 1.97018
4640 1.95387
4650 1.93575
4660 1.91584
4670 1.89417
4680 1.87078
4690 1.84568
4700 1.81891
4710 1.7905
4720 1.76049
4730 1.7289
4740 1.69578
4750 1.66117
4760 1.62509
4770 1.58759
4780 1.54871
4790 1.5085
4800 1.46699
4810 1.42422
4820 1.38025
4830 1.33511
4840 1.28886
4850 1.24153
4860 1.19318
4870 1.14385
4880 1.0936
4890 1.04246
4900 0.990499
4910 0.937756
4920 0.884282
4930 0.83013
4940 0.77535
4950 0.719992
4960 0.664109
4970 0.607752
4980 0.550972
4990 0.493821
5000 0.436351
5010 0.378613
5020 0.32066
5030 0.262541
5040 0.20431
5050 0.146016
5060 0.0877108
5070 0.0294448
5080 -0.0287319
5090 -0.0867693
5100 -0.144618
5110 -0.202229
5120 -0.259555
5130 -0.316546
5140 -0.373156
5150 -0.429337
5160 -0.485045
5170 -0.540232
5180 -0.594855
5190 -0.64887
5200 -0.702232
5210 -0.7549
5220 -0.806833
5230 -0.857988
5240 -0.908327
5250 -0.95781
5260 -1.0064
5270 -1.05406
5280 -1.10075
5290 -1.14644
5300 -1.19109
5310 -1.23468
5320 -1.27716
5330 -1.31852
5340 -1.35871
5350 -1.39771
5360 -1.43549
5370 -1.47203
5380 -1.5073
5390 -1.54127
5400 -1.57393
5410 -1.60525
5420 -1.63522
5430 -1.6638
5440 -1.69099
5450 -1.71677
5460 -1.74112
5470 -1.76403
5480 -1.78549
5490 -1.80547
5500 -1.82398
5510 -1.841
5520 -1.85653
5530 -1.87056
5540 -1.88307
5550 -1.89408
5560 -1.90357
5570 -1.91154
5580 -1.91799
5590 -1.92293
5600 -1.92635
5610 -1.92825
5620 -1.92865
5630 -1.92754
5640 -1.92493
5650 -1.92083
5660 -1.91525
5670 -1.9082
5680 -1.89968
5690 -1.88971
5700 -1.87831
5710 -1.86548
5720 -1.85124
5730 -1.8356
5740 -1.81859
5750 -1.80023
5760 -1.78052
5770 -1.75949
5780 -1.73716
5790 -1.71355
5800 -1.68869
5810 -1.66259
5820 -1.63528
5830 -1.60679
5840 -1.57714
5850 -1.54636
5860 -1.51447
5870 -1.4815
5880 -1.44748
5890 -1.41244
5900 -1.37641
5910 -1.33942
5920 -1.3015
5930 -1.26268
5940 -1.22299
5950 -1.18246
5960 -1.14113
5970 -1.09903
5980 -1.0562
5990 -1.01266
6000 -0.968456
6010 -0.923617
6020 -0.878179
6030 -0.832176
6040 -0.785645
6050 -0.738621
6060 -0.69114
6070 -0.643237
6080 -0.594948
6090 -0.54631
6100 -0.497358
6110 -0.448129
6120 -0.39866
6130 -0.348985
6140 -0.299142
6150 -0.249167
6160 -0.199095
6170 -0.148963
6180 -0.0988059
6190 -0.0486601
6200 0.00143932
6210 0.0514569
6220 0.101358
6230 0.151107
6240 0.20067
6250 0.250013
6260 0.299102
6270 0.347902
6280 0.396382
6290 0.444508
6300 0.492248
6310 0.53957
6320 0.586442
6330 0.632833
6340 0.678713
6350 0.724051
6360 0.768818
6370 0.812985
6380 0.856523
6390 0.899405
6400 0.941603
6410 0.98309
6420 1.02384
6430 1.06383
6440 1.10303
6450 1.14142
6460 1.17897
6470 1.21567
6480 1.25148
6490 1.28639
6500 1.32039
6510 1.35343
6520 1.38552
6530 1.41663
6540 1.44673
6550 1.47583
6560 1.50389
6570 1.5309
6580 1.55685
6590 1.58172
6600 1.6055
6610 1.62819
6620 1.64975
6630 1.6702
6640 1.6895
6650 1.70767
6660 1.72468
6670 1.74053
6680 1.75521
6690 1.76872
6700 1.78105
6710 1.79219
6720 1.80215
6730 1.81092
6740 1.8185
6750 1.82488
6760 1.83006
6770 1.83406
6780 1.83686
6790 1.83847
6800 1.83889
6810 1.83812
6820 1.83617
6830 1.83304
6840 1.82874
6850 1.82328
6860 1.81666
6870 1.80889
6880 1.79997
6890 1.78992
6900 1.77874
6910 1.76646
6920 1.75307
6930 1.73858
6940 1.72302
6950 1.7064
6960 1.68872
6970 1.67
6980 1.65026
6990 1.62951
7000 1.60777
7010 1.58505
7020 1.56138
7030 1.53676
7040 1.51122
7050 1.48478
7060 1.45745
7070 1.42925
7080 1.40021
7090 1.37034
7100 1.33967
7110 1.30821
7120 1.27599
7130 1.24303
7140 1.20935
7150 1.17498
7160 1.13993
7170 1.10424
7180 1.06792
7190 1.031
7200 0.993496
7210 0.955445
7220 0.916865
7230 0.877782
7240 0.838221
7250 0.798207
7260 0.757765
7270 0.716922
7280 0.675703
7290 0.634133
7300 0.592239
7310 0.550046
7320 0.507582
7330 0.464871
7340 0.421941
7350 0.378817
7360 0.335526
7370 0.292094
7380 0.248547
7390 0.204911
7400 0.161213
7410 0.117478
7420 0.0737331
7430 0.0300033
7440 -0.0136855
7450 -0.0573075
7460 -0.100837
7470 -0.144249
7480 -0.187519
7490 -0.230621
7500 -0.27353
7510 -0.316222
7520 -0.358673
7530 -0.400858
7540 -0.442754
7550 -0.484338
7560 -0.525584
7570 -0.566472
7580 -0.606977
7590 -0.647079
7600 -0.686753
7610 -0.72598
7620 -0.764736
7630 -0.803002
7640 -0.840756
7650 -0.877979
7660 -0.91465
7670 -0.95075
7680 -0.986259
7690 -1.02116
7700 -1.05543
7710 -1.08906
7720 -1.12202
7730 -1.15431
7740 -1.1859
7750 -1.21677
7760 -1.24692
7770 -1.27632
7780 -1.30497
7790 -1.33285
7800 -1.35993
7810 -1.38622
7820 -1.4117
7830 -1.43636
7840 -1.46018
7850 -1.48315
7860 -1.50526
7870 -1.52651
7880 -1.54688
7890 -1.56636
7900 -1.58495
7910 -1.60263
7920 -1.61941
7930 -1.63526
7940 -1.6502
7950 -1.6642
7960 -1.67727
7970 -1.6894
7980 -1.70058
7990 -1.71082
8000 -1.7201
8010 -1.72843
8020 -1.7358
8030 -1.74222
8040 -1.74767
8050 -1.75217
8060 -1.75571
8070 -1.75828
8080 -1.7599
8090 -1.76056
8100 -1.76027
8110 -1.75903
8120 -1.75683
8130 -1.75369
8140 -1.74961
8150 -1.74459
8160 -1.73864
8170 -1.73176
8180 -1.72396
8190 -1.71525
8200 -1.70563
8210 -1.69511
8220 -1.6837
8230 -1.6714
8240 -1.65823
8250 -1.64419
8260 -1.62929
8270 -1.61355
8280 -1.59697
8290 -1.57957
8300 -1.56135
8310 -1.54233
8320 -1.52252
8330 -1.50193
8340 -1.48057
8350 -1.45846
8360 -1.43562
8370 -1.41204
8380 -1.38776
8390 -1.36278
8400 -1.33711
8410 -1.31078
8420 -1.2838
8430 -1.25618
8440 -1.22794
8450 -1.19909
8460 -1.16966
8470 -1.13966
8480 -1.1091
8490 -1.078
8500 -1.04639
8510 -1.01427
8520 -0.981665
8530 -0.948595
8540 -0.915076
8550 -0.881127
8560 -0.846766
8570 -0.812011
8580 -0.776881
8590 -0.741395
8600 -0.705573
8610 -0.669432
8620 -0.632992
8630 -0.596273
8640 -0.559293
8650 -0.522072
8660 -0.48463
8670 -0.446985
8680 -0.409158
8690 -0.371168
8700 -0.333034
8710 -0.294776
8720 -0.256414
8730 -0.217967
8740 -0.179454
8750 -0.140895
8760 -0.10231
8770 -0.0637177
8780 -0.0251375
8790 0.0134114
8800 0.0519098
8810 0.0903385
8820 0.128679
8830 0.166912
8840 0.205018
8850 0.24298
8860 0.280779
8870 0.318396
8880 0.355813
8890 0.393013
8900 0.429977
8910 0.466688
8920 0.503127
8930 0.539279
8940 0.575126
8950 0.61065
8960 0.645836
8970 0.680666
8980 0.715125
8990 0.749196
9000 0.782865
9010 0.816114
9020 0.848929
9030 0.881296
9040 0.913199
9050 0.944623
9060 0.975556
9070 1.00598
9080 1.03589
9090 1.06526
9100 1.09409
9110 1.12236
9120 1.15005
9130 1.17717
9140 1.20369
9150 1.2296
9160 1.2549
9170 1.27956
9180 1.30359
9190 1.32697
9200 1.34969
9210 1.37175
9220 1.39312
9230 1.41381
9240 1.43381
9250 1.45311
9260 1.47169
9270 1.48956
9280 1.50671
9290 1.52312
9300 1.5388
9310 1.55374
9320 1.56792
9330 1.58136
9340 1.59404
9350 1.60595
9360 1.6171
9370 1.62749
9380 1.63709
9390 1.64593
9400 1.65398
9410 1.66126
9420 1.66775
9430 1.67346
9440 1.67839
9450 1.68253
9460 1.68589
9470 1.68846
9480 1.69025
9490 1.69125
9500 1.69147
9510 1.69091
9520 1.68957
9530 1.68746
9540 1.68457
9550 1.68091
9560 1.67648
9570 1.67129
9580 1.66534
9590 1.65863
9600 1.65117
9610 1.64297
9620 1.63402
9630 1.62434
9640 1.61392
9650 1.60279
9660 1.59094
9670 1.57838
9680 1.56511
9690 1.55115
9700 1.53651
9710 1.52118
9720 1.50518
9730 1.48853
9740 1.47121
9750 1.45325
9760 1.43466
9770 1.41544
9780 1.39561
9790 1.37517
9800 1.35414
9810 1.33252
9820 1.31033
9830 1.28757
9840 1.26427
9850 1.24042
9860 1.21605
9870 1.19116
9880 1.16577
9890 1.13988
9900 1.11352
9910 1.08669
9920 1.05941
9930 1.03168
9940 1.00353
9950 0.974965
9960 0.945997
9970 0.916643
9980 0.886914
9990 0.856826
10000 0.826392
10010 0.795626
10020 0.764542
10030 0.733155
10040 0.701479
10050 0.669527
10060 0.637316
10070 0.604858
10080 0.57217
10090 0.539265
10100 0.506158
10110 0.472865
10120 0.439399
10130 0.405776
10140 0.372011
10150 0.338118
10160 0.304112
10170 0.270008
10180 0.235822
10190 0.201567
10200 0.16726
10210 0.132914
10220 0.0985449
10230 0.064167
10240 0.0297952
10250 -0.00455587
10260 -0.0388715
10270 -0.073137
10280 -0.107338
10290 -0.14146
10300 -0.175488
10310 -0.209409
10320 -0.243208
10330 -0.276871
10340 -0.310384
10350 -0.343732
10360 -0.376903
10370 -0.409883
10380 -0.442657
10390 -0.475213
10400 -0.507537
10410 -0.539616
10420 -0.571436
10430 -0.602986
10440 -0.634252
10450 -0.665222
10460 -0.695883
10470 -0.726224
10480 -0.756231
10490 -0.785893
10500 -0.815198
10510 -0.844135
10520 -0.872693
10530 -0.900859
10540 -0.928624
10550 -0.955976
10560 -0.982905
10570 -1.0094
10580 -1.03545
10590 -1.06105
10600 -1.08618
10610 -1.11085
10620 -1.13502
10630 -1.15871
10640 -1.1819
10650 -1.20458
10660 -1.22674
10670 -1.24838
10680 -1.26948
10690 -1.29004
10700 -1.31006
10710 -1.32951
10720 -1.34841
10730 -1.36674
10740 -1.38449
10750 -1.40166
10760 -1.41824
10770 -1.43423
10780 -1.44962
10790 -1.4644
10800 -1.47858
10810 -1.49214
10820 -1.50509
10830 -1.51741
10840 -1.52911
10850 -1.54018
10860 -1.55062
10870 -1.56042
10880 -1.56958
10890 -1.57811
10900 -1.58598
10910 -1.59322
10920 -1.5998
10930 -1.60574
10940 -1.61103
10950 -1.61567
10960 -1.61965
10970 -1.62299
10980 -1.62567
10990 -1.62771
11000 -1.62909
11010 -1.62982
11020 -1.6299
11030 -1.62933
11040 -1.62811
11050 -1.62625
11060 -1.62375
11070 -1.6206
11080 -1.61682
11090 -1.6124
11100 -1.60734
11110 -1.60166
11120 -1.59535
11130 -1.58841
11140 -1.58085
11150 -1.57268
11160 -1.5639
11170 -1.55452
11180 -1.54453
11190 -1.53394
11200 -1.52276
11210 -1.511
11220 -1.49865
11230 -1.48573
11240 -1.47224
11250 -1.45819
11260 -1.44359
11270 -1.42843
11280 -1.41274
11290 -1.3965
11300 -1.37974
11310 -1.36246
11320 -1.34467
11330 -1.32637
11340 -1.30757
11350 -1.28828
11360 -1.26852
11370 -1.24828
11380 -1.22758
11390 -1.20642
11400 -1.18482
11410 -1.16278
11420 -1.14031
11430 -1.11743
11440 -1.09413
11450 -1.07044
11460 -1.04636
11470 -1.0219
11480 -0.997068
11490 -0.971879
11500 -0.94634
11510 -0.920463
11520 -0.894257
11530 -0.867734
11540 -0.840904
11550 -0.813778
11560 -0.786366
11570 -0.75868
11580 -0.73073
11590 -0.702528
11600 -0.674084
11610 -0.64541
11620 -0.616516
11630 -0.587415
11640 -0.558118
11650 -0.528635
11660 -0.498979
11670 -0.469161
11680 -0.439192
11690 -0.409083
11700 -0.378847
11710 -0.348495
11720 -0.318038
11730 -0.287489
11740 -0.256857
11750 -0.226156
11760 -0.195397
11770 -0.164591
11780 -0.13375
11790 -0.102885
11800 -0.0720082
11810 -0.0411307
11820 -0.0102641
11830 0.0205802
11840 0.0513909
11850 0.0821564
11860 0.112866
11870 0.143507
11880 0.17407
11890 0.204543
11900 0.234915
11910 0.265175
11920 0.295311
11930 0.325314
11940 0.355172
11950 0.384875
11960 0.414412
11970 0.443772
11980 0.472945
11990 0.50192
12000 0.530688
12010 0.559238
12020 0.58756
12030 0.615644
12040 0.64348
12050 0.671059
12060 0.698371
12070 0.725407
12080 0.752156
12090 0.77861
12100 0.80476
12110 0.830597
12120 0.856112
12130 0.881296
12140 0.906141
12150 0.930638
12160 0.954779
12170 0.978555
12180 1.00196
12190 1.02498
12200 1.04762
12210 1.06986
12220 1.0917
12230 1.11313
12240 1.13415
12250 1.15474
12260 1.1749
12270 1.19462
12280 1.2139
12290 1.23273
12300 1.25111
12310 1.26902
12320 1.28647
12330 1.30345
12340 1.31995
12350 1.33597
12360 1.3515
12370 1.36653
12380 1.38108
12390 1.39512
12400 1.40865
12410 1.42168
12420 1.43419
12430 1.44619
12440 1.45767
12450 1.46862
12460 1.47905
12470 1.48895
12480 1.49831
12490 1.50715
12500 1.51545
12510 1.52321
12520 1.53043
12530 1.5371
12540 1.54324
12550 1.54883
12560 1.55387
12570 1.55837
12580 1.56232
12590 1.56572
12600 1.56858
12610 1.57089
12620 1.57265
12630 1.57386
12640 1.57452
12650 1.57464
12660 1.57421
12670 1.57323
12680 1.57172
12690 1.56966
12700 1.56706
12710 1.56392
12720 1.56024
12730 1.55603
12740 1.55129
12750 1.54601
12760 1.54021
12770 1.53388
12780 1.52703
12790 1.51967
12800 1.51179
12810 1.50339
12820 1.49449
12830 1.48508
12840 1.47518
12850 1.46478
12860 1.45388
12870 1.4425
12880 1.43064
12890 1.41829
12900 1.40548
12910 1.3922
12920 1.37845
12930 1.36425
12940 1.3496
12950 1.3345
12960 1.31896
12970 1.30298
12980 1.28658
12990 1.26975
13000 1.25251
13010 1.23486
13020 1.21681
13030 1.19836
13040 1.17953
13050 1.16031
13060 1.14071
13070 1.12075
13080 1.10043
13090 1.07975
13100 1.05873
13110 1.03737
13120 1.01568
13130 0.993663
13140 0.971334
13150 0.948697
13160 0.925762
13170 0.902535
13180 0.879025
13190 0.855241
13200 0.831191
13210 0.806882
13220 0.782325
13230 0.757526
13240 0.732495
13250 0.70724
13260 0.68177
13270 0.656094
13280 0.630221
13290 0.604159
13300 0.577917
13310 0.551505
13320 0.52493
13330 0.498203
13340 0.471332
13350 0.444326
13360 0.417194
13370 0.389946
13380 0.36259
13390 0.335136
13400 0.307593
13410 0.279969
13420 0.252275
13430 0.224518
13440 0.196709
13450 0.168857
13460 0.14097
13470 0.113058
13480 0.0851302
13490 0.0571951
13500 0.0292622
13510 0.00134039
13520 -0.0265611
13530 -0.0544334
13540 -0.0822675
13550 -0.110054
13560 -0.137785
13570 -0.165451
13580 -0.193043
13590 -0.220552
13600 -0.24797
13610 -0.275288
13620 -0.302497
13630 -0.329588
13640 -0.356554
13650 -0.383386
13660 -0.410074
13670 -0.436612
13680 -0.462989
13690 -0.4892
13700 -0.515234
13710 -0.541085
13720 -0.566743
13730 -0.592202
13740 -0.617453
13750 -0.642489
13760 -0.667302
13770 -0.691884
13780 -0.716227
13790 -0.740326
13800 -0.764171
13810 -0.787756
13820 -0.811074
13830 -0.834118
13840 -0.856881
13850 -0.879356
13860 -0.901536
13870 -0.923415
13880 -0.944986
13890 -0.966243
13900 -0.98718
13910 -1.00779
13920 -1.02807
13930 -1.04801
13940 -1.0676
13950 -1.08685
13960 -1.10574
13970 -1.12427
13980 -1.14243
13990 -1.16022
14000 -1.17764
14010 -1.19467
14020 -1.21132
14030 -1.22758
14040 -1.24344
14050 -1.2589
14060 -1.27396
14070 -1.28861
14080 -1.30285
14090 -1.31667
14100 -1.33007
14110 -1.34305
14120 -1.35561
14130 -1.36773
14140 -1.37942
14150 -1.39068
14160 -1.40149
14170 -1.41186
14180 -1.42179
14190 -1.43128
14200 -1.44031
14210 -1.44889
14220 -1.45702
14230 -1.4647
14240 -1.47192
14250 -1.47868
14260 -1.48498
14270 -1.49081
14280 -1.49619
14290 -1.5011
14300 -1.50555
14310 -1.50954
14320 -1.51306
14330 -1.51611
14340 -1.5187
14350 -1.52082
14360 -1.52247
14370 -1.52366
14380 -1.52439
14390 -1.52464
14400 -1.52444
14410 -1.52377
14420 -1.52263
14430 -1.52104
14440 -1.51898
14450 -1.51646
14460 -1.51349
14470 -1.51005
14480 -1.50616
14490 -1.50182
14500 -1.49703
14510 -1.49179
14520 -1.4861
14530 -1.47996
14540 -1.47339
14550 -1.46637
14560 -1.45892
14570 -1.45103
14580 -1.44271
14590 -1.43396
14600 -1.42479
14610 -1.4152
14620 -1.40518
14630 -1.39476
14640 -1.38392
14650 -1.37267
14660 -1.36103
14670 -1.34898
14680 -1.33654
14690 -1.3237
14700 -1.31048
14710 -1.29688
14720 -1.2829
14730 -1.26855
14740 -1.25383
14750 -1.23875
14760 -1.22331
14770 -1.20752
14780 -1.19138
14790 -1.17489
14800 -1.15807
14810 -1.14092
14820 -1.12344
14830 -1.10564
14840 -1.08753
14850 -1.0691
14860 -1.05038
14870 -1.03135
14880 -1.01204
14890 -0.992435
14900 -0.972555
14910 -0.952402
14920 -0.931982
14930 -0.911303
14940 -0.890369
14950 -0.869189
14960 -0.847767
14970 -0.826111
14980 -0.804228
14990 -0.782124
15000 -0.759806
15010 -0.737281
15020 -0.714555
15030 -0.691636
15040 -0.66853
15050 -0.645245
15060 -0.621787
15070 -0.598163
15080 -0.574382
15090 -0.550449
15100 -0.526372
15110 -0.502158
15120 -0.477814
15130 -0.453348
15140 -0.428766
15150 -0.404077
15160 -0.379287
15170 -0.354404
15180 -0.329434
15190 -0.304386
15200 -0.279267
15210 -0.254083
15220 -0.228843
15230 -0.203553
15240 -0.178221
15250 -0.152855
15260 -0.127461
15270 -0.102048
15280 -0.0766215
15290 -0.0511899
15300 -0.0257602
15310 -0.000339703
15320 0.0250643
15330 0.0504445
15340 0.0757937
15350 0.101105
15360 0.12637
15370 0.151584
15380 0.176737
15390 0.201824
15400 0.226837
15410 0.251769
15420 0.276613
15430 0.301363
15440 0.326011
15450 0.35055
15460 0.374974
15470 0.399276
15480 0.423449
15490 0.447486
15500 0.471381
15510 0.495128
15520 0.518719
15530 0.542148
15540 0.56541
15550 0.588496
15560 0.611402
15570 0.634121
15580 0.656647
15590 0.678973
15600 0.701094
15610 0.723004
15620 0.744697
15630 0.766167
15640 0.787408
15650 0.808414
15660 0.829181
15670 0.849703
15680 0.869973
15690 0.889988
15700 0.90974
15710 0.929226
15720 0.948441
15730 0.967378
15740 0.986034
15750 1.0044
15760 1.02248
15770 1.04026
15780 1.05775
15790 1.07492
15800 1.09179
15810 1.10834
15820 1.12458
15830 1.14049
15840 1.15608
15850 1.17134
15860 1.18626
15870 1.20085
15880 1.21509
15890 1.22899
15900 1.24255
15910 1.25575
15920 1.2686
15930 1.28109
15940 1.29322
15950 1.30498
15960 1.31638
15970 1.32741
15980 1.33807
15990 1.34836
16000 1.35827
16010 1.3678
16020 1.37695
16030 1.38572
16040 1.3941
16050 1.4021
16060 1.40971
16070 1.41693
16080 1.42376
16090 1.43019
16100 1.43624
16110 1.44188
16120 1.44713
16130 1.45199
16140 1.45644
16150 1.4605
16160 1.46416
16170 1.46742
16180 1.47028
16190 1.47274
16200 1.4748
16210 1.47646
16220 1.47771
16230 1.47857
16240 1.47903
16250 1.47909
16260 1.47875
16270 1.47801
16280 1.47687
16290 1.47533
16300 1.4734
16310 1.47108
16320 1.46836
16330 1.46524
16340 1.46174
16350 1.45784
16360 1.45356
16370 1.44889
16380 1.44383
16390 1.43839
16400 1.43257
16410 1.42637
16420 1.41979
16430 1.41284
16440 1.40552
16450 1.39782
16460 1.38976
16470 1.38133
16480 1.37253
16490 1.36338
16500 1.35387
16510 1.34401
16520 1.3338
16530 1.32323
16540 1.31233
16550 1.30108
16560 1.28949
16570 1.27757
16580 1.26532
16590 1.25274
16600 1.23984
16610 1.22662
16620 1.21308
16630 1.19923
16640 1.18507
16650 1.17061
16660 1.15585
16670 1.1408
16680 1.12545
16690 1.10981
16700 1.0939
16710 1.0777
16720 1.06124
16730 1.0445
16740 1.0275
16750 1.01024
16760 0.99273
16770 0.974968
16780 0.956962
16790 0.938716
16800 0.920236
16810 0.901527
16820 0.882594
16830 0.863441
16840 0.844076
16850 0.824502
16860 0.804725
16870 0.78475
16880 0.764584
16890 0.74423
16900 0.723696
16910 0.702986
16920 0.682105
16930 0.661061
16940 0.639857
16950 0.6185
16960 0.596996
16970 0.575351
16980 0.553569
16990 0.531657
17000 0.509621
17010 0.487467
17020 0.465199
17030 0.442825
17040 0.42035
17050 0.39778
17060 0.375121
17070 0.352379
17080 0.32956
17090 0.306669
17100 0.283713
17110 0.260698
17120 0.23763
17130 0.214514
17140 0.191356
17150 0.168163
17160 0.144941
17170 0.121695
17180 0.0984316
17190 0.0751566
17200 0.051876
17210 0.0285957
17220 0.00532157
17230 -0.0179404
17240 -0.0411842
17250 -0.0644042
17260 -0.0875943
17270 -0.110749
17280 -0.133862
17290 -0.156927
17300 -0.17994
17310 -0.202893
17320 -0.225782
17330 -0.2486
17340 -0.271343
17350 -0.294003
17360 -0.316577
17370 -0.339057
17380 -0.361439
17390 -0.383716
17400 -0.405885
17410 -0.427938
17420 -0.44987
17430 -0.471677
17440 -0.493353
17450 -0.514892
17460 -0.536289
17470 -0.55754
17480 -0.578638
17490 -0.59958
17500 -0.620358
17510 -0.64097
17520 -0.661409
17530 -0.681671
17540 -0.701751
17550 -0.721644
17560 -0.741346
17570 -0.760851
17580 -0.780155
17590 -0.799253
17600 -0.818142
17610 -0.836815
17620 -0.85527
17630 -0.873502
17640 -0.891505
17650 -0.909277
17660 -0.926813
17670 -0.944109
17680 -0.961161
17690 -0.977965
17700 -0.994517
17710 -1.01081
17720 -1.02685
17730 -1.04262
17740 -1.05813
17750 -1.07337
17760 -1.08833
17770 -1.10301
17780 -1.11742
17790 -1.13154
17800 -1.14538
17810 -1.15892
17820 -1.17217
17830 -1.18513
17840 -1.19778
17850 -1.21014
17860 -1.22219
17870 -1.23394
17880 -1.24537
17890 -1.25649
17900 -1.2673
17910 -1.2778
17920 -1.28797
17930 -1.29782
17940 -1.30735
17950 -1.31656
17960 -1.32544
17970 -1.33398
17980 -1.3422
17990 -1.35009
18000 -1.35765
18010 -1.36486
18020 -1.37175
18030 -1.37829
18040 -1.3845
18050 -1.39037
18060 -1.39589
18070 -1.40107
18080 -1.40591
18090 -1.41041
18100 -1.41456
18110 -1.41837
18120 -1.42183
18130 -1.42495
18140 -1.42772
18150 -1.43014
18160 -1.43221
18170 -1.43394
18180 -1.43533
18190 -1.43636
18200 -1.43705
18210 -1.43739
18220 -1.43738
18230 -1.43703
18240 -1.43634
18250 -1.4353
18260 -1.43391
18270 -1.43218
18280 -1.43011
18290 -1.42769
18300 -1.42494
18310 -1.42184
18320 -1.41841
18330 -1.41464
18340 -1.41053
18350 -1.40609
18360 -1.40131
18370 -1.3962
18380 -1.39076
18390 -1.38499
18400 -1.3789
18410 -1.37248
18420 -1.36573
18430 -1.35867
18440 -1.35128
18450 -1.34358
18460 -1.33556
18470 -1.32723
18480 -1.31859
18490 -1.30964
18500 -1.30039
18510 -1.29083
18520 -1.28097
18530 -1.27081
18540 -1.26036
18550 -1.24962
18560 -1.23858
18570 -1.22726
18580 -1.21566
18590 -1.20377
18600 -1.19161
18610 -1.17917
18620 -1.16646
18630 -1.15349
18640 -1.14025
18650 -1.12674
18660 -1.11298
18670 -1.09897
18680 -1.0847
18690 -1.07019
18700 -1.05544
18710 -1.04044
18720 -1.02521
18730 -1.00975
18740 -0.994059
18750 -0.978144
18760 -0.962009
18770 -0.945657
18780 -0.929093
18790 -0.912322
18800 -0.895346
18810 -0.87817
18820 -0.860799
18830 -0.843236
18840 -0.825486
18850 -0.807554
18860 -0.789443
18870 -0.771158
18880 -0.752704
18890 -0.734084
18900 -0.715304
18910 -0.696369
18920 -0.677281
18930 -0.658047
18940 -0.63867
18950 -0.619156
18960 -0.599509
18970 -0.579733
18980 -0.559834
18990 -0.539816
19000 -0.519684
19010 -0.499442
19020 -0.479096
19030 -0.45865
19040 -0.438109
19050 -0.417478
19060 -0.396762
19070 -0.375966
19080 -0.355093
19090 -0.334151
19100 -0.313142
19110 -0.292072
19120 -0.270947
19130 -0.24977
19140 -0.228547
19150 -0.207283
19160 -0.185983
19170 -0.164651
19180 -0.143292
19190 -0.121912
19200 -0.100515
19210 -0.0791066
19220 -0.0576911
19230 -0.0362735
19240 -0.0148588
19250 0.00654823
19260 0.0279426
19270 0.0493195
19280 0.0706741
19290 0.0920016
19300 0.113297
19310 0.134556
19320 0.155773
19330 0.176944
19340 0.198063
19350 0.219127
19360 0.240131
19370 0.261069
19380 0.281937
19390 0.302731
19400 0.323445
19410 0.344076
19420 0.364618
19430 0.385067
19440 0.405419
19450 0.425669
19460 0.445813
19470 0.465846
19480 0.485763
19490 0.505561
19500 0.525235
19510 0.544781
19520 0.564195
19530 0.583471
19540 0.602607
19550 0.621598
19560 0.64044
19570 0.659128
19580 0.67766
19590 0.696029
19600 0.714234
19610 0.73227
19620 0.750133
19630 0.767819
19640 0.785324
19650 0.802645
19660 0.819779
19670 0.83672
19680 0.853467
19690 0.870015
19700 0.88636
19710 0.9025
19720 0.918431
19730 0.93415
19740 0.949653
19750 0.964937
19760 0.98
19770 0.994837
19780 1.00945
19790 1.02382
19800 1.03797
19810 1.05187
19820 1.06554
19830 1.07897
19840 1.09214
19850 1.10507
19860 1.11775
19870 1.13018
19880 1.14235
19890 1.15427
19900 1.16592
19910 1.17731
19920 1.18843
19930 1.19929
19940 1.20988
19950 1.2202
19960 1.23024
19970 1.24001
19980 1.2495
19990 1.25871
20000 1.26764
20010 1.27629
