10 -41.9768
20 -31.0129
30 -18.9931
40 -8.0271
50 1.28445
60 8.80055
70 14.5664
80 18.7116
90 21.4034
100 22.8237
110 23.1552
120 22.5746
130 21.2483
140 19.3299
150 16.9589
160 14.2611
170 11.3475
180 8.31609
190 5.25132
200 2.22558
210 -0.700176
220 -3.47557
230 -6.05985
240 -8.42105
250 -10.5351
260 -12.385
270 -13.9601
280 -15.2553
290 -16.2702
300 -17.0088
310 -17.4785
320 -17.69
330 -17.6562
340 -17.3922
350 -16.9147
360 -16.2416
370 -15.3918
380 -14.3847
390 -13.2398
400 -11.9768
410 -10.6153
420 -9.17447
430 -7.67281
440 -6.1283
450 -4.55808
460 -2.97843
470 -1.40466
480 0.148952
490 1.66918
500 3.14391
510 4.56213
520 5.91395
530 7.19061
540 8.38445
550 9.48891
560 10.4985
570 11.4086
580 12.216
590 12.9179
600 13.5128
610 13.9999
620 14.3792
630 14.6515
640 14.8183
650 14.8818
660 14.8446
670 14.7101
680 14.4819
690 14.1644
700 13.762
710 13.2797
720 12.7227
730 12.0964
740 11.4065
750 10.6586
760 9.85869
770 9.01272
780 8.12665
790 7.20647
800 6.25809
810 5.2874
820 4.30015
830 3.30201
840 2.29848
850 1.29489
860 0.296402
870 -0.692051
880 -1.66574
890 -2.62017
900 -3.55109
910 -4.45451
920 -5.32671
930 -6.16422
940 -6.96385
950 -7.72269
960 -8.43812
970 -9.10778
980 -9.72959
990 -10.3018
1000 -10.8228
1010 -11.2913
1020 -11.7065
1030 -12.0675
1040 -12.3739
1050 -12.6254
1060 -12.8221
1070 -12.9641
1080 -13.0518
1090 -13.086
1100 -13.0675
1110 -12.9972
1120 -12.8764
1130 -12.7066
1140 -12.4891
1150 -12.2256
1160 -11.918
1170 -11.5682
1180 -11.1781
1190 -10.75
1200 -10.286
1210 -9.78842
1220 -9.25958
1230 -8.7019
1240 -8.11783
1250 -7.50985
1260 -6.88046
1270 -6.23219
1280 -5.56757
1290 -4.88911
1300 -4.19933
1310 -3.50072
1320 -2.79574
1330 -2.08684
1340 -1.37638
1350 -0.666717
1360 0.0398668
1370 0.741146
1380 1.43496
1390 2.11922
1400 2.79191
1410 3.4511
1420 4.09493
1430 4.72164
1440 5.32954
1450 5.91706
1460 6.48271
1470 7.02508
1480 7.54288
1490 8.03492
1500 8.50009
1510 8.93739
1520 9.34594
1530 9.72491
1540 10.0736
1550 10.3915
1560 10.678
1570 10.9327
1580 11.1554
1590 11.3458
1600 11.5038
1610 11.6294
1620 11.7226
1630 11.7836
1640 11.8126
1650 11.81
1660 11.776
1670 11.7113
1680 11.6162
1690 11.4915
1700 11.3377
1710 11.1557
1720 10.9463
1730 10.7102
1740 10.4484
1750 10.1618
1760 9.85147
1770 9.5184
1780 9.16369
1790 8.78845
1800 8.39383
1810 7.98099
1820 7.55113
1830 7.10548
1840 6.64528
1850 6.17177
1860 5.68622
1870 5.1899
1880 4.68408
1890 4.17005
1900 3.64907
1910 3.12243
1920 2.59139
1930 2.0572
1940 1.52111
1950 0.984342
1960 0.448112
1970 -0.0863885
1980 -0.617991
1990 -1.14555
2000 -1.66795
2010 -2.18409
2020 -2.69291
2030 -3.19339
2040 -3.68453
2050 -4.16536
2060 -4.63496
2070 -5.09244
2080 -5.53695
2090 -5.96768
2100 -6.38386
2110 -6.78476
2120 -7.16969
2130 -7.53801
2140 -7.88912
2150 -8.22246
2160 -8.53751
2170 -8.83381
2180 -9.11094
2190 -9.3685
2200 -9.60617
2210 -9.82365
2220 -10.0207
2230 -10.1971
2240 -10.3527
2250 -10.4874
2260 -10.6011
2270 -10.6937
2280 -10.7653
2290 -10.816
2300 -10.8457
2310 -10.8547
2320 -10.8431
2330 -10.8111
2340 -10.7589
2350 -10.6868
2360 -10.595
2370 -10.4841
2380 -10.3542
2390 -10.2058
2400 -10.0394
2410 -9.85535
2420 -9.65416
2430 -9.43633
2440 -9.2024
2450 -8.95291
2460 -8.68845
2470 -8.40959
2480 -8.11696
2490 -7.81118
2500 -7.49289
2510 -7.16275
2520 -6.82143
2530 -6.46961
2540 -6.10799
2550 -5.73726
2560 -5.35813
2570 -4.97131
2580 -4.57753
2590 -4.1775
2600 -3.77196
2610 -3.36161
2620 -2.9472
2630 -2.52945
2640 -2.10906
2650 -1.68677
2660 -1.26329
2670 -0.839309
2680 -0.41554
2690 0.00732869
2700 0.428617
2710 0.847652
2720 1.26378
2730 1.67634
2740 2.0847
2750 2.48825
2760 2.88636
2770 3.27846
2780 3.66397
2790 4.04232
2800 4.41297
2810 4.7754
2820 5.1291
2830 5.47358
2840 5.80839
2850 6.13305
2860 6.44716
2870 6.7503
2880 7.04209
2890 7.32216
2900 7.59016
2910 7.84578
2920 8.08872
2930 8.3187
2940 8.53547
2950 8.73878
2960 8.92843
2970 9.10424
2980 9.26603
2990 9.41366
3000 9.54701
3010 9.66598
3020 9.77049
3030 9.86049
3040 9.93594
3050 9.99684
3060 10.0432
3070 10.075
3080 10.0923
3090 10.0953
3100 10.0839
3110 10.0583
3120 10.0186
3130 9.96499
3140 9.8976
3150 9.81663
3160 9.72226
3170 9.61472
3180 9.49423
3190 9.36105
3200 9.21543
3210 9.05765
3220 8.888
3230 8.70679
3240 8.51434
3250 8.31097
3260 8.09702
3270 7.87285
3280 7.63882
3290 7.39531
3300 7.14268
3310 6.88135
3320 6.61169
3330 6.33412
3340 6.04906
3350 5.75691
3360 5.45811
3370 5.15308
3380 4.84225
3390 4.52607
3400 4.20498
3410 3.87941
3420 3.54981
3430 3.21662
3440 2.8803
3450 2.54129
3460 2.20003
3470 1.85697
3480 1.51256
3490 1.16723
3500 0.821417
3510 0.475568
3520 0.13011
3530 -0.214531
3540 -0.557931
3550 -0.899671
3560 -1.23934
3570 -1.57653
3580 -1.91084
3590 -2.24189
3600 -2.56927
3610 -2.89263
3620 -3.21158
3630 -3.52576
3640 -3.83482
3650 -4.13842
3660 -4.43622
3670 -4.7279
3680 -5.01315
3690 -5.29165
3700 -5.56312
3710 -5.82726
3720 -6.08382
3730 -6.33252
3740 -6.57312
3750 -6.80538
3760 -7.02907
3770 -7.24398
3780 -7.4499
3790 -7.64664
3800 -7.83403
3810 -8.01189
3820 -8.18007
3830 -8.33843
3840 -8.48684
3850 -8.62519
3860 -8.75336
3870 -8.87126
3880 -8.97882
3890 -9.07597
3900 -9.16264
3910 -9.2388
3920 -9.30441
3930 -9.35946
3940 -9.40393
3950 -9.43784
3960 -9.46119
3970 -9.47401
3980 -9.47635
3990 -9.46825
4000 -9.44978
4010 -9.421
4020 -9.382
4030 -9.33288
4040 -9.27373
4050 -9.20467
4060 -9.12582
4070 -9.03732
4080 -8.9393
4090 -8.83193
4100 -8.71536
4110 -8.58976
4120 -8.45531
4130 -8.3122
4140 -8.16061
4150 -8.00075
4160 -7.83283
4170 -7.65707
4180 -7.47368
4190 -7.28289
4200 -7.08495
4210 -6.88008
4220 -6.66854
4230 -6.45058
4240 -6.22645
4250 -5.99642
4260 -5.76074
4270 -5.51969
4280 -5.27355
4290 -5.02257
4300 -4.76706
4310 -4.50728
4320 -4.24351
4330 -3.97606
4340 -3.7052
4350 -3.43122
4360 -3.15441
4370 -2.87507
4380 -2.59349
4390 -2.30995
4400 -2.02475
4410 -1.73819
4420 -1.45054
4430 -1.16211
4440 -0.873179
4450 -0.584036
4460 -0.294967
4470 -0.00625538
4480 0.281817
4490 0.568971
4500 0.854932
4510 1.13943
4520 1.42218
4530 1.70293
4540 1.98142
4550 2.25738
4560 2.53056
4570 2.80071
4580 3.06759
4590 3.33095
4600 3.59055
4610 3.84618
4620 4.09759
4630 4.34457
4640 4.58691
4650 4.82439
4660 5.05682
4670 5.284
4680 5.50573
4690 5.72183
4700 5.93213
4710 6.13645
4720 6.33463
4730 6.5265
4740 6.71193
4750 6.89076
4760 7.06286
4770 7.22809
4780 7.38634
4790 7.53749
4800 7.68142
4810 7.81804
4820 7.94726
4830 8.06899
4840 8.18314
4850 8.28965
4860 8.38845
4870 8.47948
4880 8.5627
4890 8.63806
4900 8.70552
4910 8.76506
4920 8.81665
4930 8.86029
4940 8.89597
4950 8.92368
4960 8.94343
4970 8.95525
4980 8.95914
4990 8.95515
5000 8.94329
5010 8.92363
5020 8.89619
5030 8.86105
5040 8.81825
5050 8.76788
5060 8.70999
5070 8.64468
5080 8.57202
5090 8.49211
5100 8.40505
5110 8.31093
5120 8.20988
5130 8.10199
5140 7.98739
5150 7.8662
5160 7.73856
5170 7.60459
5180 7.46443
5190 7.31823
5200 7.16613
5210 7.00829
5220 6.84485
5230 6.67598
5240 6.50183
5250 6.32259
5260 6.1384
5270 5.94945
5280 5.75591
5290 5.55796
5300 5.35578
5310 5.14956
5320 4.93947
5330 4.7257
5340 4.50845
5350 4.28791
5360 4.06427
5370 3.83772
5380 3.60846
5390 3.37669
5400 3.1426
5410 2.90639
5420 2.66827
5430 2.42843
5440 2.18707
5450 1.94439
5460 1.70059
5470 1.45587
5480 1.21043
5490 0.964475
5500 0.718195
5510 0.47179
5520 0.225457
5530 -0.0206096
5540 -0.266215
5550 -0.511167
5560 -0.755274
5570 -0.998348
5580 -1.2402
5590 -1.48064
5600 -1.7195
5610 -1.95658
5620 -2.19171
5630 -2.42472
5640 -2.65542
5650 -2.88365
5660 -3.10924
5670 -3.33203
5680 -3.55185
5690 -3.76854
5700 -3.98194
5710 -4.19191
5720 -4.3983
5730 -4.60095
5740 -4.79974
5750 -4.99451
5760 -5.18514
5770 -5.37149
5780 -5.55344
5790 -5.73086
5800 -5.90364
5810 -6.07166
5820 -6.23481
5830 -6.39299
5840 -6.54609
5850 -6.69401
5860 -6.83667
5870 -6.97397
5880 -7.10583
5890 -7.23217
5900 -7.35291
5910 -7.46799
5920 -7.57733
5930 -7.68088
5940 -7.77858
5950 -7.87037
5960 -7.95622
5970 -8.03607
5980 -8.10988
5990 -8.17763
6000 -8.23928
6010 -8.29481
6020 -8.3442
6030 -8.38743
6040 -8.4245
6050 -8.45539
6060 -8.4801
6070 -8.49864
6080 -8.51101
6090 -8.51723
6100 -8.5173
6110 -8.51126
6120 -8.49912
6130 -8.48092
6140 -8.45668
6150 -8.42644
6160 -8.39025
6170 -8.34814
6180 -8.30018
6190 -8.2464
6200 -8.18687
6210 -8.12165
6220 -8.05081
6230 -7.9744
6240 -7.89251
6250 -7.8052
6260 -7.71256
6270 -7.61467
6280 -7.51161
6290 -7.40347
6300 -7.29035
6310 -7.17233
6320 -7.04952
6330 -6.92201
6340 -6.78991
6350 -6.65333
6360 -6.51236
6370 -6.36714
6380 -6.21775
6390 -6.06433
6400 -5.90699
6410 -5.74585
6420 -5.58104
6430 -5.41267
6440 -5.24087
6450 -5.06577
6460 -4.8875
6470 -4.70619
6480 -4.52197
6490 -4.33497
6500 -4.14534
6510 -3.9532
6520 -3.7587
6530 -3.56197
6540 -3.36314
6550 -3.16237
6560 -2.95979
6570 -2.75554
6580 -2.54976
6590 -2.34259
6600 -2.13418
6610 -1.92467
6620 -1.7142
6630 -1.50291
6640 -1.29095
6650 -1.07845
6660 -0.865566
6670 -0.652427
6680 -0.43918
6690 -0.225963
6700 -0.0129166
6710 0.19982
6720 0.41211
6730 0.623816
6740 0.8348
6750 1.04493
6760 1.25407
6770 1.46209
6780 1.66885
6790 1.87423
6800 2.0781
6810 2.28032
6820 2.48079
6830 2.67936
6840 2.87593
6850 3.07037
6860 3.26255
6870 3.45238
6880 3.63972
6890 3.82447
6900 4.00652
6910 4.18577
6920 4.3621
6930 4.53541
6940 4.7056
6950 4.87257
6960 5.03624
6970 5.19649
6980 5.35325
6990 5.50642
7000 5.65592
7010 5.80166
7020 5.94357
7030 6.08157
7040 6.21557
7050 6.34552
7060 6.47134
7070 6.59296
7080 6.71032
7090 6.82336
7100 6.93203
7110 7.03626
7120 7.136
7130 7.23122
7140 7.32185
7150 7.40786
7160 7.48921
7170 7.56587
7180 7.63779
7190 7.70494
7200 7.76731
7210 7.82486
7220 7.87757
7230 7.92543
7240 7.96842
7250 8.00652
7260 8.03973
7270 8.06804
7280 8.09145
7290 8.10995
7300 8.12355
7310 8.13225
7320 8.13607
7330 8.135
7340 8.12908
7350 8.11831
7360 8.10271
7370 8.0823
7380 8.05712
7390 8.02718
7400 7.99253
7410 7.95318
7420 7.90918
7430 7.86058
7440 7.80739
7450 7.74968
7460 7.68749
7470 7.62086
7480 7.54986
7490 7.47452
7500 7.3949
7510 7.31107
7520 7.22309
7530 7.13101
7540 7.0349
7550 6.93483
7560 6.83087
7570 6.72308
7580 6.61154
7590 6.49633
7600 6.37751
7610 6.25517
7620 6.12939
7630 6.00025
7640 5.86783
7650 5.73222
7660 5.5935
7670 5.45176
7680 5.30709
7690 5.15958
7700 5.00931
7710 4.85639
7720 4.70091
7730 4.54296
7740 4.38264
7750 4.22004
7760 4.05527
7770 3.88842
7780 3.71958
7790 3.54887
7800 3.37638
7810 3.20222
7820 3.02648
7830 2.84926
7840 2.67068
7850 2.49084
7860 2.30983
7870 2.12776
7880 1.94474
7890 1.76087
7900 1.57625
7910 1.39099
7920 1.2052
7930 1.01897
7940 0.832417
7950 0.645637
7960 0.458736
7970 0.271816
7980 0.0849814
7990 -0.101666
8000 -0.288024
8010 -0.473992
8020 -0.659468
8030 -0.844352
8040 -1.02855
8050 -1.21195
8060 -1.39447
8070 -1.576
8080 -1.75645
8090 -1.93572
8100 -2.11372
8110 -2.29036
8120 -2.46555
8130 -2.63919
8140 -2.81119
8150 -2.98146
8160 -3.14993
8170 -3.31649
8180 -3.48107
8190 -3.64359
8200 -3.80396
8210 -3.96209
8220 -4.11792
8230 -4.27137
8240 -4.42235
8250 -4.5708
8260 -4.71663
8270 -4.85979
8280 -5.0002
8290 -5.13779
8300 -5.2725
8310 -5.40426
8320 -5.53302
8330 -5.6587
8340 -5.78125
8350 -5.90062
8360 -6.01675
8370 -6.12958
8380 -6.23907
8390 -6.34516
8400 -6.44782
8410 -6.54698
8420 -6.64262
8430 -6.73468
8440 -6.82313
8450 -6.90793
8460 -6.98905
8470 -7.06645
8480 -7.1401
8490 -7.20997
8500 -7.27604
8510 -7.33828
8520 -7.39667
8530 -7.45118
8540 -7.50179
8550 -7.5485
8560 -7.59128
8570 -7.63013
8580 -7.66502
8590 -7.69596
8600 -7.72293
8610 -7.74594
8620 -7.76498
8630 -7.78004
8640 -7.79114
8650 -7.79827
8660 -7.80143
8670 -7.80065
8680 -7.79592
8690 -7.78726
8700 -7.77468
8710 -7.7582
8720 -7.73783
8730 -7.7136
8740 -7.68552
8750 -7.65362
8760 -7.61791
8770 -7.57844
8780 -7.53522
8790 -7.48829
8800 -7.43768
8810 -7.38342
8820 -7.32555
8830 -7.2641
8840 -7.19912
8850 -7.13064
8860 -7.0587
8870 -6.98335
8880 -6.90464
8890 -6.82261
8900 -6.7373
8910 -6.64877
8920 -6.55707
8930 -6.46225
8940 -6.36436
8950 -6.26346
8960 -6.1596
8970 -6.05285
8980 -5.94326
8990 -5.83088
9000 -5.71579
9010 -5.59805
9020 -5.47771
9030 -5.35484
9040 -5.2295
9050 -5.10177
9060 -4.97171
9070 -4.83939
9080 -4.70487
9090 -4.56823
9100 -4.42954
9110 -4.28886
9120 -4.14628
9130 -4.00186
9140 -3.85567
9150 -3.7078
9160 -3.55831
9170 -3.40728
9180 -3.25479
9190 -3.1009
9200 -2.94571
9210 -2.78928
9220 -2.63169
9230 -2.47302
9240 -2.31335
9250 -2.15276
9260 -1.99131
9270 -1.8291
9280 -1.6662
9290 -1.50269
9300 -1.33864
9310 -1.17414
9320 -1.00927
9330 -0.844091
9340 -0.678696
9350 -0.513159
9360 -0.347559
9370 -0.181973
9380 -0.0164788
9390 0.148847
9400 0.313928
9410 0.478686
9420 0.643047
9430 0.806933
9440 0.970271
9450 1.13299
9460 1.295
9470 1.45625
9480 1.61665
9490 1.77613
9500 1.93463
9510 2.09206
9520 2.24837
9530 2.40348
9540 2.55732
9550 2.70982
9560 2.86092
9570 3.01054
9580 3.15864
9590 3.30513
9600 3.44996
9610 3.59306
9620 3.73438
9630 3.87384
9640 4.0114
9650 4.14699
9660 4.28056
9670 4.41204
9680 4.54139
9690 4.66855
9700 4.79347
9710 4.91609
9720 5.03636
9730 5.15424
9740 5.26967
9750 5.38262
9760 5.49303
9770 5.60085
9780 5.70606
9790 5.8086
9800 5.90843
9810 6.00552
9820 6.09982
9830 6.19131
9840 6.27994
9850 6.36568
9860 6.44851
9870 6.52838
9880 6.60527
9890 6.67915
9900 6.74999
9910 6.81778
9920 6.88248
9930 6.94407
9940 7.00254
9950 7.05786
9960 7.11001
9970 7.15898
9980 7.20476
9990 7.24732
10000 7.28666
10010 7.32276
10020 7.35562
10030 7.38524
10040 7.41159
10050 7.43468
10060 7.4545
10070 7.47106
10080 7.48434
10090 7.49436
10100 7.50111
10110 7.5046
10120 7.50483
10130 7.50181
10140 7.49555
10150 7.48605
10160 7.47332
10170 7.45739
10180 7.43825
10190 7.41593
10200 7.39044
10210 7.3618
10220 7.33003
10230 7.29514
10240 7.25716
10250 7.21611
10260 7.17201
10270 7.12489
10280 7.07478
10290 7.02169
10300 6.96567
10310 6.90674
10320 6.84492
10330 6.78026
10340 6.71278
10350 6.64253
10360 6.56952
10370 6.49381
10380 6.41542
10390 6.3344
10400 6.25078
10410 6.16461
10420 6.07593
10430 5.98477
10440 5.89119
10450 5.79522
10460 5.69691
10470 5.59631
10480 5.49346
10490 5.38841
10500 5.2812
10510 5.1719
10520 5.06054
10530 4.94718
10540 4.83186
10550 4.71465
10560 4.59558
10570 4.47472
10580 4.35212
10590 4.22784
10600 4.10191
10610 3.97441
10620 3.84539
10630 3.71491
10640 3.58301
10650 3.44976
10660 3.31521
10670 3.17943
10680 3.04247
10690 2.90439
10700 2.76524
10710 2.62509
10720 2.484
10730 2.34203
10740 2.19923
10750 2.05566
10760 1.91139
10770 1.76648
10780 1.62098
10790 1.47495
10800 1.32846
10810 1.18157
10820 1.03434
10830 0.886817
10840 0.739075
10850 0.591171
10860 0.443164
10870 0.295114
10880 0.147082
10890 -0.000873847
10900 -0.148693
10910 -0.296318
10920 -0.443688
10930 -0.590744
10940 -0.73743
10950 -0.883686
10960 -1.02945
10970 -1.17468
10980 -1.3193
10990 -1.46326
11000 -1.60651
11010 -1.74899
11020 -1.89064
11030 -2.03141
11040 -2.17125
11050 -2.3101
11060 -2.4479
11070 -2.58461
11080 -2.72018
11090 -2.85454
11100 -2.98766
11110 -3.11947
11120 -3.24994
11130 -3.379
11140 -3.50662
11150 -3.63275
11160 -3.75733
11170 -3.88033
11180 -4.00169
11190 -4.12137
11200 -4.23934
11210 -4.35554
11220 -4.46993
11230 -4.58247
11240 -4.69312
11250 -4.80184
11260 -4.9086
11270 -5.01335
11280 -5.11606
11290 -5.21668
11300 -5.31519
11310 -5.41156
11320 -5.50573
11330 -5.5977
11340 -5.68741
11350 -5.77485
11360 -5.85998
11370 -5.94277
11380 -6.0232
11390 -6.10124
11400 -6.17686
11410 -6.25004
11420 -6.32075
11430 -6.38898
11440 -6.45469
11450 -6.51787
11460 -6.5785
11470 -6.63656
11480 -6.69204
11490 -6.74491
11500 -6.79516
11510 -6.84277
11520 -6.88774
11530 -6.93004
11540 -6.96968
11550 -7.00663
11560 -7.04089
11570 -7.07245
11580 -7.1013
11590 -7.12744
11600 -7.15086
11610 -7.17156
11620 -7.18953
11630 -7.20477
11640 -7.21729
11650 -7.22707
11660 -7.23413
11670 -7.23845
11680 -7.24006
11690 -7.23895
11700 -7.23512
11710 -7.22858
11720 -7.21935
11730 -7.20742
11740 -7.1928
11750 -7.17551
11760 -7.15556
11770 -7.13296
11780 -7.10772
11790 -7.07986
11800 -7.04939
11810 -7.01632
11820 -6.98068
11830 -6.94247
11840 -6.90173
11850 -6.85846
11860 -6.8127
11870 -6.76445
11880 -6.71375
11890 -6.66061
11900 -6.60505
11910 -6.54712
11920 -6.48682
11930 -6.42418
11940 -6.35924
11950 -6.29201
11960 -6.22253
11970 -6.15083
11980 -6.07694
11990 -6.00088
12000 -5.92269
12010 -5.84241
12020 -5.76005
12030 -5.67567
12040 -5.58929
12050 -5.50094
12060 -5.41066
12070 -5.31849
12080 -5.22447
12090 -5.12863
12100 -5.031
12110 -4.93164
12120 -4.83057
12130 -4.72783
12140 -4.62348
12150 -4.51753
12160 -4.41005
12170 -4.30106
12180 -4.19062
12190 -4.07875
12200 -3.96551
12210 -3.85094
12220 -3.73508
12230 -3.61797
12240 -3.49966
12250 -3.38019
12260 -3.25962
12270 -3.13797
12280 -3.0153
12290 -2.89166
12300 -2.76708
12310 -2.64162
12320 -2.51532
12330 -2.38823
12340 -2.26039
12350 -2.13185
12360 -2.00266
12370 -1.87286
12380 -1.74251
12390 -1.61164
12400 -1.48031
12410 -1.34856
12420 -1.21643
12430 -1.08399
12440 -0.951271
12450 -0.818322
12460 -0.685192
12470 -0.551928
12480 -0.418576
12490 -0.285184
12500 -0.151799
12510 -0.0184675
12520 0.114764
12530 0.247849
12540 0.380741
12550 0.513395
12560 0.645763
12570 0.7778
12580 0.909461
12590 1.0407
12600 1.17147
12610 1.30173
12620 1.43144
12630 1.56055
12640 1.68901
12650 1.81678
12660 1.94382
12670 2.07009
12680 2.19555
12690 2.32014
12700 2.44384
12710 2.56659
12720 2.68837
12730 2.80912
12740 2.9288
12750 3.04739
12760 3.16483
12770 3.2811
12780 3.39615
12790 3.50994
12800 3.62244
12810 3.73361
12820 3.84342
12830 3.95183
12840 4.0588
12850 4.1643
12860 4.2683
12870 4.37076
12880 4.47166
12890 4.57095
12900 4.66861
12910 4.76461
12920 4.85892
12930 4.9515
12940 5.04234
12950 5.13139
12960 5.21864
12970 5.30406
12980 5.38761
12990 5.46928
13000 5.54905
13010 5.62688
13020 5.70275
13030 5.77665
13040 5.84854
13050 5.91842
13060 5.98625
13070 6.05202
13080 6.11571
13090 6.1773
13100 6.23677
13110 6.29411
13120 6.3493
13130 6.40233
13140 6.45318
13150 6.50184
13160 6.54829
13170 6.59252
13180 6.63453
13190 6.6743
13200 6.71182
13210 6.74708
13220 6.78007
13230 6.81079
13240 6.83923
13250 6.86539
13260 6.88925
13270 6.91081
13280 6.93008
13290 6.94704
13300 6.9617
13310 6.97405
13320 6.9841
13330 6.99184
13340 6.99727
13350 7.0004
13360 7.00123
13370 6.99975
13380 6.99599
13390 6.98993
13400 6.98159
13410 6.97097
13420 6.95808
13430 6.94293
13440 6.92552
13450 6.90586
13460 6.88397
13470 6.85985
13480 6.83352
13490 6.80498
13500 6.77425
13510 6.74135
13520 6.70628
13530 6.66906
13540 6.62971
13550 6.58823
13560 6.54466
13570 6.49901
13580 6.45128
13590 6.40151
13600 6.34971
13610 6.29591
13620 6.24011
13630 6.18234
13640 6.12263
13650 6.06099
13660 5.99746
13670 5.93204
13680 5.86477
13690 5.79566
13700 5.72476
13710 5.65207
13720 5.57762
13730 5.50145
13740 5.42358
13750 5.34403
13760 5.26284
13770 5.18002
13780 5.09562
13790 5.00966
13800 4.92217
13810 4.83317
13820 4.74271
13830 4.65081
13840 4.5575
13850 4.46281
13860 4.36678
13870 4.26943
13880 4.17081
13890 4.07094
13900 3.96985
13910 3.86759
13920 3.76418
13930 3.65966
13940 3.55406
13950 3.44742
13960 3.33977
13970 3.23116
13980 3.1216
13990 3.01114
14000 2.89982
14010 2.78767
14020 2.67473
14030 2.56103
14040 2.44661
14050 2.33151
14060 2.21577
14070 2.09941
14080 1.98249
14090 1.86502
14100 1.74707
14110 1.62865
14120 1.50981
14130 1.39058
14140 1.27101
14150 1.15113
14160 1.03098
14170 0.910588
14180 0.790003
14190 0.669259
14200 0.548393
14210 0.427443
14220 0.306446
14230 0.185439
14240 0.0644605
14250 -0.0564531
14260 -0.177264
14270 -0.297937
14280 -0.418433
14290 -0.538716
14300 -0.65875
14310 -0.778497
14320 -0.897923
14330 -1.01699
14340 -1.13566
14350 -1.25391
14360 -1.37168
14370 -1.48896
14380 -1.6057
14390 -1.72187
14400 -1.83744
14410 -1.95236
14420 -2.06661
14430 -2.18016
14440 -2.29296
14450 -2.40499
14460 -2.51621
14470 -2.62659
14480 -2.73609
14490 -2.8447
14500 -2.95237
14510 -3.05907
14520 -3.16477
14530 -3.26945
14540 -3.37306
14550 -3.47559
14560 -3.577
14570 -3.67726
14580 -3.77635
14590 -3.87423
14600 -3.97089
14610 -4.06628
14620 -4.16039
14630 -4.25318
14640 -4.34464
14650 -4.43473
14660 -4.52344
14670 -4.61073
14680 -4.69658
14690 -4.78098
14700 -4.86388
14710 -4.94528
14720 -5.02515
14730 -5.10347
14740 -5.18022
14750 -5.25538
14760 -5.32892
14770 -5.40082
14780 -5.47108
14790 -5.53966
14800 -5.60656
14810 -5.67175
14820 -5.73522
14830 -5.79694
14840 -5.85692
14850 -5.91512
14860 -5.97153
14870 -6.02614
14880 -6.07894
14890 -6.12992
14900 -6.17905
14910 -6.22633
14920 -6.27175
14930 -6.3153
14940 -6.35696
14950 -6.39673
14960 -6.4346
14970 -6.47055
14980 -6.50459
14990 -6.53669
15000 -6.56687
15010 -6.5951
15020 -6.62139
15030 -6.64573
15040 -6.66811
15050 -6.68854
15060 -6.707
15070 -6.7235
15080 -6.73803
15090 -6.75059
15100 -6.76118
15110 -6.7698
15120 -6.77645
15130 -6.78113
15140 -6.78384
15150 -6.78458
15160 -6.78337
15170 -6.78019
15180 -6.77505
15190 -6.76796
15200 -6.75891
15210 -6.74793
15220 -6.73501
15230 -6.72015
15240 -6.70337
15250 -6.68467
15260 -6.66406
15270 -6.64156
15280 -6.61715
15290 -6.59087
15300 -6.56271
15310 -6.53269
15320 -6.50082
15330 -6.46711
15340 -6.43157
15350 -6.39421
15360 -6.35505
15370 -6.31411
15380 -6.27139
15390 -6.22691
15400 -6.18068
15410 -6.13272
15420 -6.08305
15430 -6.03168
15440 -5.97863
15450 -5.92392
15460 -5.86756
15470 -5.80958
15480 -5.74998
15490 -5.68879
15500 -5.62604
15510 -5.56173
15520 -5.49589
15530 -5.42854
15540 -5.3597
15550 -5.28939
15560 -5.21764
15570 -5.14446
15580 -5.06988
15590 -4.99392
15600 -4.91661
15610 -4.83796
15620 -4.75801
15630 -4.67676
15640 -4.59426
15650 -4.51053
15660 -4.42558
15670 -4.33945
15680 -4.25216
15690 -4.16373
15700 -4.0742
15710 -3.98359
15720 -3.89192
15730 -3.79923
15740 -3.70553
15750 -3.61087
15760 -3.51525
15770 -3.41872
15780 -3.3213
15790 -3.22302
15800 -3.12391
15810 -3.02399
15820 -2.9233
15830 -2.82186
15840 -2.7197
15850 -2.61685
15860 -2.51335
15870 -2.40921
15880 -2.30448
15890 -2.19917
15900 -2.09333
15910 -1.98697
15920 -1.88013
15930 -1.77284
15940 -1.66513
15950 -1.55703
15960 -1.44857
15970 -1.33978
15980 -1.23069
15990 -1.12133
16000 -1.01173
16010 -0.901927
16020 -0.791941
16030 -0.681807
16040 -0.571555
16050 -0.461216
16060 -0.350819
16070 -0.240395
16080 -0.129974
16090 -0.0195869
16100 0.0907373
16110 0.200968
16120 0.311076
16130 0.421031
16140 0.530804
16150 0.640364
16160 0.749682
16170 0.85873
16180 0.967477
16190 1.07589
16200 1.18395
16210 1.29163
16220 1.39888
16230 1.50569
16240 1.61203
16250 1.71787
16260 1.82318
16270 1.92794
16280 2.03211
16290 2.13566
16300 2.23858
16310 2.34084
16320 2.4424
16330 2.54325
16340 2.64334
16350 2.74267
16360 2.84121
16370 2.93892
16380 3.03578
16390 3.13177
16400 3.22687
16410 3.32104
16420 3.41427
16430 3.50653
16440 3.5978
16450 3.68806
16460 3.77727
16470 3.86543
16480 3.9525
16490 4.03847
16500 4.12331
16510 4.207
16520 4.28953
16530 4.37087
16540 4.451
16550 4.5299
16560 4.60755
16570 4.68394
16580 4.75904
16590 4.83284
16600 4.90531
16610 4.97645
16620 5.04622
16630 5.11463
16640 5.18164
16650 5.24725
16660 5.31144
16670 5.37419
16680 5.43549
16690 5.49533
16700 5.55368
16710 5.61054
16720 5.6659
16730 5.71974
16740 5.77204
16750 5.8228
16760 5.87201
16770 5.91965
16780 5.96571
16790 6.01019
16800 6.05307
16810 6.09435
16820 6.13401
16830 6.17205
16840 6.20846
16850 6.24323
16860 6.27635
16870 6.30783
16880 6.33764
16890 6.36579
16900 6.39227
16910 6.41708
16920 6.44021
16930 6.46165
16940 6.48141
16950 6.49948
16960 6.51586
16970 6.53054
16980 6.54352
16990 6.55481
17000 6.5644
17010 6.57229
17020 6.57849
17030 6.58298
17040 6.58578
17050 6.58688
17060 6.58628
17070 6.58399
17080 6.58001
17090 6.57435
17100 6.567
17110 6.55797
17120 6.54727
17130 6.53489
17140 6.52085
17150 6.50515
17160 6.4878
17170 6.4688
17180 6.44815
17190 6.42587
17200 6.40197
17210 6.37645
17220 6.34932
17230 6.32058
17240 6.29026
17250 6.25835
17260 6.22487
17270 6.18983
17280 6.15323
17290 6.1151
17300 6.07544
17310 6.03426
17320 5.99157
17330 5.94739
17340 5.90174
17350 5.85461
17360 5.80604
17370 5.75602
17380 5.70459
17390 5.65174
17400 5.59749
17410 5.54187
17420 5.48488
17430 5.42655
17440 5.36688
17450 5.3059
17460 5.24362
17470 5.18006
17480 5.11523
17490 5.04916
17500 4.98186
17510 4.91335
17520 4.84365
17530 4.77278
17540 4.70075
17550 4.62759
17560 4.55331
17570 4.47794
17580 4.40149
17590 4.32399
17600 4.24546
17610 4.16591
17620 4.08537
17630 4.00386
17640 3.9214
17650 3.83801
17660 3.75372
17670 3.66854
17680 3.5825
17690 3.49562
17700 3.40792
17710 3.31942
17720 3.23016
17730 3.14014
17740 3.0494
17750 2.95796
17760 2.86584
17770 2.77306
17780 2.67965
17790 2.58563
17800 2.49103
17810 2.39586
17820 2.30016
17830 2.20395
17840 2.10725
17850 2.01009
17860 1.91248
17870 1.81446
17880 1.71605
17890 1.61728
17900 1.51816
17910 1.41873
17920 1.319
17930 1.21901
17940 1.11878
17950 1.01832
17960 0.917679
17970 0.816866
17980 0.71591
17990 0.614835
18000 0.513667
18010 0.41243
18020 0.311148
18030 0.209847
18040 0.108551
18050 0.00728467
18060 -0.0939273
18070 -0.19506
18080 -0.29609
18090 -0.396992
18100 -0.497742
18110 -0.598316
18120 -0.69869
18130 -0.798839
18140 -0.898739
18150 -0.998368
18160 -1.0977
18170 -1.19671
18180 -1.29538
18190 -1.39368
18200 -1.4916
18210 -1.5891
18220 -1.68616
18230 -1.78276
18240 -1.87888
18250 -1.9745
18260 -2.06959
18270 -2.16413
18280 -2.2581
18290 -2.35148
18300 -2.44424
18310 -2.53637
18320 -2.62784
18330 -2.71863
18340 -2.80872
18350 -2.89809
18360 -2.98671
18370 -3.07458
18380 -3.16166
18390 -3.24795
18400 -3.33341
18410 -3.41803
18420 -3.50179
18430 -3.58467
18440 -3.66665
18450 -3.74772
18460 -3.82785
18470 -3.90703
18480 -3.98524
18490 -4.06246
18500 -4.13867
18510 -4.21387
18520 -4.28802
18530 -4.36112
18540 -4.43315
18550 -4.50409
18560 -4.57392
18570 -4.64264
18580 -4.71023
18590 -4.77666
18600 -4.84194
18610 -4.90604
18620 -4.96894
18630 -5.03065
18640 -5.09113
18650 -5.15039
18660 -5.2084
18670 -5.26516
18680 -5.32065
18690 -5.37486
18700 -5.42778
18710 -5.47941
18720 -5.52971
18730 -5.5787
18740 -5.62636
18750 -5.67267
18760 -5.71763
18770 -5.76123
18780 -5.80346
18790 -5.84431
18800 -5.88378
18810 -5.92185
18820 -5.95853
18830 -5.99379
18840 -6.02764
18850 -6.06007
18860 -6.09108
18870 -6.12065
18880 -6.14878
18890 -6.17547
18900 -6.20071
18910 -6.2245
18920 -6.24683
18930 -6.2677
18940 -6.28712
18950 -6.30506
18960 -6.32154
18970 -6.33654
18980 -6.35007
18990 -6.36213
19000 -6.37271
19010 -6.38182
19020 -6.38945
19030 -6.3956
19040 -6.40027
19050 -6.40347
19060 -6.40519
19070 -6.40544
19080 -6.40422
19090 -6.40152
19100 -6.39735
19110 -6.39172
19120 -6.38463
19130 -6.37607
19140 -6.36605
19150 -6.35459
19160 -6.34167
19170 -6.32731
19180 -6.31151
19190 -6.29427
19200 -6.27561
19210 -6.25552
19220 -6.23401
19230 -6.21109
19240 -6.18677
19250 -6.16105
19260 -6.13394
19270 -6.10544
19280 -6.07558
19290 -6.04434
19300 -6.01175
19310 -5.97781
19320 -5.94253
19330 -5.90592
19340 -5.86799
19350 -5.82874
19360 -5.7882
19370 -5.74636
19380 -5.70325
19390 -5.65887
19400 -5.61323
19410 -5.56634
19420 -5.51823
19430 -5.46889
19440 -5.41834
19450 -5.36659
19460 -5.31367
19470 -5.25957
19480 -5.20431
19490 -5.14792
19500 -5.09039
19510 -5.03174
19520 -4.972
19530 -4.91117
19540 -4.84927
19550 -4.78631
19560 -4.72231
19570 -4.65728
19580 -4.59125
19590 -4.52422
19600 -4.45621
19610 -4.38723
19620 -4.31732
19630 -4.24647
19640 -4.17471
19650 -4.10205
19660 -4.02852
19670 -3.95412
19680 -3.87889
19690 -3.80282
19700 -3.72595
19710 -3.64828
19720 -3.56985
19730 -3.49066
19740 -3.41073
19750 -3.33009
19760 -3.24875
19770 -3.16672
19780 -3.08404
19790 -3.00072
19800 -2.91677
19810 -2.83222
19820 -2.74708
19830 -2.66138
19840 -2.57514
19850 -2.48836
19860 -2.40109
19870 -2.31332
19880 -2.22509
19890 -2.13642
19900 -2.04731
19910 -1.9578
19920 -1.86791
19930 -1.77765
19940 -1.68704
19950 -1.59611
19960 -1.50487
19970 -1.41334
19980 -1.32156
19990 -1.22952
20000 -1.13727
20010 -1.04481
