10 -13.2107
20 -5.91387
30 -0.498141
40 3.43267
50 6.15536
60 7.8921
70 8.82905
80 9.1247
90 8.91468
100 8.31514
110 7.42532
120 6.32966
130 5.09953
140 3.79482
150 2.46529
160 1.15177
170 -0.112759
180 -1.3022
190 -2.39648
200 -3.38073
210 -4.24463
220 -4.98175
230 -5.58898
240 -6.06605
250 -6.41505
260 -6.64
270 -6.74656
280 -6.74162
290 -6.6331
300 -6.42963
310 -6.14036
320 -5.77476
330 -5.34247
340 -4.85314
350 -4.31628
360 -3.74121
370 -3.13693
380 -2.51208
390 -1.87483
400 -1.2329
410 -0.593458
420 0.0368435
430 0.651934
440 1.24631
450 1.81505
460 2.35378
470 2.85873
480 3.32665
490 3.75483
500 4.14109
510 4.48373
520 4.78152
530 5.0337
540 5.23988
550 5.40012
560 5.51478
570 5.5846
580 5.6106
590 5.59409
600 5.53661
610 5.43994
620 5.30605
630 5.13705
640 4.93523
650 4.70298
660 4.44278
670 4.15718
680 3.8488
690 3.52028
700 3.17426
710 2.8134
720 2.44033
730 2.05764
740 1.66788
750 1.27352
760 0.876995
770 0.480622
780 0.0866427
790 -0.302802
800 -0.685677
810 -1.06006
820 -1.42414
830 -1.77624
840 -2.11479
850 -2.43836
860 -2.74563
870 -3.03543
880 -3.30669
890 -3.5585
900 -3.79006
910 -4.00069
920 -4.18984
930 -4.35707
940 -4.50208
950 -4.62465
960 -4.7247
970 -4.80223
980 -4.85737
990 -4.89031
1000 -4.90136
1010 -4.89091
1020 -4.85943
1030 -4.80746
1040 -4.73561
1050 -4.64457
1060 -4.53509
1070 -4.40795
1080 -4.26401
1090 -4.10416
1100 -3.92933
1110 -3.74048
1120 -3.53861
1130 -3.32474
1140 -3.0999
1150 -2.86515
1160 -2.62155
1170 -2.37017
1180 -2.11208
1190 -1.84836
1200 -1.58005
1210 -1.30822
1220 -1.0339
1230 -0.758123
1240 -0.481884
1250 -0.206165
1260 0.0680766
1270 0.339915
1280 0.608451
1290 0.872821
1300 1.13219
1310 1.38577
1320 1.6328
1330 1.87256
1340 2.10437
1350 2.32759
1360 2.54163
1370 2.74593
1380 2.93999
1390 3.12334
1400 3.29555
1410 3.45624
1420 3.60509
1430 3.7418
1440 3.86611
1450 3.97783
1460 4.07678
1470 4.16286
1480 4.23597
1490 4.29608
1500 4.34318
1510 4.3773
1520 4.39853
1530 4.40697
1540 4.40276
1550 4.38608
1560 4.35713
1570 4.31615
1580 4.26341
1590 4.19921
1600 4.12386
1610 4.03771
1620 3.94113
1630 3.8345
1640 3.71824
1650 3.59276
1660 3.45853
1670 3.31599
1680 3.16561
1690 3.00789
1700 2.84331
1710 2.67239
1720 2.49562
1730 2.31354
1740 2.12665
1750 1.93549
1760 1.74058
1770 1.54245
1780 1.34163
1790 1.13863
1800 0.933979
1810 0.728194
1820 0.521782
1830 0.315248
1840 0.109085
1850 -0.0962196
1860 -0.30019
1870 -0.50236
1880 -0.702278
1890 -0.8995
1900 -1.0936
1910 -1.28416
1920 -1.47079
1930 -1.65309
1940 -1.83071
1950 -2.00328
1960 -2.17048
1970 -2.33198
1980 -2.48748
1990 -2.6367
2000 -2.77938
2010 -2.91526
2020 -3.04413
2030 -3.16576
2040 -3.27997
2050 -3.38659
2060 -3.48546
2070 -3.57645
2080 -3.65944
2090 -3.73433
2100 -3.80104
2110 -3.85952
2120 -3.90972
2130 -3.95161
2140 -3.98518
2150 -4.01045
2160 -4.02744
2170 -4.03619
2180 -4.03676
2190 -4.02922
2200 -4.01367
2210 -3.9902
2220 -3.95893
2230 -3.92
2240 -3.87356
2250 -3.81975
2260 -3.75874
2270 -3.69073
2280 -3.6159
2290 -3.53446
2300 -3.44662
2310 -3.35259
2320 -3.25263
2330 -3.14695
2340 -3.03582
2350 -2.91948
2360 -2.7982
2370 -2.67224
2380 -2.54187
2390 -2.40738
2400 -2.26904
2410 -2.12713
2420 -1.98195
2430 -1.83379
2440 -1.68293
2450 -1.52966
2460 -1.37429
2470 -1.2171
2480 -1.05839
2490 -0.898451
2500 -0.737573
2510 -0.576046
2520 -0.414156
2530 -0.252188
2540 -0.0904227
2550 0.0708631
2560 0.231396
2570 0.390907
2580 0.549133
2590 0.705815
2600 0.8607
2610 1.01354
2620 1.1641
2630 1.31214
2640 1.45743
2650 1.59975
2660 1.7389
2670 1.87466
2680 2.00684
2690 2.13525
2700 2.25971
2710 2.38004
2720 2.49609
2730 2.60769
2740 2.7147
2750 2.81698
2760 2.91441
2770 3.00686
2780 3.09422
2790 3.1764
2800 3.25329
2810 3.32483
2820 3.39093
2830 3.45153
2840 3.50658
2850 3.55603
2860 3.59984
2870 3.63799
2880 3.67045
2890 3.69722
2900 3.71829
2910 3.73368
2920 3.7434
2930 3.74747
2940 3.74592
2950 3.73881
2960 3.72616
2970 3.70805
2980 3.68452
2990 3.65567
3000 3.62155
3010 3.58227
3020 3.5379
3030 3.48854
3040 3.43431
3050 3.37531
3060 3.31166
3070 3.24347
3080 3.17088
3090 3.09401
3100 3.01301
3110 2.92802
3120 2.83917
3130 2.74662
3140 2.65052
3150 2.55104
3160 2.44832
3170 2.34253
3180 2.23384
3190 2.12241
3200 2.00842
3210 1.89204
3220 1.77343
3230 1.65279
3240 1.53027
3250 1.40606
3260 1.28034
3270 1.15329
3280 1.02507
3290 0.895882
3300 0.765891
3310 0.635276
3320 0.504215
3330 0.372882
3340 0.241454
3350 0.110101
3360 -0.0210042
3370 -0.151692
3380 -0.281796
3390 -0.41115
3400 -0.539592
3410 -0.666962
3420 -0.793101
3430 -0.917857
3440 -1.04108
3450 -1.16262
3460 -1.28232
3470 -1.40007
3480 -1.5157
3490 -1.62909
3500 -1.74012
3510 -1.84865
3520 -1.95457
3530 -2.05775
3540 -2.15809
3550 -2.25547
3560 -2.3498
3570 -2.44097
3580 -2.52889
3590 -2.61347
3600 -2.69463
3610 -2.77228
3620 -2.84636
3630 -2.91679
3640 -2.9835
3650 -3.04644
3660 -3.10555
3670 -3.16078
3680 -3.21209
3690 -3.25944
3700 -3.30279
3710 -3.34211
3720 -3.37738
3730 -3.40858
3740 -3.43569
3750 -3.45871
3760 -3.47762
3770 -3.49243
3780 -3.50314
3790 -3.50977
3800 -3.51232
3810 -3.51082
3820 -3.50528
3830 -3.49574
3840 -3.48222
3850 -3.46477
3860 -3.44342
3870 -3.41822
3880 -3.38921
3890 -3.35645
3900 -3.31999
3910 -3.2799
3920 -3.23624
3930 -3.18907
3940 -3.13846
3950 -3.0845
3960 -3.02725
3970 -2.96679
3980 -2.90321
3990 -2.8366
4000 -2.76704
4010 -2.69462
4020 -2.61944
4030 -2.54159
4040 -2.46117
4050 -2.37828
4060 -2.29302
4070 -2.2055
4080 -2.11582
4090 -2.02408
4100 -1.9304
4110 -1.83489
4120 -1.73765
4130 -1.63881
4140 -1.53846
4150 -1.43672
4160 -1.33372
4170 -1.22955
4180 -1.12435
4190 -1.01821
4200 -0.911269
4210 -0.803627
4220 -0.695405
4230 -0.586717
4240 -0.477679
4250 -0.368403
4260 -0.259004
4270 -0.149596
4280 -0.0402895
4290 0.0688028
4300 0.177571
4310 0.285905
4320 0.393698
4330 0.500842
4340 0.607232
4350 0.712765
4360 0.817337
4370 0.920848
4380 1.0232
4390 1.12429
4400 1.22404
4410 1.32233
4420 1.41909
4430 1.51423
4440 1.60765
4450 1.69928
4460 1.78902
4470 1.87681
4480 1.96257
4490 2.04621
4500 2.12767
4510 2.20687
4520 2.28376
4530 2.35827
4540 2.43032
4550 2.49988
4560 2.56687
4570 2.63125
4580 2.69297
4590 2.75198
4600 2.80823
4610 2.86168
4620 2.9123
4630 2.96005
4640 3.00489
4650 3.04679
4660 3.08574
4670 3.1217
4680 3.15466
4690 3.18459
4700 3.21148
4710 3.23532
4720 3.25611
4730 3.27382
4740 3.28846
4750 3.30004
4760 3.30854
4770 3.31398
4780 3.31637
4790 3.31571
4800 3.31201
4810 3.30531
4820 3.2956
4830 3.28292
4840 3.26729
4850 3.24873
4860 3.22727
4870 3.20295
4880 3.1758
4890 3.14585
4900 3.11314
4910 3.07771
4920 3.03961
4930 2.99888
4940 2.95557
4950 2.90972
4960 2.86139
4970 2.81063
4980 2.75749
4990 2.70204
5000 2.64432
5010 2.5844
5020 2.52234
5030 2.4582
5040 2.39204
5050 2.32394
5060 2.25395
5070 2.18215
5080 2.10861
5090 2.03339
5100 1.95657
5110 1.87822
5120 1.79841
5130 1.71722
5140 1.63472
5150 1.55098
5160 1.46609
5170 1.38012
5180 1.29314
5190 1.20524
5200 1.11649
5210 1.02696
5220 0.93675
5230 0.845922
5240 0.754559
5250 0.66274
5260 0.570541
5270 0.478043
5280 0.385322
5290 0.292457
5300 0.199525
5310 0.106603
5320 0.0137683
5330 -0.0789036
5340 -0.171337
5350 -0.263457
5360 -0.355189
5370 -0.446459
5380 -0.537196
5390 -0.627326
5400 -0.716779
5410 -0.805485
5420 -0.893375
5430 -0.98038
5440 -1.06643
5450 -1.15147
5460 -1.23543
5470 -1.31824
5480 -1.39984
5490 -1.48017
5500 -1.55918
5510 -1.6368
5520 -1.71298
5530 -1.78766
5540 -1.86079
5550 -1.93231
5560 -2.00218
5570 -2.07035
5580 -2.13676
5590 -2.20138
5600 -2.26415
5610 -2.32505
5620 -2.38401
5630 -2.44102
5640 -2.49602
5650 -2.54899
5660 -2.59988
5670 -2.64867
5680 -2.69533
5690 -2.73983
5700 -2.78213
5710 -2.82223
5720 -2.86009
5730 -2.89569
5740 -2.92901
5750 -2.96004
5760 -2.98876
5770 -3.01516
5780 -3.03922
5790 -3.06093
5800 -3.08029
5810 -3.09729
5820 -3.11192
5830 -3.12418
5840 -3.13408
5850 -3.1416
5860 -3.14676
5870 -3.14956
5880 -3.15
5890 -3.14809
5900 -3.14384
5910 -3.13727
5920 -3.12838
5930 -3.11718
5940 -3.10371
5950 -3.08796
5960 -3.06997
5970 -3.04975
5980 -3.02732
5990 -3.00272
6000 -2.97596
6010 -2.94706
6020 -2.91607
6030 -2.88301
6040 -2.8479
6050 -2.81079
6060 -2.7717
6070 -2.73067
6080 -2.68774
6090 -2.64293
6100 -2.59631
6110 -2.54789
6120 -2.49772
6130 -2.44585
6140 -2.39231
6150 -2.33715
6160 -2.28042
6170 -2.22216
6180 -2.16241
6190 -2.10122
6200 -2.03865
6210 -1.97473
6220 -1.90953
6230 -1.84308
6240 -1.77544
6250 -1.70667
6260 -1.6368
6270 -1.56591
6280 -1.49403
6290 -1.42122
6300 -1.34754
6310 -1.27304
6320 -1.19777
6330 -1.12179
6340 -1.04515
6350 -0.967912
6360 -0.890126
6370 -0.811849
6380 -0.733137
6390 -0.654044
6400 -0.574626
6410 -0.494939
6420 -0.415037
6430 -0.334977
6440 -0.254812
6450 -0.174599
6460 -0.0943907
6470 -0.0142427
6480 0.065791
6490 0.145657
6500 0.225301
6510 0.304672
6520 0.383715
6530 0.462379
6540 0.540612
6550 0.618364
6560 0.695583
6570 0.77222
6580 0.848225
6590 0.923549
6600 0.998145
6610 1.07197
6620 1.14496
6630 1.21709
6640 1.28831
6650 1.35857
6660 1.42783
6670 1.49604
6680 1.56317
6690 1.62917
6700 1.69401
6710 1.75764
6720 1.82003
6730 1.88114
6740 1.94093
6750 1.99937
6760 2.05643
6770 2.11207
6780 2.16626
6790 2.21897
6800 2.27016
6810 2.31983
6820 2.36792
6830 2.41442
6840 2.45931
6850 2.50255
6860 2.54413
6870 2.58402
6880 2.62221
6890 2.65867
6900 2.69338
6910 2.72634
6920 2.75751
6930 2.7869
6940 2.81448
6950 2.84024
6960 2.86418
6970 2.88627
6980 2.90652
6990 2.92492
7000 2.94145
7010 2.95612
7020 2.96892
7030 2.97985
7040 2.98891
7050 2.99609
7060 3.00139
7070 3.00483
7080 3.0064
7090 3.0061
7100 3.00395
7110 2.99995
7120 2.9941
7130 2.98641
7140 2.97691
7150 2.96558
7160 2.95246
7170 2.93754
7180 2.92085
7190 2.9024
7200 2.88221
7210 2.86029
7220 2.83666
7230 2.81134
7240 2.78435
7250 2.75572
7260 2.72546
7270 2.69359
7280 2.66014
7290 2.62514
7300 2.5886
7310 2.55057
7320 2.51105
7330 2.47009
7340 2.4277
7350 2.38392
7360 2.33878
7370 2.29231
7380 2.24453
7390 2.19549
7400 2.14522
7410 2.09374
7420 2.04109
7430 1.9873
7440 1.93242
7450 1.87647
7460 1.81949
7470 1.76152
7480 1.70259
7490 1.64274
7500 1.58202
7510 1.52045
7520 1.45807
7530 1.39492
7540 1.33105
7550 1.26649
7560 1.20128
7570 1.13546
7580 1.06906
7590 1.00214
7600 0.934726
7610 0.866862
7620 0.798587
7630 0.729942
7640 0.660968
7650 0.591705
7660 0.522194
7670 0.452474
7680 0.382586
7690 0.312571
7700 0.242469
7710 0.17232
7720 0.102164
7730 0.0320404
7740 -0.0380106
7750 -0.10795
7760 -0.177737
7770 -0.247335
7780 -0.316703
7790 -0.385804
7800 -0.454599
7810 -0.523051
7820 -0.591121
7830 -0.658773
7840 -0.72597
7850 -0.792675
7860 -0.858853
7870 -0.924467
7880 -0.989483
7890 -1.05387
7900 -1.11758
7910 -1.1806
7920 -1.24288
7930 -1.30439
7940 -1.36511
7950 -1.425
7960 -1.48402
7970 -1.54216
7980 -1.59937
7990 -1.65563
8000 -1.71092
8010 -1.76519
8020 -1.81844
8030 -1.87062
8040 -1.92172
8050 -1.9717
8060 -2.02055
8070 -2.06824
8080 -2.11475
8090 -2.16005
8100 -2.20413
8110 -2.24696
8120 -2.28852
8130 -2.3288
8140 -2.36777
8150 -2.40541
8160 -2.44172
8170 -2.47667
8180 -2.51025
8190 -2.54244
8200 -2.57323
8210 -2.60261
8220 -2.63057
8230 -2.65708
8240 -2.68215
8250 -2.70577
8260 -2.72791
8270 -2.74858
8280 -2.76777
8290 -2.78547
8300 -2.80168
8310 -2.81639
8320 -2.82959
8330 -2.84129
8340 -2.85147
8350 -2.86015
8360 -2.86731
8370 -2.87297
8380 -2.87711
8390 -2.87974
8400 -2.88086
8410 -2.88048
8420 -2.87859
8430 -2.87522
8440 -2.87034
8450 -2.86399
8460 -2.85615
8470 -2.84685
8480 -2.83608
8490 -2.82386
8500 -2.8102
8510 -2.7951
8520 -2.77858
8530 -2.76065
8540 -2.74132
8550 -2.72061
8560 -2.69852
8570 -2.67508
8580 -2.6503
8590 -2.62419
8600 -2.59678
8610 -2.56807
8620 -2.53809
8630 -2.50685
8640 -2.47438
8650 -2.44069
8660 -2.4058
8670 -2.36973
8680 -2.3325
8690 -2.29414
8700 -2.25467
8710 -2.2141
8720 -2.17247
8730 -2.1298
8740 -2.0861
8750 -2.0414
8760 -1.99574
8770 -1.94913
8780 -1.90159
8790 -1.85316
8800 -1.80387
8810 -1.75373
8820 -1.70277
8830 -1.65102
8840 -1.59852
8850 -1.54528
8860 -1.49133
8870 -1.43671
8880 -1.38144
8890 -1.32555
8900 -1.26907
8910 -1.21203
8920 -1.15445
8930 -1.09637
8940 -1.03782
8950 -0.978827
8960 -0.919419
8970 -0.859627
8980 -0.799481
8990 -0.739012
9000 -0.67825
9010 -0.617225
9020 -0.555967
9030 -0.494507
9040 -0.432875
9050 -0.371102
9060 -0.309216
9070 -0.247249
9080 -0.185231
9090 -0.123192
9100 -0.0611619
9110 0.000829849
9120 0.0627531
9130 0.124578
9140 0.186276
9150 0.247817
9160 0.309172
9170 0.370312
9180 0.431209
9190 0.491833
9200 0.552156
9210 0.612151
9220 0.67179
9230 0.731044
9240 0.789887
9250 0.848292
9260 0.906231
9270 0.963679
9280 1.02061
9290 1.077
9300 1.13281
9310 1.18804
9320 1.24264
9330 1.2966
9340 1.3499
9350 1.4025
9360 1.45439
9370 1.50555
9380 1.55594
9390 1.60555
9400 1.65437
9410 1.70235
9420 1.7495
9430 1.79578
9440 1.84117
9450 1.88566
9460 1.92923
9470 1.97187
9480 2.01354
9490 2.05423
9500 2.09394
9510 2.13264
9520 2.17031
9530 2.20695
9540 2.24253
9550 2.27704
9560 2.31047
9570 2.34281
9580 2.37404
9590 2.40415
9600 2.43313
9610 2.46097
9620 2.48765
9630 2.51318
9640 2.53754
9650 2.56071
9660 2.5827
9670 2.60349
9680 2.62309
9690 2.64147
9700 2.65864
9710 2.67459
9720 2.68931
9730 2.70281
9740 2.71508
9750 2.72611
9760 2.7359
9770 2.74446
9780 2.75177
9790 2.75785
9800 2.76268
9810 2.76627
9820 2.76862
9830 2.76974
9840 2.76961
9850 2.76826
9860 2.76567
9870 2.76185
9880 2.75682
9890 2.75056
9900 2.74309
9910 2.73441
9920 2.72454
9930 2.71346
9940 2.70121
9950 2.68777
9960 2.67316
9970 2.65739
9980 2.64047
9990 2.6224
10000 2.6032
10010 2.58288
10020 2.56145
10030 2.53892
10040 2.5153
10050 2.4906
10060 2.46485
10070 2.43804
10080 2.4102
10090 2.38134
10100 2.35148
10110 2.32062
10120 2.28879
10130 2.25599
10140 2.22225
10150 2.18759
10160 2.15201
10170 2.11554
10180 2.0782
10190 2.03999
10200 2.00095
10210 1.96108
10220 1.92041
10230 1.87896
10240 1.83674
10250 1.79378
10260 1.75009
10270 1.7057
10280 1.66062
10290 1.61487
10300 1.56849
10310 1.52148
10320 1.47387
10330 1.42568
10340 1.37693
10350 1.32764
10360 1.27784
10370 1.22754
10380 1.17678
10390 1.12557
10400 1.07393
10410 1.02189
10420 0.969466
10430 0.916687
10440 0.863572
10450 0.810146
10460 0.756432
10470 0.702451
10480 0.648228
10490 0.593785
10500 0.539146
10510 0.484334
10520 0.429372
10530 0.374283
10540 0.319091
10550 0.263818
10560 0.208488
10570 0.153124
10580 0.097749
10590 0.0423855
10600 -0.0129433
10610 -0.0682146
10620 -0.123406
10630 -0.178494
10640 -0.233456
10650 -0.288271
10660 -0.342916
10670 -0.397369
10680 -0.451607
10690 -0.505609
10700 -0.559353
10710 -0.612818
10720 -0.665982
10730 -0.718824
10740 -0.771323
10750 -0.823458
10760 -0.875209
10770 -0.926555
10780 -0.977477
10790 -1.02795
10800 -1.07797
10810 -1.12749
10820 -1.17652
10830 -1.22502
10840 -1.27298
10850 -1.32039
10860 -1.36721
10870 -1.41345
10880 -1.45906
10890 -1.50405
10900 -1.54839
10910 -1.59207
10920 -1.63507
10930 -1.67737
10940 -1.71896
10950 -1.75983
10960 -1.79995
10970 -1.83932
10980 -1.87791
10990 -1.91572
11000 -1.95273
11010 -1.98893
11020 -2.0243
11030 -2.05884
11040 -2.09253
11050 -2.12535
11060 -2.1573
11070 -2.18837
11080 -2.21854
11090 -2.24781
11100 -2.27616
11110 -2.30359
11120 -2.33009
11130 -2.35564
11140 -2.38024
11150 -2.40388
11160 -2.42656
11170 -2.44826
11180 -2.46898
11190 -2.48872
11200 -2.50746
11210 -2.5252
11220 -2.54194
11230 -2.55768
11240 -2.5724
11250 -2.5861
11260 -2.59878
11270 -2.61044
11280 -2.62107
11290 -2.63068
11300 -2.63925
11310 -2.6468
11320 -2.65331
11330 -2.65879
11340 -2.66323
11350 -2.66664
11360 -2.66902
11370 -2.67036
11380 -2.67068
11390 -2.66996
11400 -2.66822
11410 -2.66545
11420 -2.66166
11430 -2.65685
11440 -2.65103
11450 -2.6442
11460 -2.63636
11470 -2.62751
11480 -2.61768
11490 -2.60685
11500 -2.59503
11510 -2.58224
11520 -2.56847
11530 -2.55374
11540 -2.53804
11550 -2.5214
11560 -2.50382
11570 -2.4853
11580 -2.46585
11590 -2.44549
11600 -2.42422
11610 -2.40206
11620 -2.379
11630 -2.35507
11640 -2.33027
11650 -2.30461
11660 -2.27811
11670 -2.25077
11680 -2.22261
11690 -2.19364
11700 -2.16388
11710 -2.13332
11720 -2.102
11730 -2.06991
11740 -2.03708
11750 -2.00352
11760 -1.96924
11770 -1.93425
11780 -1.89857
11790 -1.86221
11800 -1.8252
11810 -1.78753
11820 -1.74924
11830 -1.71032
11840 -1.67081
11850 -1.63071
11860 -1.59004
11870 -1.54882
11880 -1.50706
11890 -1.46478
11900 -1.422
11910 -1.37873
11920 -1.33498
11930 -1.29078
11940 -1.24615
11950 -1.20109
11960 -1.15563
11970 -1.10979
11980 -1.06357
11990 -1.01701
12000 -0.970114
12010 -0.922902
12020 -0.875392
12030 -0.827602
12040 -0.779551
12050 -0.731255
12060 -0.682733
12070 -0.634004
12080 -0.585084
12090 -0.535993
12100 -0.486747
12110 -0.437366
12120 -0.387868
12130 -0.33827
12140 -0.28859
12150 -0.238848
12160 -0.189059
12170 -0.139244
12180 -0.0894195
12190 -0.0396036
12200 0.0101856
12210 0.0599305
12220 0.109613
12230 0.159216
12240 0.208721
12250 0.25811
12260 0.307367
12270 0.356474
12280 0.405414
12290 0.454169
12300 0.502722
12310 0.551057
12320 0.599156
12330 0.647003
12340 0.694581
12350 0.741874
12360 0.788865
12370 0.835538
12380 0.881877
12390 0.927867
12400 0.973491
12410 1.01873
12420 1.06358
12430 1.10802
12440 1.15202
12450 1.19559
12460 1.2387
12470 1.28134
12480 1.3235
12490 1.36516
12500 1.4063
12510 1.44692
12520 1.487
12530 1.52652
12540 1.56548
12550 1.60386
12560 1.64165
12570 1.67884
12580 1.71541
12590 1.75136
12600 1.78667
12610 1.82132
12620 1.85532
12630 1.88865
12640 1.92129
12650 1.95324
12660 1.98449
12670 2.01502
12680 2.04484
12690 2.07392
12700 2.10227
12710 2.12986
12720 2.1567
12730 2.18278
12740 2.20808
12750 2.2326
12760 2.25634
12770 2.27928
12780 2.30143
12790 2.32276
12800 2.34328
12810 2.36298
12820 2.38186
12830 2.39991
12840 2.41713
12850 2.4335
12860 2.44904
12870 2.46372
12880 2.47756
12890 2.49054
12900 2.50267
12910 2.51393
12920 2.52433
12930 2.53387
12940 2.54254
12950 2.55034
12960 2.55727
12970 2.56333
12980 2.56852
12990 2.57284
13000 2.57629
13010 2.57886
13020 2.58057
13030 2.5814
13040 2.58137
13050 2.58046
13060 2.57869
13070 2.57606
13080 2.57256
13090 2.5682
13100 2.56299
13110 2.55692
13120 2.55001
13130 2.54224
13140 2.53363
13150 2.52419
13160 2.51391
13170 2.50279
13180 2.49086
13190 2.4781
13200 2.46453
13210 2.45016
13220 2.43497
13230 2.419
13240 2.40223
13250 2.38468
13260 2.36636
13270 2.34726
13280 2.32741
13290 2.3068
13300 2.28545
13310 2.26335
13320 2.24053
13330 2.21699
13340 2.19274
13350 2.16778
13360 2.14214
13370 2.1158
13380 2.0888
13390 2.06113
13400 2.0328
13410 2.00383
13420 1.97423
13430 1.944
13440 1.91316
13450 1.88172
13460 1.84969
13470 1.81709
13480 1.78391
13490 1.75018
13500 1.7159
13510 1.6811
13520 1.64577
13530 1.60993
13540 1.5736
13550 1.53679
13560 1.49951
13570 1.46177
13580 1.42358
13590 1.38497
13600 1.34593
13610 1.30649
13620 1.26666
13630 1.22645
13640 1.18587
13650 1.14495
13660 1.10368
13670 1.06209
13680 1.02019
13690 0.977996
13700 0.935518
13710 0.892771
13720 0.84977
13730 0.806529
13740 0.763062
13750 0.719382
13760 0.675505
13770 0.631445
13780 0.587215
13790 0.542831
13800 0.498306
13810 0.453656
13820 0.408893
13830 0.364033
13840 0.319091
13850 0.274079
13860 0.229013
13870 0.183908
13880 0.138776
13890 0.0936337
13900 0.0484939
13910 0.00337134
13920 -0.0417199
13930 -0.0867656
13940 -0.131752
13950 -0.176664
13960 -0.221489
13970 -0.266212
13980 -0.310819
13990 -0.355297
14000 -0.399632
14010 -0.44381
14020 -0.487818
14030 -0.531641
14040 -0.575268
14050 -0.618683
14060 -0.661875
14070 -0.704829
14080 -0.747533
14090 -0.789975
14100 -0.83214
14110 -0.874016
14120 -0.915591
14130 -0.956853
14140 -0.997788
14150 -1.03839
14160 -1.07863
14170 -1.11852
14180 -1.15803
14190 -1.19715
14200 -1.23588
14210 -1.27419
14220 -1.31209
14230 -1.34956
14240 -1.38658
14250 -1.42315
14260 -1.45926
14270 -1.49489
14280 -1.53004
14290 -1.5647
14300 -1.59885
14310 -1.63248
14320 -1.66559
14330 -1.69817
14340 -1.73021
14350 -1.7617
14360 -1.79262
14370 -1.82298
14380 -1.85276
14390 -1.88195
14400 -1.91055
14410 -1.93855
14420 -1.96593
14430 -1.99271
14440 -2.01885
14450 -2.04437
14460 -2.06925
14470 -2.09348
14480 -2.11706
14490 -2.13999
14500 -2.16225
14510 -2.18384
14520 -2.20476
14530 -2.225
14540 -2.24455
14550 -2.26341
14560 -2.28158
14570 -2.29905
14580 -2.31581
14590 -2.33186
14600 -2.34721
14610 -2.36183
14620 -2.37574
14630 -2.38893
14640 -2.40139
14650 -2.41313
14660 -2.42413
14670 -2.4344
14680 -2.44394
14690 -2.45274
14700 -2.4608
14710 -2.46812
14720 -2.4747
14730 -2.48054
14740 -2.48564
14750 -2.48999
14760 -2.49361
14770 -2.49647
14780 -2.4986
14790 -2.49998
14800 -2.50062
14810 -2.50052
14820 -2.49968
14830 -2.4981
14840 -2.49578
14850 -2.49272
14860 -2.48894
14870 -2.48442
14880 -2.47917
14890 -2.47319
14900 -2.46649
14910 -2.45907
14920 -2.45093
14930 -2.44207
14940 -2.4325
14950 -2.42223
14960 -2.41125
14970 -2.39957
14980 -2.3872
14990 -2.37414
15000 -2.36039
15010 -2.34596
15020 -2.33085
15030 -2.31508
15040 -2.29864
15050 -2.28154
15060 -2.26378
15070 -2.24538
15080 -2.22634
15090 -2.20667
15100 -2.18636
15110 -2.16543
15120 -2.14389
15130 -2.12174
15140 -2.099
15150 -2.07565
15160 -2.05173
15170 -2.02722
15180 -2.00215
15190 -1.97651
15200 -1.95032
15210 -1.92358
15220 -1.89631
15230 -1.86851
15240 -1.84019
15250 -1.81136
15260 -1.78202
15270 -1.7522
15280 -1.72189
15290 -1.6911
15300 -1.65985
15310 -1.62815
15320 -1.596
15330 -1.56341
15340 -1.5304
15350 -1.49697
15360 -1.46314
15370 -1.42891
15380 -1.39429
15390 -1.3593
15400 -1.32395
15410 -1.28824
15420 -1.25219
15430 -1.2158
15440 -1.1791
15450 -1.14208
15460 -1.10476
15470 -1.06715
15480 -1.02927
15490 -0.991117
15500 -0.952708
15510 -0.914055
15520 -0.875168
15530 -0.836059
15540 -0.796739
15550 -0.75722
15560 -0.717512
15570 -0.677628
15580 -0.637579
15590 -0.597375
15600 -0.55703
15610 -0.516554
15620 -0.475958
15630 -0.435255
15640 -0.394456
15650 -0.353572
15660 -0.312616
15670 -0.271598
15680 -0.23053
15690 -0.189424
15700 -0.148291
15710 -0.107143
15720 -0.0659911
15730 -0.0248471
15740 0.0162778
15750 0.0573719
15760 0.0984241
15770 0.139423
15780 0.180357
15790 0.221215
15800 0.261985
15810 0.302657
15820 0.34322
15830 0.383661
15840 0.423971
15850 0.464138
15860 0.504151
15870 0.544
15880 0.583673
15890 0.62316
15900 0.662451
15910 0.701534
15920 0.740398
15930 0.779035
15940 0.817433
15950 0.855582
15960 0.893472
15970 0.931092
15980 0.968434
15990 1.00549
16000 1.04224
16010 1.07868
16020 1.11481
16030 1.15061
16040 1.18607
16050 1.22119
16060 1.25595
16070 1.29034
16080 1.32436
16090 1.358
16100 1.39125
16110 1.4241
16120 1.45654
16130 1.48857
16140 1.52017
16150 1.55133
16160 1.58206
16170 1.61234
16180 1.64216
16190 1.67152
16200 1.70041
16210 1.72882
16220 1.75674
16230 1.78418
16240 1.81111
16250 1.83754
16260 1.86346
16270 1.88885
16280 1.91373
16290 1.93807
16300 1.96187
16310 1.98514
16320 2.00785
16330 2.03001
16340 2.05162
16350 2.07266
16360 2.09313
16370 2.11302
16380 2.13234
16390 2.15108
16400 2.16923
16410 2.18679
16420 2.20375
16430 2.22011
16440 2.23587
16450 2.25103
16460 2.26558
16470 2.27951
16480 2.29283
16490 2.30553
16500 2.31761
16510 2.32906
16520 2.3399
16530 2.3501
16540 2.35967
16550 2.36861
16560 2.37692
16570 2.3846
16580 2.39164
16590 2.39804
16600 2.4038
16610 2.40893
16620 2.41342
16630 2.41726
16640 2.42047
16650 2.42304
16660 2.42497
16670 2.42626
16680 2.42691
16690 2.42692
16700 2.42629
16710 2.42503
16720 2.42313
16730 2.4206
16740 2.41743
16750 2.41363
16760 2.40921
16770 2.40415
16780 2.39847
16790 2.39217
16800 2.38524
16810 2.3777
16820 2.36954
16830 2.36077
16840 2.35138
16850 2.3414
16860 2.3308
16870 2.31961
16880 2.30782
16890 2.29544
16900 2.28247
16910 2.26892
16920 2.25478
16930 2.24007
16940 2.22479
16950 2.20894
16960 2.19253
16970 2.17556
16980 2.15804
16990 2.13997
17000 2.12137
17010 2.10222
17020 2.08254
17030 2.06234
17040 2.04162
17050 2.02039
17060 1.99865
17070 1.9764
17080 1.95367
17090 1.93044
17100 1.90674
17110 1.88255
17120 1.8579
17130 1.83279
17140 1.80723
17150 1.78121
17160 1.75476
17170 1.72787
17180 1.70056
17190 1.67283
17200 1.64469
17210 1.61614
17220 1.5872
17230 1.55788
17240 1.52817
17250 1.49809
17260 1.46765
17270 1.43685
17280 1.40571
17290 1.37423
17300 1.34242
17310 1.31028
17320 1.27783
17330 1.24508
17340 1.21203
17350 1.1787
17360 1.14508
17370 1.1112
17380 1.07705
17390 1.04265
17400 1.00801
17410 0.973135
17420 0.938034
17430 0.902718
17440 0.867194
17450 0.831473
17460 0.795564
17470 0.759475
17480 0.723216
17490 0.686797
17500 0.650226
17510 0.613513
17520 0.576667
17530 0.539698
17540 0.502616
17550 0.465428
17560 0.428146
17570 0.390778
17580 0.353333
17590 0.315822
17600 0.278253
17610 0.240637
17620 0.202981
17630 0.165297
17640 0.127593
17650 0.0898784
17660 0.0521629
17670 0.0144559
17680 -0.0232334
17690 -0.0608957
17700 -0.0985215
17710 -0.136102
17720 -0.173627
17730 -0.211088
17740 -0.248476
17750 -0.285781
17760 -0.322995
17770 -0.360108
17780 -0.397111
17790 -0.433996
17800 -0.470753
17810 -0.507373
17820 -0.543848
17830 -0.580168
17840 -0.616325
17850 -0.652311
17860 -0.688116
17870 -0.723732
17880 -0.759151
17890 -0.794364
17900 -0.829362
17910 -0.864137
17920 -0.898682
17930 -0.932987
17940 -0.967045
17950 -1.00085
17960 -1.03439
17970 -1.06766
17980 -1.10064
17990 -1.13335
18000 -1.16575
18010 -1.19786
18020 -1.22966
18030 -1.26114
18040 -1.29229
18050 -1.32312
18060 -1.3536
18070 -1.38374
18080 -1.41353
18090 -1.44296
18100 -1.47202
18110 -1.50071
18120 -1.52902
18130 -1.55694
18140 -1.58447
18150 -1.61161
18160 -1.63834
18170 -1.66466
18180 -1.69056
18190 -1.71604
18200 -1.74109
18210 -1.76571
18220 -1.7899
18230 -1.81363
18240 -1.83692
18250 -1.85976
18260 -1.88213
18270 -1.90404
18280 -1.92548
18290 -1.94645
18300 -1.96694
18310 -1.98694
18320 -2.00646
18330 -2.02549
18340 -2.04403
18350 -2.06206
18360 -2.07959
18370 -2.09662
18380 -2.11314
18390 -2.12914
18400 -2.14463
18410 -2.15959
18420 -2.17404
18430 -2.18796
18440 -2.20135
18450 -2.21421
18460 -2.22654
18470 -2.23833
18480 -2.24958
18490 -2.2603
18500 -2.27047
18510 -2.2801
18520 -2.28918
18530 -2.29772
18540 -2.3057
18550 -2.31314
18560 -2.32003
18570 -2.32636
18580 -2.33215
18590 -2.33738
18600 -2.34205
18610 -2.34617
18620 -2.34973
18630 -2.35274
18640 -2.3552
18650 -2.3571
18660 -2.35844
18670 -2.35923
18680 -2.35946
18690 -2.35914
18700 -2.35827
18710 -2.35684
18720 -2.35487
18730 -2.35234
18740 -2.34926
18750 -2.34563
18760 -2.34146
18770 -2.33674
18780 -2.33148
18790 -2.32568
18800 -2.31934
18810 -2.31246
18820 -2.30504
18830 -2.29709
18840 -2.28861
18850 -2.27961
18860 -2.27007
18870 -2.26002
18880 -2.24944
18890 -2.23835
18900 -2.22674
18910 -2.21463
18920 -2.202
18930 -2.18887
18940 -2.17525
18950 -2.16112
18960 -2.1465
18970 -2.1314
18980 -2.11581
18990 -2.09974
19000 -2.08319
19010 -2.06617
19020 -2.04868
19030 -2.03073
19040 -2.01232
19050 -1.99346
19060 -1.97415
19070 -1.95439
19080 -1.93419
19090 -1.91357
19100 -1.89251
19110 -1.87103
19120 -1.84913
19130 -1.82681
19140 -1.80409
19150 -1.78097
19160 -1.75746
19170 -1.73355
19180 -1.70926
19190 -1.68459
19200 -1.65955
19210 -1.63414
19220 -1.60838
19230 -1.58226
19240 -1.55579
19250 -1.52898
19260 -1.50184
19270 -1.47437
19280 -1.44657
19290 -1.41847
19300 -1.39005
19310 -1.36134
19320 -1.33233
19330 -1.30303
19340 -1.27345
19350 -1.2436
19360 -1.21348
19370 -1.18311
19380 -1.15248
19390 -1.1216
19400 -1.09049
19410 -1.05915
19420 -1.02758
19430 -0.995801
19440 -0.963811
19450 -0.931621
19460 -0.899236
19470 -0.866666
19480 -0.833917
19490 -0.800998
19500 -0.767915
19510 -0.734676
19520 -0.701289
19530 -0.667762
19540 -0.634102
19550 -0.600316
19560 -0.566414
19570 -0.532402
19580 -0.498288
19590 -0.464079
19600 -0.429784
19610 -0.395411
19620 -0.360967
19630 -0.326459
19640 -0.291896
19650 -0.257286
19660 -0.222636
19670 -0.187954
19680 -0.153247
19690 -0.118524
19700 -0.0837921
19710 -0.0490593
19720 -0.0143331
19730 0.0203786
19740 0.0550682
19750 0.089728
19760 0.12435
19770 0.158928
19780 0.193452
19790 0.227916
19800 0.262312
19810 0.296633
19820 0.330871
19830 0.365018
19840 0.399068
19850 0.433012
19860 0.466843
19870 0.500554
19880 0.534138
19890 0.567587
19900 0.600894
19910 0.634051
19920 0.667053
19930 0.699891
19940 0.732559
19950 0.765049
19960 0.797355
19970 0.829469
19980 0.861385
19990 0.893096
20000 0.924595
20010 0.955876
