10 -41.6773
20 -30.2848
30 -18.1355
40 -7.18455
50 2.03319
60 9.41281
70 15.0219
80 19.0045
90 21.5379
100 22.81
110 23.0082
120 22.3114
130 20.8875
140 18.8904
150 16.4595
160 13.7196
170 10.7811
180 7.74025
190 4.68024
200 1.67188
210 -1.22551
220 -3.96314
230 -6.50182
240 -8.81112
250 -10.8684
260 -12.6581
270 -14.1706
280 -15.4022
290 -16.3535
300 -17.0293
310 -17.4381
320 -17.5911
330 -17.502
340 -17.1863
350 -16.6613
360 -15.9452
370 -15.0571
380 -14.0165
390 -12.8433
400 -11.5571
410 -10.1776
420 -8.72366
430 -7.21393
440 -5.66617
450 -4.09733
460 -2.52347
470 -0.95965
480 0.580107
490 2.08287
500 3.53682
510 4.93125
520 6.25661
530 7.50444
540 8.66743
550 9.73931
560 10.7149
570 11.59
580 12.3615
590 13.0272
600 13.5856
610 14.0362
620 14.3795
630 14.6163
640 14.7484
650 14.7782
660 14.7085
670 14.5429
680 14.2852
690 13.9398
700 13.5114
710 13.005
720 12.4259
730 11.7796
740 11.0718
750 10.3083
760 9.49504
770 8.63796
780 7.74305
790 6.81627
800 5.86353
810 4.89069
820 3.90345
830 2.90743
840 1.90806
850 0.910618
860 -0.0798336
870 -1.05843
880 -2.02054
890 -2.96176
900 -3.87794
910 -4.76521
920 -5.61994
930 -6.43877
940 -7.21864
950 -7.95676
960 -8.65059
970 -9.29791
980 -9.89677
990 -10.4455
1000 -10.9426
1010 -11.387
1020 -11.7779
1030 -12.1145
1040 -12.3965
1050 -12.6238
1060 -12.7965
1070 -12.9148
1080 -12.9793
1090 -12.9908
1100 -12.9501
1110 -12.8584
1120 -12.7169
1130 -12.5271
1140 -12.2905
1150 -12.0089
1160 -11.6842
1170 -11.3182
1180 -10.9131
1190 -10.4711
1200 -9.99425
1210 -9.48502
1220 -8.94573
1230 -8.37882
1240 -7.78673
1250 -7.17197
1260 -6.53704
1270 -5.88446
1280 -5.21675
1290 -4.53643
1300 -3.846
1310 -3.14793
1320 -2.44467
1330 -1.73863
1340 -1.03216
1350 -0.327572
1360 0.372873
1370 1.06699
1380 1.75265
1390 2.42781
1400 3.0905
1410 3.73882
1420 4.37097
1430 4.98523
1440 5.57997
1450 6.15365
1460 6.70484
1470 7.2322
1480 7.73446
1490 8.2105
1500 8.65927
1510 9.07982
1520 9.4713
1530 9.83297
1540 10.1642
1550 10.4644
1560 10.7332
1570 10.9701
1580 11.175
1590 11.3477
1600 11.4881
1610 11.5962
1620 11.6722
1630 11.7162
1640 11.7284
1650 11.7094
1660 11.6594
1670 11.579
1680 11.4687
1690 11.3293
1700 11.1613
1710 10.9657
1720 10.7431
1730 10.4945
1740 10.2208
1750 9.92292
1760 9.60198
1770 9.259
1780 8.89506
1790 8.51131
1800 8.1089
1810 7.68901
1820 7.25284
1830 6.80164
1840 6.33664
1850 5.85909
1860 5.37026
1870 4.87142
1880 4.36385
1890 3.84881
1900 3.32758
1910 2.80142
1920 2.2716
1930 1.73935
1940 1.20591
1950 0.672496
1960 0.140298
1970 -0.389504
1980 -0.915759
1990 -1.43734
2000 -1.95314
2010 -2.4621
2020 -2.96318
2030 -3.45536
2040 -3.93767
2050 -4.40918
2060 -4.86899
2070 -5.31622
2080 -5.75006
2090 -6.16972
2100 -6.57446
2110 -6.96358
2120 -7.33642
2130 -7.69235
2140 -8.03082
2150 -8.35128
2160 -8.65326
2170 -8.93632
2180 -9.20004
2190 -9.44409
2200 -9.66816
2210 -9.87198
2220 -10.0553
2230 -10.218
2240 -10.3599
2250 -10.481
2260 -10.5811
2270 -10.6603
2280 -10.7186
2290 -10.756
2300 -10.7727
2310 -10.7689
2320 -10.7447
2330 -10.7003
2340 -10.636
2350 -10.552
2360 -10.4488
2370 -10.3266
2380 -10.1859
2390 -10.027
2400 -9.85043
2410 -9.65662
2420 -9.44607
2430 -9.21931
2440 -8.97687
2450 -8.71931
2460 -8.44722
2470 -8.16121
2480 -7.86189
2490 -7.54989
2500 -7.22587
2510 -6.89049
2520 -6.54443
2530 -6.18837
2540 -5.823
2550 -5.44904
2560 -5.06718
2570 -4.67815
2580 -4.28265
2590 -3.88142
2600 -3.47518
2610 -3.06464
2620 -2.65054
2630 -2.23358
2640 -1.81448
2650 -1.39396
2660 -0.972722
2670 -0.551463
2680 -0.130874
2690 0.288363
2700 0.705574
2710 1.1201
2720 1.53129
2730 1.9385
2740 2.34112
2750 2.73853
2760 3.13013
2770 3.51536
2780 3.89364
2790 4.26442
2800 4.62719
2810 4.98143
2820 5.32665
2830 5.66238
2840 5.98816
2850 6.30356
2860 6.60817
2870 6.9016
2880 7.18349
2890 7.45347
2900 7.71122
2910 7.95645
2920 8.18886
2930 8.4082
2940 8.61422
2950 8.80671
2960 8.98548
2970 9.15035
2980 9.30118
2990 9.43783
3000 9.5602
3010 9.66821
3020 9.7618
3030 9.84092
3040 9.90556
3050 9.95571
3060 9.99141
3070 10.0127
3080 10.0196
3090 10.0123
3100 9.99077
3110 9.95522
3120 9.90576
3130 9.84256
3140 9.76579
3150 9.67564
3160 9.57232
3170 9.45607
3180 9.32711
3190 9.18572
3200 9.03215
3210 8.86671
3220 8.68968
3230 8.50138
3240 8.30213
3250 8.09228
3260 7.87217
3270 7.64215
3280 7.4026
3290 7.15389
3300 6.89642
3310 6.63057
3320 6.35675
3330 6.07537
3340 5.78684
3350 5.49158
3360 5.19003
3370 4.8826
3380 4.56974
3390 4.25189
3400 3.92947
3410 3.60294
3420 3.27274
3430 2.93931
3440 2.6031
3450 2.26455
3460 1.9241
3470 1.5822
3480 1.23929
3490 0.895801
3500 0.552171
3510 0.20883
3520 -0.133794
3530 -0.47528
3540 -0.81521
3550 -1.15317
3560 -1.48876
3570 -1.82158
3580 -2.15123
3590 -2.47733
3600 -2.79949
3610 -3.11736
3620 -3.43057
3630 -3.73876
3640 -4.04159
3650 -4.33873
3660 -4.62984
3670 -4.91463
3680 -5.19277
3690 -5.46397
3700 -5.72795
3710 -5.98444
3720 -6.23318
3730 -6.4739
3740 -6.70638
3750 -6.93038
3760 -7.14569
3770 -7.3521
3780 -7.54942
3790 -7.73748
3800 -7.91609
3810 -8.08511
3820 -8.24439
3830 -8.39379
3840 -8.53321
3850 -8.66253
3860 -8.78166
3870 -8.89051
3880 -8.98902
3890 -9.07712
3900 -9.15478
3910 -9.22195
3920 -9.27862
3930 -9.32477
3940 -9.36042
3950 -9.38556
3960 -9.40023
3970 -9.40447
3980 -9.39832
3990 -9.38183
4000 -9.35509
4010 -9.31817
4020 -9.27116
4030 -9.21416
4040 -9.14729
4050 -9.07066
4060 -8.98441
4070 -8.88867
4080 -8.78361
4090 -8.66937
4100 -8.54612
4110 -8.41404
4120 -8.27331
4130 -8.12412
4140 -7.96668
4150 -7.80118
4160 -7.62785
4170 -7.4469
4180 -7.25856
4190 -7.06307
4200 -6.86065
4210 -6.65156
4220 -6.43604
4230 -6.21435
4240 -5.98674
4250 -5.75349
4260 -5.51485
4270 -5.2711
4280 -5.02252
4290 -4.76937
4300 -4.51194
4310 -4.25051
4320 -3.98536
4330 -3.71679
4340 -3.44507
4350 -3.1705
4360 -2.89337
4370 -2.61397
4380 -2.33258
4390 -2.0495
4400 -1.76503
4410 -1.47944
4420 -1.19302
4430 -0.906072
4440 -0.618874
4450 -0.331711
4460 -0.0448656
4470 0.241381
4480 0.526751
4490 0.81097
4500 1.09377
4510 1.37487
4520 1.65401
4530 1.93094
4540 2.20538
4550 2.4771
4560 2.74583
4570 3.01133
4580 3.27337
4590 3.5317
4600 3.7861
4610 4.03634
4620 4.2822
4630 4.52347
4640 4.75994
4650 4.9914
4660 5.21767
4670 5.43854
4680 5.65383
4690 5.86338
4700 6.067
4710 6.26453
4720 6.45581
4730 6.64069
4740 6.81904
4750 6.9907
4760 7.15555
4770 7.31347
4780 7.46434
4790 7.60805
4800 7.74451
4810 7.8736
4820 7.99526
4830 8.1094
4840 8.21594
4850 8.31483
4860 8.406
4870 8.4894
4880 8.56499
4890 8.63274
4900 8.69261
4910 8.74459
4920 8.78866
4930 8.82481
4940 8.85304
4950 8.87336
4960 8.88579
4970 8.89034
4980 8.88704
4990 8.87593
5000 8.85705
5010 8.83044
5020 8.79616
5030 8.75428
5040 8.70484
5050 8.64794
5060 8.58365
5070 8.51204
5080 8.43323
5090 8.34729
5100 8.25433
5110 8.15447
5120 8.04781
5130 7.93446
5140 7.81456
5150 7.68823
5160 7.5556
5170 7.41682
5180 7.27201
5190 7.12133
5200 6.96493
5210 6.80296
5220 6.63558
5230 6.46295
5240 6.28523
5250 6.10259
5260 5.91521
5270 5.72326
5280 5.52691
5290 5.32634
5300 5.12174
5310 4.91329
5320 4.70118
5330 4.4856
5340 4.26673
5350 4.04476
5360 3.8199
5370 3.59234
5380 3.36227
5390 3.12988
5400 2.89538
5410 2.65897
5420 2.42084
5430 2.18119
5440 1.94022
5450 1.69813
5460 1.45512
5470 1.21138
5480 0.96712
5490 0.722531
5500 0.477811
5510 0.233154
5520 -0.0112438
5530 -0.255191
5540 -0.498495
5550 -0.740966
5560 -0.982415
5570 -1.22266
5580 -1.4615
5590 -1.69878
5600 -1.93429
5610 -2.16788
5620 -2.39935
5630 -2.62854
5640 -2.85528
5650 -3.0794
5660 -3.30073
5670 -3.51911
5680 -3.73439
5690 -3.94642
5700 -4.15502
5710 -4.36007
5720 -4.56142
5730 -4.75891
5740 -4.95242
5750 -5.14182
5760 -5.32696
5770 -5.50774
5780 -5.68401
5790 -5.85567
5800 -6.0226
5810 -6.1847
5820 -6.34185
5830 -6.49395
5840 -6.64091
5850 -6.78264
5860 -6.91904
5870 -7.05003
5880 -7.17554
5890 -7.29549
5900 -7.4098
5910 -7.51842
5920 -7.62128
5930 -7.71832
5940 -7.80949
5950 -7.89475
5960 -7.97405
5970 -8.04735
5980 -8.11462
5990 -8.17583
6000 -8.23096
6010 -8.27999
6020 -8.32289
6030 -8.35966
6040 -8.3903
6050 -8.4148
6060 -8.43316
6070 -8.44539
6080 -8.4515
6090 -8.45151
6100 -8.44544
6110 -8.43331
6120 -8.41515
6130 -8.39099
6140 -8.36088
6150 -8.32484
6160 -8.28293
6170 -8.23519
6180 -8.18168
6190 -8.12246
6200 -8.05758
6210 -7.98711
6220 -7.91111
6230 -7.82966
6240 -7.74284
6250 -7.65071
6260 -7.55337
6270 -7.45089
6280 -7.34337
6290 -7.23089
6300 -7.11356
6310 -6.99146
6320 -6.8647
6330 -6.73337
6340 -6.5976
6350 -6.45747
6360 -6.31311
6370 -6.16463
6380 -6.01213
6390 -5.85575
6400 -5.69559
6410 -5.53178
6420 -5.36445
6430 -5.19371
6440 -5.0197
6450 -4.84254
6460 -4.66236
6470 -4.4793
6480 -4.29349
6490 -4.10506
6500 -3.91415
6510 -3.72089
6520 -3.52543
6530 -3.32789
6540 -3.12842
6550 -2.92716
6560 -2.72425
6570 -2.51983
6580 -2.31404
6590 -2.10701
6600 -1.8989
6610 -1.68985
6620 -1.47999
6630 -1.26947
6640 -1.05842
6650 -0.846995
6660 -0.635328
6670 -0.423561
6680 -0.211833
6690 -0.000282097
6700 0.210953
6710 0.421735
6720 0.631927
6730 0.841395
6740 1.05
6750 1.25762
6760 1.46411
6770 1.66935
6780 1.8732
6790 2.07555
6800 2.27625
6810 2.4752
6820 2.67225
6830 2.8673
6840 3.06023
6850 3.25091
6860 3.43924
6870 3.62509
6880 3.80836
6890 3.98894
6900 4.16672
6910 4.34159
6920 4.51345
6930 4.68221
6940 4.84777
6950 5.01002
6960 5.16888
6970 5.32426
6980 5.47607
6990 5.62422
7000 5.76863
7010 5.90922
7020 6.04592
7030 6.17864
7040 6.30733
7050 6.43191
7060 6.55231
7070 6.66847
7080 6.78033
7090 6.88784
7100 6.99094
7110 7.08958
7120 7.1837
7130 7.27328
7140 7.35825
7150 7.43859
7160 7.51426
7170 7.58522
7180 7.65144
7190 7.7129
7200 7.76958
7210 7.82144
7220 7.86848
7230 7.91068
7240 7.94802
7250 7.98049
7260 8.0081
7270 8.03083
7280 8.04869
7290 8.06168
7300 8.06981
7310 8.07308
7320 8.0715
7330 8.06509
7340 8.05387
7350 8.03785
7360 8.01706
7370 7.99152
7380 7.96126
7390 7.92632
7400 7.88672
7410 7.84251
7420 7.79371
7430 7.74038
7440 7.68255
7450 7.62027
7460 7.55359
7470 7.48256
7480 7.40724
7490 7.32768
7500 7.24393
7510 7.15606
7520 7.06413
7530 6.96821
7540 6.86836
7550 6.76464
7560 6.65714
7570 6.54592
7580 6.43105
7590 6.31262
7600 6.19069
7610 6.06536
7620 5.93669
7630 5.80478
7640 5.66971
7650 5.53156
7660 5.39043
7670 5.24639
7680 5.09954
7690 4.94997
7700 4.79777
7710 4.64304
7720 4.48587
7730 4.32636
7740 4.1646
7750 4.00069
7760 3.83473
7770 3.66681
7780 3.49704
7790 3.32552
7800 3.15235
7810 2.97763
7820 2.80146
7830 2.62395
7840 2.44519
7850 2.2653
7860 2.08437
7870 1.9025
7880 1.71981
7890 1.53639
7900 1.35235
7910 1.1678
7920 0.982826
7930 0.797545
7940 0.612056
7950 0.426463
7960 0.240868
7970 0.0553731
7980 -0.129919
7990 -0.314909
8000 -0.499494
8010 -0.683574
8020 -0.867051
8030 -1.04983
8040 -1.2318
8050 -1.41288
8060 -1.59296
8070 -1.77195
8080 -1.94976
8090 -2.12629
8100 -2.30145
8110 -2.47514
8120 -2.64729
8130 -2.8178
8140 -2.98657
8150 -3.15353
8160 -3.31859
8170 -3.48167
8180 -3.64267
8190 -3.80153
8200 -3.95816
8210 -4.11248
8220 -4.26442
8230 -4.4139
8240 -4.56085
8250 -4.70519
8260 -4.84686
8270 -4.98578
8280 -5.12189
8290 -5.25513
8300 -5.38543
8310 -5.51272
8320 -5.63696
8330 -5.75807
8340 -5.87601
8350 -5.99072
8360 -6.10215
8370 -6.21024
8380 -6.31495
8390 -6.41624
8400 -6.51405
8410 -6.60834
8420 -6.69908
8430 -6.78622
8440 -6.86973
8450 -6.94957
8460 -7.02571
8470 -7.09813
8480 -7.16678
8490 -7.23165
8500 -7.2927
8510 -7.34992
8520 -7.40329
8530 -7.45279
8540 -7.4984
8550 -7.54011
8560 -7.5779
8570 -7.61177
8580 -7.6417
8590 -7.66769
8600 -7.68975
8610 -7.70785
8620 -7.72201
8630 -7.73223
8640 -7.7385
8650 -7.74084
8660 -7.73926
8670 -7.73376
8680 -7.72436
8690 -7.71106
8700 -7.69389
8710 -7.67287
8720 -7.648
8730 -7.61932
8740 -7.58685
8750 -7.55061
8760 -7.51062
8770 -7.46693
8780 -7.41955
8790 -7.36851
8800 -7.31387
8810 -7.25564
8820 -7.19386
8830 -7.12858
8840 -7.05984
8850 -6.98767
8860 -6.91212
8870 -6.83324
8880 -6.75107
8890 -6.66565
8900 -6.57705
8910 -6.48531
8920 -6.39048
8930 -6.29261
8940 -6.19176
8950 -6.08799
8960 -5.98136
8970 -5.87191
8980 -5.75972
8990 -5.64484
9000 -5.52734
9010 -5.40727
9020 -5.28471
9030 -5.15971
9040 -5.03235
9050 -4.90269
9060 -4.77079
9070 -4.63674
9080 -4.50059
9090 -4.36241
9100 -4.22229
9110 -4.08028
9120 -3.93647
9130 -3.79092
9140 -3.64371
9150 -3.49491
9160 -3.3446
9170 -3.19286
9180 -3.03975
9190 -2.88536
9200 -2.72976
9210 -2.57303
9220 -2.41524
9230 -2.25647
9240 -2.09681
9250 -1.93632
9260 -1.77509
9270 -1.6132
9280 -1.45071
9290 -1.28772
9300 -1.12429
9310 -0.960506
9320 -0.796448
9330 -0.63219
9340 -0.467812
9350 -0.303389
9360 -0.139001
9370 0.0252778
9380 0.189369
9390 0.353197
9400 0.516686
9410 0.679759
9420 0.842343
9430 1.00436
9440 1.16574
9450 1.32641
9460 1.48629
9470 1.64532
9480 1.80342
9490 1.96051
9500 2.11654
9510 2.27142
9520 2.42509
9530 2.57749
9540 2.72854
9550 2.87817
9560 3.02633
9570 3.17295
9580 3.31796
9590 3.4613
9600 3.60291
9610 3.74272
9620 3.88069
9630 4.01674
9640 4.15082
9650 4.28287
9660 4.41284
9670 4.54068
9680 4.66632
9690 4.78972
9700 4.91083
9710 5.02959
9720 5.14596
9730 5.25988
9740 5.37132
9750 5.48023
9760 5.58656
9770 5.69028
9780 5.79133
9790 5.88969
9800 5.98531
9810 6.07815
9820 6.16818
9830 6.25536
9840 6.33967
9850 6.42107
9860 6.49952
9870 6.57501
9880 6.6475
9890 6.71696
9900 6.78338
9910 6.84673
9920 6.90698
9930 6.96412
9940 7.01813
9950 7.06899
9960 7.11668
9970 7.16119
9980 7.20251
9990 7.24062
10000 7.27552
10010 7.30719
10020 7.33563
10030 7.36084
10040 7.3828
10050 7.40151
10060 7.41698
10070 7.42919
10080 7.43817
10090 7.44389
10100 7.44638
10110 7.44563
10120 7.44166
10130 7.43446
10140 7.42405
10150 7.41045
10160 7.39365
10170 7.37369
10180 7.35056
10190 7.32429
10200 7.29489
10210 7.26239
10220 7.2268
10230 7.18815
10240 7.14645
10250 7.10173
10260 7.05402
10270 7.00334
10280 6.94972
10290 6.89319
10300 6.83378
10310 6.77152
10320 6.70643
10330 6.63856
10340 6.56794
10350 6.4946
10360 6.41858
10370 6.33992
10380 6.25866
10390 6.17482
10400 6.08847
10410 5.99963
10420 5.90834
10430 5.81466
10440 5.71863
10450 5.62028
10460 5.51967
10470 5.41685
10480 5.31185
10490 5.20473
10500 5.09554
10510 4.98433
10520 4.87114
10530 4.75603
10540 4.63904
10550 4.52024
10560 4.39967
10570 4.27739
10580 4.15346
10590 4.02791
10600 3.90082
10610 3.77223
10620 3.64221
10630 3.51081
10640 3.37808
10650 3.24408
10660 3.10888
10670 2.97252
10680 2.83507
10690 2.69658
10700 2.55711
10710 2.41673
10720 2.27549
10730 2.13346
10740 1.99068
10750 1.84722
10760 1.70314
10770 1.55851
10780 1.41337
10790 1.26779
10800 1.12183
10810 0.975552
10820 0.829012
10830 0.682272
10840 0.535392
10850 0.38843
10860 0.241447
10870 0.094501
10880 -0.0523476
10890 -0.19904
10900 -0.345518
10910 -0.491722
10920 -0.637595
10930 -0.783079
10940 -0.928115
10950 -1.07265
10960 -1.21662
10970 -1.35997
10980 -1.50265
10990 -1.6446
11000 -1.78576
11010 -1.92608
11020 -2.06551
11030 -2.20399
11040 -2.34147
11050 -2.47789
11060 -2.61321
11070 -2.74737
11080 -2.88032
11090 -3.01201
11100 -3.14239
11110 -3.27141
11120 -3.39903
11130 -3.52519
11140 -3.64985
11150 -3.77296
11160 -3.89447
11170 -4.01435
11180 -4.13254
11190 -4.24901
11200 -4.36371
11210 -4.4766
11220 -4.58763
11230 -4.69678
11240 -4.80399
11250 -4.90924
11260 -5.01248
11270 -5.11367
11280 -5.21279
11290 -5.30979
11300 -5.40464
11310 -5.49731
11320 -5.58777
11330 -5.67598
11340 -5.76193
11350 -5.84556
11360 -5.92687
11370 -6.00581
11380 -6.08237
11390 -6.15652
11400 -6.22824
11410 -6.2975
11420 -6.36427
11430 -6.42855
11440 -6.4903
11450 -6.54951
11460 -6.60616
11470 -6.66023
11480 -6.71171
11490 -6.76058
11500 -6.80683
11510 -6.85045
11520 -6.89142
11530 -6.92972
11540 -6.96536
11550 -6.99833
11560 -7.02861
11570 -7.05619
11580 -7.08108
11590 -7.10326
11600 -7.12274
11610 -7.13951
11620 -7.15357
11630 -7.16492
11640 -7.17355
11650 -7.17948
11660 -7.1827
11670 -7.18322
11680 -7.18103
11690 -7.17616
11700 -7.16859
11710 -7.15835
11720 -7.14543
11730 -7.12985
11740 -7.11162
11750 -7.09075
11760 -7.06725
11770 -7.04114
11780 -7.01243
11790 -6.98113
11800 -6.94726
11810 -6.91083
11820 -6.87187
11830 -6.8304
11840 -6.78643
11850 -6.73998
11860 -6.69108
11870 -6.63975
11880 -6.58601
11890 -6.52988
11900 -6.47139
11910 -6.41056
11920 -6.34743
11930 -6.28201
11940 -6.21434
11950 -6.14445
11960 -6.07236
11970 -5.9981
11980 -5.92171
11990 -5.84321
12000 -5.76264
12010 -5.68004
12020 -5.59543
12030 -5.50885
12040 -5.42033
12050 -5.32991
12060 -5.23763
12070 -5.14352
12080 -5.04762
12090 -4.94997
12100 -4.8506
12110 -4.74956
12120 -4.64688
12130 -4.5426
12140 -4.43677
12150 -4.32942
12160 -4.2206
12170 -4.11034
12180 -3.9987
12190 -3.88571
12200 -3.77141
12210 -3.65585
12220 -3.53907
12230 -3.42112
12240 -3.30204
12250 -3.18187
12260 -3.06067
12270 -2.93846
12280 -2.81531
12290 -2.69125
12300 -2.56633
12310 -2.4406
12320 -2.3141
12330 -2.18688
12340 -2.05898
12350 -1.93046
12360 -1.80136
12370 -1.67172
12380 -1.54159
12390 -1.41102
12400 -1.28006
12410 -1.14875
12420 -1.01714
12430 -0.885282
12440 -0.753213
12450 -0.620986
12460 -0.488646
12470 -0.35624
12480 -0.223815
12490 -0.0914176
12500 0.040906
12510 0.17311
12520 0.305147
12530 0.436972
12540 0.568538
12550 0.699802
12560 0.830716
12570 0.961235
12580 1.09132
12590 1.22091
12600 1.34998
12610 1.47848
12620 1.60636
12630 1.73358
12640 1.8601
12650 1.98587
12660 2.11086
12670 2.23502
12680 2.3583
12690 2.48067
12700 2.60209
12710 2.72251
12720 2.84191
12730 2.96022
12740 3.07743
12750 3.19348
12760 3.30834
12770 3.42198
12780 3.53435
12790 3.64543
12800 3.75516
12810 3.86353
12820 3.97049
12830 4.076
12840 4.18004
12850 4.28257
12860 4.38356
12870 4.48298
12880 4.5808
12890 4.67697
12900 4.77149
12910 4.8643
12920 4.9554
12930 5.04474
12940 5.1323
12950 5.21805
12960 5.30197
12970 5.38404
12980 5.46422
12990 5.54249
13000 5.61883
13010 5.69322
13020 5.76563
13030 5.83604
13040 5.90444
13050 5.97079
13060 6.03509
13070 6.09732
13080 6.15745
13090 6.21547
13100 6.27137
13110 6.32512
13120 6.37672
13130 6.42615
13140 6.47339
13150 6.51844
13160 6.56128
13170 6.6019
13180 6.64029
13190 6.67644
13200 6.71035
13210 6.742
13220 6.77139
13230 6.79851
13240 6.82336
13250 6.84593
13260 6.86622
13270 6.88422
13280 6.89993
13290 6.91335
13300 6.92449
13310 6.93333
13320 6.93988
13330 6.94414
13340 6.94611
13350 6.9458
13360 6.9432
13370 6.93833
13380 6.93119
13390 6.92178
13400 6.91012
13410 6.8962
13420 6.88003
13430 6.86163
13440 6.841
13450 6.81816
13460 6.79311
13470 6.76587
13480 6.73644
13490 6.70484
13500 6.67109
13510 6.6352
13520 6.59718
13530 6.55705
13540 6.51482
13550 6.47051
13560 6.42415
13570 6.37574
13580 6.3253
13590 6.27286
13600 6.21844
13610 6.16204
13620 6.10371
13630 6.04345
13640 5.9813
13650 5.91726
13660 5.85138
13670 5.78366
13680 5.71413
13690 5.64283
13700 5.56977
13710 5.49498
13720 5.41849
13730 5.34032
13740 5.2605
13750 5.17907
13760 5.09604
13770 5.01144
13780 4.92532
13790 4.83768
13800 4.74858
13810 4.65802
13820 4.56606
13830 4.47271
13840 4.37801
13850 4.282
13860 4.18469
13870 4.08614
13880 3.98636
13890 3.88539
13900 3.78327
13910 3.68004
13920 3.57571
13930 3.47033
13940 3.36394
13950 3.25657
13960 3.14824
13970 3.03901
13980 2.9289
13990 2.81795
14000 2.7062
14010 2.59368
14020 2.48043
14030 2.36648
14040 2.25188
14050 2.13665
14060 2.02084
14070 1.90448
14080 1.78761
14090 1.67026
14100 1.55248
14110 1.4343
14120 1.31576
14130 1.19689
14140 1.07774
14150 0.958333
14160 0.838716
14170 0.718924
14180 0.598994
14190 0.478963
14200 0.358869
14210 0.238748
14220 0.118638
14230 -0.00142369
14240 -0.121401
14250 -0.241256
14260 -0.360954
14270 -0.480456
14280 -0.599727
14290 -0.71873
14300 -0.83743
14310 -0.955789
14320 -1.07377
14330 -1.19135
14340 -1.30847
14350 -1.42512
14360 -1.54125
14370 -1.65682
14380 -1.77181
14390 -1.88618
14400 -1.9999
14410 -2.11293
14420 -2.22523
14430 -2.33679
14440 -2.44755
14450 -2.5575
14460 -2.66659
14470 -2.7748
14480 -2.88209
14490 -2.98844
14500 -3.09381
14510 -3.19817
14520 -3.30149
14530 -3.40374
14540 -3.5049
14550 -3.60493
14560 -3.7038
14570 -3.80149
14580 -3.89797
14590 -3.99321
14600 -4.08719
14610 -4.17987
14620 -4.27124
14630 -4.36126
14640 -4.44992
14650 -4.53718
14660 -4.62302
14670 -4.70742
14680 -4.79036
14690 -4.87181
14700 -4.95175
14710 -5.03016
14720 -5.10701
14730 -5.1823
14740 -5.25598
14750 -5.32806
14760 -5.3985
14770 -5.46729
14780 -5.53441
14790 -5.59984
14800 -5.66357
14810 -5.72558
14820 -5.78585
14830 -5.84437
14840 -5.90112
14850 -5.95609
14860 -6.00926
14870 -6.06063
14880 -6.11017
14890 -6.15788
14900 -6.20374
14910 -6.24775
14920 -6.28988
14930 -6.33015
14940 -6.36852
14950 -6.405
14960 -6.43958
14970 -6.47225
14980 -6.503
14990 -6.53183
15000 -6.55872
15010 -6.58368
15020 -6.6067
15030 -6.62778
15040 -6.64691
15050 -6.66409
15060 -6.67931
15070 -6.69258
15080 -6.7039
15090 -6.71325
15100 -6.72065
15110 -6.7261
15120 -6.72958
15130 -6.73112
15140 -6.7307
15150 -6.72833
15160 -6.72402
15170 -6.71776
15180 -6.70957
15190 -6.69945
15200 -6.68739
15210 -6.67342
15220 -6.65753
15230 -6.63973
15240 -6.62004
15250 -6.59845
15260 -6.57498
15270 -6.54963
15280 -6.52242
15290 -6.49336
15300 -6.46245
15310 -6.42971
15320 -6.39515
15330 -6.35878
15340 -6.32062
15350 -6.28067
15360 -6.23896
15370 -6.19549
15380 -6.15029
15390 -6.10336
15400 -6.05472
15410 -6.00439
15420 -5.95238
15430 -5.89871
15440 -5.84341
15450 -5.78648
15460 -5.72794
15470 -5.66781
15480 -5.60612
15490 -5.54288
15500 -5.47812
15510 -5.41184
15520 -5.34408
15530 -5.27485
15540 -5.20417
15550 -5.13207
15560 -5.05857
15570 -4.9837
15580 -4.90747
15590 -4.8299
15600 -4.75103
15610 -4.67087
15620 -4.58945
15630 -4.50679
15640 -4.42293
15650 -4.33787
15660 -4.25166
15670 -4.16431
15680 -4.07585
15690 -3.9863
15700 -3.8957
15710 -3.80407
15720 -3.71144
15730 -3.61783
15740 -3.52327
15750 -3.42779
15760 -3.33141
15770 -3.23417
15780 -3.13609
15790 -3.0372
15800 -2.93753
15810 -2.83711
15820 -2.73597
15830 -2.63413
15840 -2.53163
15850 -2.42849
15860 -2.32474
15870 -2.22041
15880 -2.11554
15890 -2.01015
15900 -1.90427
15910 -1.79793
15920 -1.69117
15930 -1.584
15940 -1.47647
15950 -1.3686
15960 -1.26042
15970 -1.15196
15980 -1.04325
15990 -0.93432
16000 -0.825206
16010 -0.715933
16020 -0.606533
16030 -0.497034
16040 -0.387468
16050 -0.277865
16060 -0.168253
16070 -0.0586645
16080 0.0508723
16090 0.160327
16100 0.26967
16110 0.378872
16120 0.487903
16130 0.596733
16140 0.705334
16150 0.813676
16160 0.92173
16170 1.02947
16180 1.13686
16190 1.24388
16200 1.35049
16210 1.45667
16220 1.56239
16230 1.66763
16240 1.77235
16250 1.87653
16260 1.98013
16270 2.08314
16280 2.18553
16290 2.28726
16300 2.38831
16310 2.48866
16320 2.58828
16330 2.68714
16340 2.78522
16350 2.8825
16360 2.97894
16370 3.07452
16380 3.16922
16390 3.26302
16400 3.35588
16410 3.44779
16420 3.53873
16430 3.62866
16440 3.71757
16450 3.80543
16460 3.89223
16470 3.97794
16480 4.06253
16490 4.14599
16500 4.2283
16510 4.30944
16520 4.38938
16530 4.46811
16540 4.54561
16550 4.62185
16560 4.69683
16570 4.77051
16580 4.84289
16590 4.91394
16600 4.98365
16610 5.052
16620 5.11898
16630 5.18457
16640 5.24875
16650 5.31151
16660 5.37283
16670 5.4327
16680 5.49111
16690 5.54804
16700 5.60347
16710 5.6574
16720 5.70982
16730 5.7607
16740 5.81005
16750 5.85784
16760 5.90407
16770 5.94873
16780 5.99181
16790 6.03329
16800 6.07318
16810 6.11145
16820 6.14811
16830 6.18315
16840 6.21655
16850 6.24831
16860 6.27843
16870 6.3069
16880 6.33371
16890 6.35886
16900 6.38234
16910 6.40416
16920 6.4243
16930 6.44276
16940 6.45955
16950 6.47465
16960 6.48807
16970 6.4998
16980 6.50985
16990 6.51821
17000 6.52488
17010 6.52986
17020 6.53316
17030 6.53477
17040 6.5347
17050 6.53295
17060 6.52952
17070 6.52441
17080 6.51763
17090 6.50918
17100 6.49906
17110 6.48729
17120 6.47386
17130 6.45877
17140 6.44205
17150 6.42368
17160 6.40368
17170 6.38206
17180 6.35882
17190 6.33397
17200 6.30752
17210 6.27948
17220 6.24985
17230 6.21865
17240 6.18588
17250 6.15156
17260 6.1157
17270 6.0783
17280 6.03938
17290 5.99895
17300 5.95703
17310 5.91361
17320 5.86873
17330 5.82238
17340 5.77459
17350 5.72536
17360 5.67472
17370 5.62267
17380 5.56923
17390 5.51442
17400 5.45825
17410 5.40073
17420 5.34189
17430 5.28174
17440 5.22029
17450 5.15756
17460 5.09358
17470 5.02835
17480 4.9619
17490 4.89424
17500 4.82539
17510 4.75537
17520 4.6842
17530 4.6119
17540 4.53849
17550 4.46398
17560 4.3884
17570 4.31177
17580 4.23411
17590 4.15543
17600 4.07576
17610 3.99513
17620 3.91354
17630 3.83102
17640 3.7476
17650 3.6633
17660 3.57813
17670 3.49212
17680 3.4053
17690 3.31768
17700 3.22928
17710 3.14014
17720 3.05026
17730 2.95969
17740 2.86843
17750 2.77652
17760 2.68397
17770 2.59081
17780 2.49706
17790 2.40275
17800 2.30791
17810 2.21254
17820 2.11669
17830 2.02036
17840 1.9236
17850 1.82641
17860 1.72884
17870 1.63089
17880 1.53259
17890 1.43398
17900 1.33507
17910 1.23589
17920 1.13646
17930 1.0368
17940 0.936954
17950 0.83693
17960 0.736757
17970 0.636461
17980 0.536064
17990 0.435593
18000 0.335072
18010 0.234524
18020 0.133976
18030 0.0334501
18040 -0.0670278
18050 -0.167434
18060 -0.267743
18070 -0.367932
18080 -0.467977
18090 -0.567852
18100 -0.667535
18110 -0.767001
18120 -0.866226
18130 -0.965187
18140 -1.06386
18150 -1.16222
18160 -1.26025
18170 -1.35792
18180 -1.4552
18190 -1.55208
18200 -1.64854
18210 -1.74454
18220 -1.84007
18230 -1.93511
18240 -2.02963
18250 -2.12361
18260 -2.21703
18270 -2.30986
18280 -2.40209
18290 -2.49369
18300 -2.58464
18310 -2.67493
18320 -2.76452
18330 -2.85341
18340 -2.94156
18350 -3.02896
18360 -3.11559
18370 -3.20143
18380 -3.28646
18390 -3.37065
18400 -3.454
18410 -3.53648
18420 -3.61807
18430 -3.69876
18440 -3.77852
18450 -3.85734
18460 -3.9352
18470 -4.01209
18480 -4.08798
18490 -4.16286
18500 -4.23671
18510 -4.30952
18520 -4.38126
18530 -4.45193
18540 -4.52151
18550 -4.58998
18560 -4.65733
18570 -4.72355
18580 -4.78861
18590 -4.8525
18600 -4.91522
18610 -4.97675
18620 -5.03707
18630 -5.09617
18640 -5.15404
18650 -5.21066
18660 -5.26603
18670 -5.32013
18680 -5.37296
18690 -5.42449
18700 -5.47473
18710 -5.52365
18720 -5.57125
18730 -5.61753
18740 -5.66246
18750 -5.70604
18760 -5.74827
18770 -5.78913
18780 -5.82861
18790 -5.86671
18800 -5.90343
18810 -5.93875
18820 -5.97266
18830 -6.00516
18840 -6.03625
18850 -6.06592
18860 -6.09416
18870 -6.12096
18880 -6.14633
18890 -6.17026
18900 -6.19275
18910 -6.21379
18920 -6.23337
18930 -6.2515
18940 -6.26817
18950 -6.28338
18960 -6.29713
18970 -6.30941
18980 -6.32023
18990 -6.32959
19000 -6.33747
19010 -6.34389
19020 -6.34885
19030 -6.35233
19040 -6.35436
19050 -6.35491
19060 -6.35401
19070 -6.35164
19080 -6.34781
19090 -6.34253
19100 -6.33579
19110 -6.3276
19120 -6.31796
19130 -6.30688
19140 -6.29436
19150 -6.2804
19160 -6.26501
19170 -6.2482
19180 -6.22997
19190 -6.21032
19200 -6.18926
19210 -6.1668
19220 -6.14294
19230 -6.11769
19240 -6.09107
19250 -6.06306
19260 -6.03369
19270 -6.00296
19280 -5.97089
19290 -5.93747
19300 -5.90271
19310 -5.86664
19320 -5.82925
19330 -5.79056
19340 -5.75057
19350 -5.7093
19360 -5.66676
19370 -5.62295
19380 -5.5779
19390 -5.53161
19400 -5.48409
19410 -5.43535
19420 -5.38541
19430 -5.33428
19440 -5.28198
19450 -5.2285
19460 -5.17388
19470 -5.11812
19480 -5.06124
19490 -5.00324
19500 -4.94415
19510 -4.88398
19520 -4.82274
19530 -4.76045
19540 -4.69712
19550 -4.63277
19560 -4.56741
19570 -4.50106
19580 -4.43374
19590 -4.36546
19600 -4.29624
19610 -4.22609
19620 -4.15503
19630 -4.08308
19640 -4.01025
19650 -3.93657
19660 -3.86204
19670 -3.78669
19680 -3.71053
19690 -3.63359
19700 -3.55588
19710 -3.47741
19720 -3.39821
19730 -3.3183
19740 -3.23768
19750 -3.15639
19760 -3.07444
19770 -2.99185
19780 -2.90864
19790 -2.82482
19800 -2.74042
19810 -2.65546
19820 -2.56995
19830 -2.48391
19840 -2.39737
19850 -2.31035
19860 -2.22285
19870 -2.13491
19880 -2.04654
19890 -1.95777
19900 -1.86861
19910 -1.77908
19920 -1.68921
19930 -1.599
19940 -1.5085
19950 -1.4177
19960 -1.32664
19970 -1.23533
19980 -1.1438
19990 -1.05206
20000 -0.96014
20010 -0.868053
