10 30.4276
20 25.2488
30 17.7113
40 10.1077
50 3.20846
60 -2.69223
70 -7.50344
80 -11.2343
90 -13.9465
100 -15.7292
110 -16.6851
120 -16.9214
130 -16.545
140 -15.6588
150 -14.3601
160 -12.7388
170 -10.8771
180 -8.84915
190 -6.72099
200 -4.55077
210 -2.38904
220 -0.279113
230 1.74248
240 3.64552
250 5.40562
260 7.0037
270 8.42556
280 9.66131
290 10.705
300 11.5541
310 12.2093
320 12.6736
330 12.9525
340 13.0536
350 12.9857
360 12.7593
370 12.3858
380 11.8773
390 11.2468
400 10.5072
410 9.6722
420 8.75504
430 7.76909
440 6.72747
450 5.64294
460 4.52785
470 3.39403
480 2.25273
490 1.11459
500 -0.0104389
510 -1.1131
520 -2.18486
530 -3.21796
540 -4.20536
550 -5.14079
560 -6.01875
570 -6.83443
580 -7.58379
590 -8.26348
600 -8.87082
610 -9.40381
620 -9.86105
630 -10.2418
640 -10.5458
650 -10.7733
660 -10.9252
670 -11.0028
680 -11.0077
690 -10.9421
700 -10.8083
710 -10.6092
720 -10.3478
730 -10.0274
740 -9.65151
750 -9.22383
760 -8.74823
770 -8.22868
780 -7.66927
790 -7.07412
800 -6.44743
810 -5.79339
820 -5.11619
830 -4.42
840 -3.70893
850 -2.98702
860 -2.25823
870 -1.52641
880 -0.795306
890 -0.0685194
900 0.650483
910 1.35839
920 2.05204
930 2.72847
940 3.38486
950 4.01859
960 4.62723
970 5.20853
980 5.76043
990 6.28108
1000 6.76881
1010 7.22213
1020 7.63978
1030 8.02067
1040 8.36387
1050 8.66869
1060 8.93457
1070 9.16116
1080 9.34826
1090 9.49584
1100 9.60403
1110 9.67312
1120 9.70353
1130 9.69584
1140 9.65075
1150 9.56907
1160 9.45176
1170 9.29988
1180 9.11456
1190 8.89707
1200 8.64874
1210 8.37099
1220 8.0653
1230 7.73323
1240 7.37638
1250 6.99641
1260 6.59501
1270 6.17392
1280 5.73488
1290 5.27969
1300 4.81013
1310 4.328
1320 3.8351
1330 3.33322
1340 2.82415
1350 2.30965
1360 1.79147
1370 1.27134
1380 0.750925
1390 0.231894
1400 -0.284146
1410 -0.795625
1420 -1.30102
1430 -1.79887
1440 -2.28775
1450 -2.7663
1460 -3.23322
1470 -3.68728
1480 -4.12729
1490 -4.55214
1500 -4.9608
1510 -5.35228
1520 -5.72569
1530 -6.08017
1540 -6.41497
1550 -6.72939
1560 -7.02281
1570 -7.29466
1580 -7.54448
1590 -7.77184
1600 -7.9764
1610 -8.15788
1620 -8.31608
1630 -8.45087
1640 -8.56215
1650 -8.64993
1660 -8.71425
1670 -8.75523
1680 -8.77303
1690 -8.76789
1700 -8.74009
1710 -8.68997
1720 -8.61791
1730 -8.52435
1740 -8.40979
1750 -8.27474
1760 -8.11977
1770 -7.94551
1780 -7.75259
1790 -7.5417
1800 -7.31356
1810 -7.06891
1820 -6.80852
1830 -6.53319
1840 -6.24374
1850 -5.94103
1860 -5.62589
1870 -5.29921
1880 -4.96188
1890 -4.61478
1900 -4.25884
1910 -3.89496
1920 -3.52406
1930 -3.14706
1940 -2.76487
1950 -2.37841
1960 -1.98859
1970 -1.59631
1980 -1.20247
1990 -0.807966
2000 -0.413659
2010 -0.0204128
2020 0.370926
2030 0.759529
2040 1.14458
2050 1.5253
2060 1.90091
2070 2.27066
2080 2.63383
2090 2.98972
2100 3.33765
2110 3.67697
2120 4.00706
2130 4.32733
2140 4.6372
2150 4.93615
2160 5.22366
2170 5.49926
2180 5.76251
2190 6.01298
2200 6.25029
2210 6.47409
2220 6.68406
2230 6.87991
2240 7.06138
2250 7.22825
2260 7.38031
2270 7.51741
2280 7.63941
2290 7.74622
2300 7.83775
2310 7.91397
2320 7.97486
2330 8.02045
2340 8.05078
2350 8.06591
2360 8.06596
2370 8.05105
2380 8.02133
2390 7.97698
2400 7.91821
2410 7.84524
2420 7.75832
2430 7.65773
2440 7.54376
2450 7.41671
2460 7.27694
2470 7.12478
2480 6.96061
2490 6.78481
2500 6.59779
2510 6.39996
2520 6.19175
2530 5.97362
2540 5.746
2550 5.50938
2560 5.26423
2570 5.01103
2580 4.75027
2590 4.48247
2600 4.20812
2610 3.92773
2620 3.64183
2630 3.35094
2640 3.05557
2650 2.75624
2660 2.4535
2670 2.14785
2680 1.83982
2690 1.52993
2700 1.2187
2710 0.906646
2720 0.594277
2730 0.282097
2740 -0.0293939
2750 -0.339703
2760 -0.648345
2770 -0.954842
2780 -1.25873
2790 -1.55954
2800 -1.85682
2810 -2.15014
2820 -2.43907
2830 -2.72319
2840 -3.0021
2850 -3.27539
2860 -3.5427
2870 -3.80365
2880 -4.05788
2890 -4.30507
2900 -4.54488
2910 -4.777
2920 -5.00114
2930 -5.21701
2940 -5.42434
2950 -5.6229
2960 -5.81243
2970 -5.99273
2980 -6.16359
2990 -6.32481
3000 -6.47624
3010 -6.6177
3020 -6.74907
3030 -6.87022
3040 -6.98104
3050 -7.08144
3060 -7.17134
3070 -7.25069
3080 -7.31943
3090 -7.37755
3100 -7.42502
3110 -7.46184
3120 -7.48805
3130 -7.50365
3140 -7.50871
3150 -7.50328
3160 -7.48744
3170 -7.46127
3180 -7.42487
3190 -7.37836
3200 -7.32187
3210 -7.25553
3220 -7.1795
3230 -7.09394
3240 -6.99902
3250 -6.89494
3260 -6.78188
3270 -6.66006
3280 -6.52969
3290 -6.391
3300 -6.24422
3310 -6.0896
3320 -5.92738
3330 -5.75784
3340 -5.58123
3350 -5.39783
3360 -5.20792
3370 -5.01178
3380 -4.80971
3390 -4.602
3400 -4.38897
3410 -4.1709
3420 -3.94811
3430 -3.72092
3440 -3.48964
3450 -3.25458
3460 -3.01608
3470 -2.77444
3480 -2.53
3490 -2.28307
3500 -2.03399
3510 -1.78307
3520 -1.53063
3530 -1.27702
3540 -1.02253
3550 -0.767494
3560 -0.51223
3570 -0.257052
3580 -0.00227254
3590 0.251799
3600 0.504857
3610 0.756599
3620 1.00673
3630 1.25494
3640 1.50097
3650 1.74451
3660 1.98529
3670 2.22303
3680 2.45748
3690 2.68837
3700 2.91544
3710 3.13844
3720 3.35714
3730 3.5713
3740 3.78069
3750 3.98509
3760 4.18429
3770 4.37809
3780 4.56629
3790 4.7487
3800 4.92514
3810 5.09544
3820 5.25943
3830 5.41697
3840 5.56789
3850 5.71208
3860 5.84938
3870 5.9797
3880 6.10291
3890 6.21891
3900 6.32761
3910 6.42892
3920 6.52277
3930 6.6091
3940 6.68783
3950 6.75893
3960 6.82236
3970 6.87807
3980 6.92606
3990 6.9663
4000 6.99879
4010 7.02354
4020 7.04055
4030 7.04985
4040 7.05145
4050 7.04541
4060 7.03176
4070 7.01056
4080 6.98186
4090 6.94574
4100 6.90226
4110 6.85152
4120 6.79359
4130 6.72858
4140 6.65659
4150 6.57773
4160 6.49211
4170 6.39987
4180 6.30112
4190 6.196
4200 6.08465
4210 5.96722
4220 5.84386
4230 5.71472
4240 5.57997
4250 5.43977
4260 5.2943
4270 5.14371
4280 4.98821
4290 4.82796
4300 4.66315
4310 4.49397
4320 4.32062
4330 4.14328
4340 3.96217
4350 3.77746
4360 3.58938
4370 3.39812
4380 3.2039
4390 3.00691
4400 2.80736
4410 2.60548
4420 2.40146
4430 2.19553
4440 1.98788
4450 1.77874
4460 1.56832
4470 1.35684
4480 1.14449
4490 0.931496
4500 0.718068
4510 0.504415
4520 0.290745
4530 0.0772652
4540 -0.135819
4550 -0.348302
4560 -0.559984
4570 -0.770664
4580 -0.980145
4590 -1.18823
4600 -1.39473
4610 -1.59945
4620 -1.80221
4630 -2.00282
4640 -2.2011
4650 -2.39688
4660 -2.58998
4670 -2.78023
4680 -2.96746
4690 -3.15151
4700 -3.33223
4710 -3.50946
4720 -3.68304
4730 -3.85284
4740 -4.01872
4750 -4.18052
4760 -4.33814
4770 -4.49142
4780 -4.64026
4790 -4.78454
4800 -4.92413
4810 -5.05894
4820 -5.18887
4830 -5.3138
4840 -5.43366
4850 -5.54835
4860 -5.65779
4870 -5.7619
4880 -5.86062
4890 -5.95387
4900 -6.04159
4910 -6.12374
4920 -6.20025
4930 -6.27108
4940 -6.3362
4950 -6.39556
4960 -6.44915
4970 -6.49692
4980 -6.53888
4990 -6.57499
5000 -6.60526
5010 -6.62968
5020 -6.64825
5030 -6.66098
5040 -6.66788
5050 -6.66897
5060 -6.66427
5070 -6.65381
5080 -6.63762
5090 -6.61574
5100 -6.5882
5110 -6.55505
5120 -6.51635
5130 -6.47215
5140 -6.4225
5150 -6.36748
5160 -6.30714
5170 -6.24157
5180 -6.17083
5190 -6.095
5200 -6.01418
5210 -5.92844
5220 -5.83788
5230 -5.74259
5240 -5.64268
5250 -5.53823
5260 -5.42936
5270 -5.31617
5280 -5.19878
5290 -5.0773
5300 -4.95183
5310 -4.82251
5320 -4.68946
5330 -4.55279
5340 -4.41263
5350 -4.26911
5360 -4.12237
5370 -3.97253
5380 -3.81972
5390 -3.66409
5400 -3.50576
5410 -3.34489
5420 -3.1816
5430 -3.01604
5440 -2.84835
5450 -2.67867
5460 -2.50715
5470 -2.33394
5480 -2.15916
5490 -1.98298
5500 -1.80554
5510 -1.62698
5520 -1.44746
5530 -1.2671
5540 -1.08607
5550 -0.904509
5560 -0.722558
5570 -0.540364
5580 -0.358072
5590 -0.175825
5600 0.00623365
5610 0.187963
5620 0.369222
5630 0.54987
5640 0.72977
5650 0.908785
5660 1.08678
5670 1.26361
5680 1.43916
5690 1.61329
5700 1.78587
5710 1.95678
5720 2.12588
5730 2.29306
5740 2.4582
5750 2.62117
5760 2.78186
5770 2.94015
5780 3.09594
5790 3.24911
5800 3.39956
5810 3.54717
5820 3.69186
5830 3.83352
5840 3.97206
5850 4.10738
5860 4.23939
5870 4.368
5880 4.49313
5890 4.6147
5900 4.73263
5910 4.84685
5920 4.95728
5930 5.06385
5940 5.1665
5950 5.26517
5960 5.35979
5970 5.45031
5980 5.53668
5990 5.61884
6000 5.69676
6010 5.77039
6020 5.83969
6030 5.90462
6040 5.96515
6050 6.02125
6060 6.07289
6070 6.12006
6080 6.16274
6090 6.2009
6100 6.23453
6110 6.26363
6120 6.28819
6130 6.30821
6140 6.32368
6150 6.33462
6160 6.34102
6170 6.3429
6180 6.34027
6190 6.33315
6200 6.32155
6210 6.30551
6220 6.28504
6230 6.26017
6240 6.23094
6250 6.19739
6260 6.15953
6270 6.11743
6280 6.07112
6290 6.02064
6300 5.96605
6310 5.90739
6320 5.84473
6330 5.77811
6340 5.70759
6350 5.63324
6360 5.55512
6370 5.47329
6380 5.38782
6390 5.29879
6400 5.20626
6410 5.11031
6420 5.01102
6430 4.90846
6440 4.80271
6450 4.69386
6460 4.58198
6470 4.46717
6480 4.34952
6490 4.2291
6500 4.10601
6510 3.98034
6520 3.85218
6530 3.72163
6540 3.58879
6550 3.45374
6560 3.31658
6570 3.17742
6580 3.03635
6590 2.89347
6600 2.74888
6610 2.60269
6620 2.45499
6630 2.30589
6640 2.15549
6650 2.0039
6660 1.85121
6670 1.69753
6680 1.54296
6690 1.38762
6700 1.23159
6710 1.075
6720 0.917932
6730 0.760502
6740 0.602811
6750 0.444961
6760 0.287056
6770 0.129198
6780 -0.0285107
6790 -0.185968
6800 -0.343074
6810 -0.499728
6820 -0.65583
6830 -0.811282
6840 -0.965986
6850 -1.11985
6860 -1.27276
6870 -1.42465
6880 -1.5754
6890 -1.72493
6900 -1.87314
6910 -2.01995
6920 -2.16527
6930 -2.309
6940 -2.45107
6950 -2.59139
6960 -2.72987
6970 -2.86643
6980 -3.00099
6990 -3.13347
7000 -3.26381
7010 -3.39191
7020 -3.5177
7030 -3.64113
7040 -3.7621
7050 -3.88056
7060 -3.99645
7070 -4.10968
7080 -4.22021
7090 -4.32797
7100 -4.4329
7110 -4.53495
7120 -4.63405
7130 -4.73017
7140 -4.82324
7150 -4.91322
7160 -5.00007
7170 -5.08373
7180 -5.16417
7190 -5.24134
7200 -5.31521
7210 -5.38574
7220 -5.4529
7230 -5.51665
7240 -5.57697
7250 -5.63384
7260 -5.68722
7270 -5.73709
7280 -5.78343
7290 -5.82623
7300 -5.86546
7310 -5.90112
7320 -5.93319
7330 -5.96167
7340 -5.98654
7350 -6.0078
7360 -6.02545
7370 -6.03949
7380 -6.04991
7390 -6.05673
7400 -6.05995
7410 -6.05957
7420 -6.05561
7430 -6.04807
7440 -6.03698
7450 -6.02235
7460 -6.00419
7470 -5.98253
7480 -5.95738
7490 -5.92878
7500 -5.89675
7510 -5.86131
7520 -5.8225
7530 -5.78035
7540 -5.73489
7550 -5.68615
7560 -5.63418
7570 -5.57901
7580 -5.52068
7590 -5.45923
7600 -5.39472
7610 -5.32717
7620 -5.25665
7630 -5.1832
7640 -5.10686
7650 -5.02769
7660 -4.94575
7670 -4.86108
7680 -4.77374
7690 -4.6838
7700 -4.5913
7710 -4.4963
7720 -4.39887
7730 -4.29907
7740 -4.19697
7750 -4.09261
7760 -3.98608
7770 -3.87743
7780 -3.76674
7790 -3.65406
7800 -3.53947
7810 -3.42304
7820 -3.30484
7830 -3.18493
7840 -3.0634
7850 -2.94031
7860 -2.81573
7870 -2.68974
7880 -2.56241
7890 -2.43382
7900 -2.30404
7910 -2.17315
7920 -2.04121
7930 -1.90831
7940 -1.77453
7950 -1.63993
7960 -1.5046
7970 -1.36861
7980 -1.23204
7990 -1.09496
8000 -0.957452
8010 -0.819591
8020 -0.681454
8030 -0.543117
8040 -0.404655
8050 -0.266145
8060 -0.127662
8070 0.0107194
8080 0.148923
8090 0.286875
8100 0.424501
8110 0.561728
8120 0.698482
8130 0.83469
8140 0.970281
8150 1.10518
8160 1.23933
8170 1.37264
8180 1.50505
8190 1.63649
8200 1.7669
8210 1.89621
8220 2.02434
8230 2.15124
8240 2.27684
8250 2.40107
8260 2.52388
8270 2.6452
8280 2.76497
8290 2.88314
8300 2.99963
8310 3.11441
8320 3.2274
8330 3.33855
8340 3.44781
8350 3.55514
8360 3.66046
8370 3.76374
8380 3.86493
8390 3.96397
8400 4.06083
8410 4.15544
8420 4.24779
8430 4.33781
8440 4.42546
8450 4.51072
8460 4.59353
8470 4.67387
8480 4.75169
8490 4.82696
8500 4.89966
8510 4.96974
8520 5.03717
8530 5.10194
8540 5.16401
8550 5.22335
8560 5.27995
8570 5.33378
8580 5.38481
8590 5.43304
8600 5.47844
8610 5.52099
8620 5.56068
8630 5.59749
8640 5.63142
8650 5.66246
8660 5.69059
8670 5.7158
8680 5.7381
8690 5.75747
8700 5.77391
8710 5.78743
8720 5.79802
8730 5.80568
8740 5.81041
8750 5.81223
8760 5.81113
8770 5.80713
8780 5.80023
8790 5.79044
8800 5.77777
8810 5.76224
8820 5.74386
8830 5.72264
8840 5.69861
8850 5.67177
8860 5.64216
8870 5.60979
8880 5.57469
8890 5.53687
8900 5.49636
8910 5.45319
8920 5.40739
8930 5.35898
8940 5.308
8950 5.25446
8960 5.19842
8970 5.13989
8980 5.07892
8990 5.01553
9000 4.94977
9010 4.88167
9020 4.81127
9030 4.73861
9040 4.66373
9050 4.58667
9060 4.50748
9070 4.42619
9080 4.34285
9090 4.25751
9100 4.1702
9110 4.08099
9120 3.9899
9130 3.897
9140 3.80233
9150 3.70594
9160 3.60788
9170 3.5082
9180 3.40695
9190 3.30418
9200 3.19995
9210 3.09431
9220 2.98731
9230 2.879
9240 2.76945
9250 2.65869
9260 2.5468
9270 2.43383
9280 2.31982
9290 2.20484
9300 2.08895
9310 1.97219
9320 1.85463
9330 1.73632
9340 1.61733
9350 1.4977
9360 1.3775
9370 1.25678
9380 1.13561
9390 1.01403
9400 0.892104
9410 0.769894
9420 0.647456
9430 0.524846
9440 0.402123
9450 0.279342
9460 0.156562
9470 0.0338383
9480 -0.088771
9490 -0.21121
9500 -0.333423
9510 -0.455353
9520 -0.576945
9530 -0.698143
9540 -0.818894
9550 -0.939141
9560 -1.05883
9570 -1.17791
9580 -1.29633
9590 -1.41403
9600 -1.53096
9610 -1.64707
9620 -1.7623
9630 -1.87662
9640 -1.98996
9650 -2.10228
9660 -2.21352
9670 -2.32365
9680 -2.43261
9690 -2.54036
9700 -2.64684
9710 -2.75202
9720 -2.85585
9730 -2.95828
9740 -3.05928
9750 -3.15879
9760 -3.25678
9770 -3.35321
9780 -3.44804
9790 -3.54122
9800 -3.63272
9810 -3.7225
9820 -3.81053
9830 -3.89677
9840 -3.98118
9850 -4.06373
9860 -4.14439
9870 -4.22313
9880 -4.29991
9890 -4.3747
9900 -4.44748
9910 -4.51821
9920 -4.58688
9930 -4.65345
9940 -4.7179
9950 -4.7802
9960 -4.84033
9970 -4.89827
9980 -4.954
9990 -5.0075
10000 -5.05874
10010 -5.10772
10020 -5.15441
10030 -5.1988
10040 -5.24087
10050 -5.28062
10060 -5.31801
10070 -5.35306
10080 -5.38574
10090 -5.41604
10100 -5.44396
10110 -5.46949
10120 -5.49262
10130 -5.51335
10140 -5.53167
10150 -5.54759
10160 -5.56109
10170 -5.57218
10180 -5.58085
10190 -5.58711
10200 -5.59097
10210 -5.59241
10220 -5.59146
10230 -5.5881
10240 -5.58236
10250 -5.57422
10260 -5.56372
10270 -5.55084
10280 -5.53561
10290 -5.51803
10300 -5.49812
10310 -5.47589
10320 -5.45135
10330 -5.42452
10340 -5.39541
10350 -5.36404
10360 -5.33043
10370 -5.2946
10380 -5.25656
10390 -5.21634
10400 -5.17395
10410 -5.12943
10420 -5.08279
10430 -5.03405
10440 -4.98325
10450 -4.9304
10460 -4.87553
10470 -4.81867
10480 -4.75985
10490 -4.69909
10500 -4.63643
10510 -4.57189
10520 -4.5055
10530 -4.4373
10540 -4.36732
10550 -4.29558
10560 -4.22213
10570 -4.147
10580 -4.07022
10590 -3.99182
10600 -3.91184
10610 -3.83032
10620 -3.7473
10630 -3.6628
10640 -3.57688
10650 -3.48956
10660 -3.40089
10670 -3.3109
10680 -3.21963
10690 -3.12713
10700 -3.03344
10710 -2.93858
10720 -2.84262
10730 -2.74558
10740 -2.6475
10750 -2.54844
10760 -2.44843
10770 -2.34752
10780 -2.24575
10790 -2.14315
10800 -2.03978
10810 -1.93568
10820 -1.83089
10830 -1.72545
10840 -1.61941
10850 -1.51282
10860 -1.40571
10870 -1.29813
10880 -1.19013
10890 -1.08175
10900 -0.97303
10910 -0.86402
10920 -0.754763
10930 -0.645303
10940 -0.535684
10950 -0.42595
10960 -0.316146
10970 -0.206316
10980 -0.0965028
10990 0.0132485
11000 0.122895
11010 0.232392
11020 0.341698
11030 0.450769
11040 0.559561
11050 0.668033
11060 0.776141
11070 0.883845
11080 0.991101
11090 1.09787
11100 1.2041
11110 1.30977
11120 1.41482
11130 1.51922
11140 1.62293
11150 1.72591
11160 1.82812
11170 1.92951
11180 2.03006
11190 2.12972
11200 2.22846
11210 2.32624
11220 2.42302
11230 2.51877
11240 2.61345
11250 2.70702
11260 2.79946
11270 2.89073
11280 2.98079
11290 3.06961
11300 3.15716
11310 3.24341
11320 3.32832
11330 3.41187
11340 3.49403
11350 3.57476
11360 3.65404
11370 3.73184
11380 3.80814
11390 3.8829
11400 3.9561
11410 4.02771
11420 4.09771
11430 4.16608
11440 4.23279
11450 4.29782
11460 4.36115
11470 4.42275
11480 4.48261
11490 4.5407
11500 4.59701
11510 4.65152
11520 4.70421
11530 4.75507
11540 4.80407
11550 4.85121
11560 4.89646
11570 4.93981
11580 4.98126
11590 5.02078
11600 5.05837
11610 5.09402
11620 5.12771
11630 5.15944
11640 5.1892
11650 5.21697
11660 5.24276
11670 5.26655
11680 5.28835
11690 5.30814
11700 5.32593
11710 5.3417
11720 5.35546
11730 5.3672
11740 5.37693
11750 5.38464
11760 5.39033
11770 5.39402
11780 5.39568
11790 5.39534
11800 5.39299
11810 5.38864
11820 5.3823
11830 5.37396
11840 5.36364
11850 5.35134
11860 5.33707
11870 5.32084
11880 5.30265
11890 5.28253
11900 5.26047
11910 5.2365
11920 5.21061
11930 5.18284
11940 5.15318
11950 5.12165
11960 5.08827
11970 5.05305
11980 5.01601
11990 4.97717
12000 4.93654
12010 4.89413
12020 4.84998
12030 4.8041
12040 4.7565
12050 4.70721
12060 4.65624
12070 4.60363
12080 4.54939
12090 4.49354
12100 4.4361
12110 4.37711
12120 4.31658
12130 4.25454
12140 4.19102
12150 4.12603
12160 4.0596
12170 3.99177
12180 3.92255
12190 3.85198
12200 3.78008
12210 3.70689
12220 3.63242
12230 3.5567
12240 3.47978
12250 3.40167
12260 3.32241
12270 3.24202
12280 3.16054
12290 3.078
12300 2.99443
12310 2.90985
12320 2.82431
12330 2.73784
12340 2.65046
12350 2.56221
12360 2.47312
12370 2.38323
12380 2.29256
12390 2.20116
12400 2.10905
12410 2.01626
12420 1.92284
12430 1.82882
12440 1.73423
12450 1.6391
12460 1.54347
12470 1.44738
12480 1.35085
12490 1.25393
12500 1.15664
12510 1.05903
12520 0.961118
12530 0.862951
12540 0.764561
12550 0.665983
12560 0.567249
12570 0.468397
12580 0.36946
12590 0.270472
12600 0.171469
12610 0.072485
12620 -0.0264459
12630 -0.125289
12640 -0.224011
12650 -0.322577
12660 -0.420953
12670 -0.519106
12680 -0.617001
12690 -0.714606
12700 -0.811888
12710 -0.908812
12720 -1.00535
12730 -1.10146
12740 -1.19712
12750 -1.29229
12760 -1.38694
12770 -1.48104
12780 -1.57456
12790 -1.66746
12800 -1.75972
12810 -1.85131
12820 -1.94219
12830 -2.03233
12840 -2.12171
12850 -2.2103
12860 -2.29806
12870 -2.38498
12880 -2.47101
12890 -2.55613
12900 -2.64032
12910 -2.72355
12920 -2.80578
12930 -2.887
12940 -2.96718
12950 -3.04629
12960 -3.12431
12970 -3.20121
12980 -3.27697
12990 -3.35156
13000 -3.42497
13010 -3.49716
13020 -3.56812
13030 -3.63783
13040 -3.70625
13050 -3.77338
13060 -3.83919
13070 -3.90366
13080 -3.96677
13090 -4.0285
13100 -4.08883
13110 -4.14775
13120 -4.20524
13130 -4.26128
13140 -4.31585
13150 -4.36894
13160 -4.42054
13170 -4.47062
13180 -4.51918
13190 -4.56619
13200 -4.61165
13210 -4.65555
13220 -4.69787
13230 -4.73859
13240 -4.77772
13250 -4.81523
13260 -4.85112
13270 -4.88539
13280 -4.91801
13290 -4.94898
13300 -4.97829
13310 -5.00595
13320 -5.03193
13330 -5.05624
13340 -5.07886
13350 -5.0998
13360 -5.11905
13370 -5.1366
13380 -5.15246
13390 -5.16661
13400 -5.17907
13410 -5.18982
13420 -5.19886
13430 -5.2062
13440 -5.21183
13450 -5.21576
13460 -5.21799
13470 -5.21851
13480 -5.21734
13490 -5.21446
13500 -5.2099
13510 -5.20365
13520 -5.19571
13530 -5.18609
13540 -5.1748
13550 -5.16185
13560 -5.14723
13570 -5.13095
13580 -5.11304
13590 -5.09348
13600 -5.0723
13610 -5.04949
13620 -5.02508
13630 -4.99906
13640 -4.97146
13650 -4.94227
13660 -4.91153
13670 -4.87922
13680 -4.84538
13690 -4.81001
13700 -4.77312
13710 -4.73473
13720 -4.69486
13730 -4.65351
13740 -4.61071
13750 -4.56647
13760 -4.5208
13770 -4.47373
13780 -4.42527
13790 -4.37543
13800 -4.32424
13810 -4.27171
13820 -4.21786
13830 -4.16272
13840 -4.10629
13850 -4.0486
13860 -3.98967
13870 -3.92953
13880 -3.86818
13890 -3.80566
13900 -3.74198
13910 -3.67716
13920 -3.61124
13930 -3.54422
13940 -3.47614
13950 -3.40701
13960 -3.33686
13970 -3.26571
13980 -3.19358
13990 -3.12051
14000 -3.04651
14010 -2.97161
14020 -2.89583
14030 -2.81921
14040 -2.74175
14050 -2.66349
14060 -2.58446
14070 -2.50468
14080 -2.42418
14090 -2.34297
14100 -2.2611
14110 -2.17858
14120 -2.09544
14130 -2.01171
14140 -1.92741
14150 -1.84258
14160 -1.75723
14170 -1.67141
14180 -1.58512
14190 -1.49841
14200 -1.41129
14210 -1.3238
14220 -1.23596
14230 -1.1478
14240 -1.05935
14250 -0.97064
14260 -0.881691
14270 -0.792532
14280 -0.703193
14290 -0.6137
14300 -0.524081
14310 -0.434364
14320 -0.344577
14330 -0.254747
14340 -0.164902
14350 -0.0750691
14360 0.0147243
14370 0.104451
14380 0.194083
14390 0.283593
14400 0.372955
14410 0.462142
14420 0.551126
14430 0.63988
14440 0.728379
14450 0.816595
14460 0.904503
14470 0.992075
14480 1.07929
14490 1.16611
14500 1.25252
14510 1.33849
14520 1.424
14530 1.50902
14540 1.59353
14550 1.6775
14560 1.7609
14570 1.84372
14580 1.92593
14590 2.0075
14600 2.08841
14610 2.16863
14620 2.24816
14630 2.32695
14640 2.40499
14650 2.48226
14660 2.55873
14670 2.63439
14680 2.7092
14690 2.78316
14700 2.85623
14710 2.92841
14720 2.99966
14730 3.06997
14740 3.13932
14750 3.20768
14760 3.27505
14770 3.3414
14780 3.40671
14790 3.47097
14800 3.53415
14810 3.59624
14820 3.65723
14830 3.71709
14840 3.77582
14850 3.83339
14860 3.88979
14870 3.945
14880 3.99901
14890 4.05181
14900 4.10338
14910 4.15371
14920 4.20278
14930 4.25058
14940 4.2971
14950 4.34233
14960 4.38626
14970 4.42887
14980 4.47016
14990 4.51011
15000 4.54871
15010 4.58596
15020 4.62184
15030 4.65635
15040 4.68948
15050 4.72122
15060 4.75157
15070 4.78051
15080 4.80804
15090 4.83415
15100 4.85884
15110 4.8821
15120 4.90393
15130 4.92433
15140 4.94328
15150 4.96079
15160 4.97685
15170 4.99147
15180 5.00463
15190 5.01633
15200 5.02658
15210 5.03537
15220 5.04271
15230 5.04859
15240 5.05301
15250 5.05597
15260 5.05748
15270 5.05753
15280 5.05613
15290 5.05328
15300 5.04898
15310 5.04324
15320 5.03606
15330 5.02744
15340 5.01739
15350 5.00591
15360 4.99301
15370 4.97869
15380 4.96296
15390 4.94583
15400 4.9273
15410 4.90738
15420 4.88607
15430 4.86339
15440 4.83934
15450 4.81393
15460 4.78717
15470 4.75907
15480 4.72964
15490 4.69889
15500 4.66683
15510 4.63347
15520 4.59882
15530 4.56289
15540 4.5257
15550 4.48726
15560 4.44757
15570 4.40666
15580 4.36453
15590 4.3212
15600 4.27668
15610 4.23099
15620 4.18414
15630 4.13615
15640 4.08702
15650 4.03678
15660 3.98545
15670 3.93303
15680 3.87954
15690 3.825
15700 3.76942
15710 3.71283
15720 3.65524
15730 3.59667
15740 3.53713
15750 3.47664
15760 3.41522
15770 3.3529
15780 3.28968
15790 3.22558
15800 3.16063
15810 3.09484
15820 3.02824
15830 2.96084
15840 2.89266
15850 2.82373
15860 2.75405
15870 2.68366
15880 2.61257
15890 2.54081
15900 2.46839
15910 2.39533
15920 2.32166
15930 2.2474
15940 2.17256
15950 2.09717
15960 2.02126
15970 1.94484
15980 1.86793
15990 1.79055
16000 1.71273
16010 1.6345
16020 1.55586
16030 1.47685
16040 1.39748
16050 1.31778
16060 1.23777
16070 1.15747
16080 1.0769
16090 0.996092
16100 0.915062
16110 0.833833
16120 0.752428
16130 0.670868
16140 0.589176
16150 0.507375
16160 0.425487
16170 0.343534
16180 0.261538
16190 0.179523
16200 0.097509
16210 0.0155195
16220 -0.0664236
16230 -0.148298
16240 -0.230082
16250 -0.311754
16260 -0.393291
16270 -0.474673
16280 -0.555876
16290 -0.636879
16300 -0.717662
16310 -0.798202
16320 -0.878478
16330 -0.958468
16340 -1.03815
16350 -1.11751
16360 -1.19652
16370 -1.27516
16380 -1.35341
16390 -1.43125
16400 -1.50866
16410 -1.58562
16420 -1.6621
16430 -1.7381
16440 -1.81359
16450 -1.88855
16460 -1.96296
16470 -2.0368
16480 -2.11005
16490 -2.1827
16500 -2.25472
16510 -2.3261
16520 -2.39682
16530 -2.46687
16540 -2.53621
16550 -2.60484
16560 -2.67274
16570 -2.73989
16580 -2.80627
16590 -2.87187
16600 -2.93667
16610 -3.00066
16620 -3.06382
16630 -3.12613
16640 -3.18758
16650 -3.24815
16660 -3.30783
16670 -3.3666
16680 -3.42446
16690 -3.48137
16700 -3.53734
16710 -3.59235
16720 -3.64638
16730 -3.69942
16740 -3.75146
16750 -3.80249
16760 -3.85249
16770 -3.90146
16780 -3.94937
16790 -3.99622
16800 -4.042
16810 -4.0867
16820 -4.13031
16830 -4.17281
16840 -4.21421
16850 -4.25448
16860 -4.29361
16870 -4.33161
16880 -4.36846
16890 -4.40416
16900 -4.43868
16910 -4.47204
16920 -4.50422
16930 -4.53521
16940 -4.56501
16950 -4.59361
16960 -4.621
16970 -4.64718
16980 -4.67215
16990 -4.69589
17000 -4.71841
17010 -4.7397
17020 -4.75975
17030 -4.77857
17040 -4.79614
17050 -4.81247
17060 -4.82755
17070 -4.84139
17080 -4.85397
17090 -4.86529
17100 -4.87537
17110 -4.88418
17120 -4.89174
17130 -4.89804
17140 -4.90309
17150 -4.90687
17160 -4.9094
17170 -4.91068
17180 -4.9107
17190 -4.90946
17200 -4.90697
17210 -4.90324
17220 -4.89825
17230 -4.89203
17240 -4.88456
17250 -4.87585
17260 -4.86591
17270 -4.85474
17280 -4.84234
17290 -4.82872
17300 -4.81388
17310 -4.79783
17320 -4.78058
17330 -4.76212
17340 -4.74247
17350 -4.72163
17360 -4.69961
17370 -4.67642
17380 -4.65206
17390 -4.62654
17400 -4.59987
17410 -4.57205
17420 -4.5431
17430 -4.51302
17440 -4.48182
17450 -4.44951
17460 -4.41611
17470 -4.38161
17480 -4.34604
17490 -4.30939
17500 -4.27168
17510 -4.23293
17520 -4.19314
17530 -4.15232
17540 -4.11048
17550 -4.06764
17560 -4.02381
17570 -3.979
17580 -3.93322
17590 -3.88649
17600 -3.83881
17610 -3.79021
17620 -3.74069
17630 -3.69026
17640 -3.63895
17650 -3.58676
17660 -3.53371
17670 -3.47981
17680 -3.42508
17690 -3.36953
17700 -3.31318
17710 -3.25604
17720 -3.19812
17730 -3.13944
17740 -3.08002
17750 -3.01988
17760 -2.95902
17770 -2.89746
17780 -2.83523
17790 -2.77233
17800 -2.70878
17810 -2.6446
17820 -2.5798
17830 -2.51441
17840 -2.44844
17850 -2.3819
17860 -2.31481
17870 -2.24719
17880 -2.17906
17890 -2.11043
17900 -2.04132
17910 -1.97175
17920 -1.90174
17930 -1.8313
17940 -1.76045
17950 -1.68921
17960 -1.6176
17970 -1.54563
17980 -1.47333
17990 -1.4007
18000 -1.32778
18010 -1.25457
18020 -1.1811
18030 -1.10738
18040 -1.03343
18050 -0.959276
18060 -0.884927
18070 -0.810403
18080 -0.735725
18090 -0.660909
18100 -0.585974
18110 -0.510939
18120 -0.435821
18130 -0.360639
18140 -0.285412
18150 -0.210157
18160 -0.134893
18170 -0.0596371
18180 0.0155913
18190 0.0907747
18200 0.165895
18210 0.240934
18220 0.315873
18230 0.390696
18240 0.465383
18250 0.539918
18260 0.614282
18270 0.688458
18280 0.762428
18290 0.836175
18300 0.909681
18310 0.982928
18320 1.0559
18330 1.12858
18340 1.20095
18350 1.27299
18360 1.34469
18370 1.41603
18380 1.487
18390 1.55757
18400 1.62773
18410 1.69746
18420 1.76675
18430 1.83558
18440 1.90394
18450 1.97181
18460 2.03918
18470 2.10602
18480 2.17233
18490 2.23808
18500 2.30327
18510 2.36788
18520 2.43189
18530 2.49529
18540 2.55807
18550 2.62021
18560 2.68169
18570 2.74251
18580 2.80265
18590 2.86209
18600 2.92083
18610 2.97885
18620 3.03613
18630 3.09267
18640 3.14845
18650 3.20346
18660 3.25768
18670 3.31111
18680 3.36374
18690 3.41555
18700 3.46652
18710 3.51666
18720 3.56595
18730 3.61437
18740 3.66193
18750 3.7086
18760 3.75438
18770 3.79925
18780 3.84322
18790 3.88626
18800 3.92838
18810 3.96955
18820 4.00978
18830 4.04905
18840 4.08736
18850 4.1247
18860 4.16106
18870 4.19643
18880 4.2308
18890 4.26418
18900 4.29655
18910 4.3279
18920 4.35824
18930 4.38754
18940 4.41582
18950 4.44306
18960 4.46925
18970 4.4944
18980 4.5185
18990 4.54154
19000 4.56352
19010 4.58443
19020 4.60428
19030 4.62305
19040 4.64075
19050 4.65737
19060 4.67291
19070 4.68736
19080 4.70073
19090 4.71301
19100 4.72421
19110 4.73431
19120 4.74332
19130 4.75124
19140 4.75807
19150 4.7638
19160 4.76844
19170 4.77198
19180 4.77443
19190 4.77579
19200 4.77605
19210 4.77523
19220 4.77331
19230 4.77031
19240 4.76622
19250 4.76105
19260 4.75479
19270 4.74746
19280 4.73904
19290 4.72956
19300 4.719
19310 4.70738
19320 4.6947
19330 4.68095
19340 4.66615
19350 4.6503
19360 4.63341
19370 4.61547
19380 4.5965
19390 4.5765
19400 4.55547
19410 4.53342
19420 4.51036
19430 4.4863
19440 4.46123
19450 4.43517
19460 4.40813
19470 4.3801
19480 4.35111
19490 4.32114
19500 4.29023
19510 4.25836
19520 4.22555
19530 4.19181
19540 4.15714
19550 4.12156
19560 4.08507
19570 4.04769
19580 4.00942
19590 3.97027
19600 3.93025
19610 3.88937
19620 3.84764
19630 3.80508
19640 3.76168
19650 3.71747
19660 3.67245
19670 3.62664
19680 3.58004
19690 3.53266
19700 3.48452
19710 3.43563
19720 3.38601
19730 3.33565
19740 3.28458
19750 3.2328
19760 3.18033
19770 3.12719
19780 3.07337
19790 3.0189
19800 2.9638
19810 2.90806
19820 2.8517
19830 2.79475
19840 2.7372
19850 2.67908
19860 2.6204
19870 2.56116
19880 2.50139
19890 2.4411
19900 2.38031
19910 2.31901
19920 2.25724
19930 2.195
19940 2.13231
19950 2.06918
19960 2.00563
19970 1.94167
19980 1.87732
19990 1.81259
20000 1.74749
20010 1.68204
