10 -8.11266
20 -2.02109
30 1.98847
40 4.60323
50 6.18822
60 6.9915
70 7.19937
80 6.95846
90 6.3868
100 5.58041
110 4.6177
120 3.56256
130 2.46681
140 1.37208
150 0.311344
160 -0.689772
170 -1.61188
180 -2.44089
190 -3.16721
200 -3.78504
210 -4.29174
220 -4.68732
230 -4.97393
240 -5.1555
250 -5.23735
260 -5.22591
270 -5.12839
280 -4.95261
290 -4.70678
300 -4.39929
310 -4.03862
320 -3.63315
330 -3.19113
340 -2.72051
350 -2.22895
360 -1.72369
370 -1.21156
380 -0.698909
390 -0.191615
400 0.304964
410 0.785978
420 1.24709
430 1.68449
440 2.09484
450 2.47533
460 2.82358
470 3.13771
480 3.41626
490 3.65816
500 3.86276
510 4.02975
520 4.15918
530 4.25139
540 4.30702
550 4.32697
560 4.31235
570 4.26452
580 4.18498
590 4.07543
600 3.93767
610 3.77364
620 3.58536
630 3.37492
640 3.14449
650 2.89625
660 2.6324
670 2.35515
680 2.06671
690 1.76924
700 1.46489
710 1.15574
720 0.843822
730 0.531102
740 0.219466
750 -0.0892783
760 -0.393415
770 -0.69132
780 -0.981468
790 -1.26244
800 -1.5329
810 -1.79166
820 -2.0376
830 -2.26972
840 -2.48714
850 -2.68907
860 -2.87485
870 -3.0439
880 -3.19576
890 -3.33006
900 -3.44655
910 -3.54504
920 -3.62545
930 -3.68781
940 -3.7322
950 -3.7588
960 -3.76785
970 -3.75968
980 -3.73468
990 -3.6933
1000 -3.63605
1010 -3.56351
1020 -3.47628
1030 -3.37502
1040 -3.26044
1050 -3.13327
1060 -2.99428
1070 -2.84426
1080 -2.68403
1090 -2.51442
1100 -2.33629
1110 -2.1505
1120 -1.95791
1130 -1.75941
1140 -1.55585
1150 -1.34811
1160 -1.13704
1170 -0.923512
1180 -0.70835
1190 -0.492382
1200 -0.276413
1210 -0.0612303
1220 0.152402
1230 0.363745
1240 0.572085
1250 0.776736
1260 0.977041
1270 1.17237
1280 1.36214
1290 1.54578
1300 1.72277
1310 1.89261
1320 2.05485
1330 2.20906
1340 2.35485
1350 2.49188
1360 2.61984
1370 2.73843
1380 2.84743
1390 2.94662
1400 3.03584
1410 3.11494
1420 3.18383
1430 3.24244
1440 3.29072
1450 3.32868
1460 3.35635
1470 3.37377
1480 3.38105
1490 3.37828
1500 3.36563
1510 3.34325
1520 3.31134
1530 3.27011
1540 3.2198
1550 3.16068
1560 3.09303
1570 3.01713
1580 2.93332
1590 2.84191
1600 2.74327
1610 2.63774
1620 2.5257
1630 2.40753
1640 2.28363
1650 2.15439
1660 2.02022
1670 1.88153
1680 1.73874
1690 1.59228
1700 1.44256
1710 1.29
1720 1.13504
1730 0.978087
1740 0.819566
1750 0.659894
1760 0.499482
1770 0.338738
1780 0.178062
1790 0.0178485
1800 -0.141516
1810 -0.299653
1820 -0.456196
1830 -0.610783
1840 -0.763069
1850 -0.912715
1860 -1.0594
1870 -1.2028
1880 -1.34262
1890 -1.47858
1900 -1.6104
1910 -1.73781
1920 -1.86059
1930 -1.97848
1940 -2.09128
1950 -2.19878
1960 -2.3008
1970 -2.39717
1980 -2.48772
1990 -2.57232
2000 -2.65084
2010 -2.72317
2020 -2.78921
2030 -2.84888
2040 -2.90212
2050 -2.94887
2060 -2.98911
2070 -3.02279
2080 -3.04993
2090 -3.07052
2100 -3.08458
2110 -3.09214
2120 -3.09326
2130 -3.08799
2140 -3.0764
2150 -3.05857
2160 -3.03459
2170 -3.00458
2180 -2.96865
2190 -2.92692
2200 -2.87954
2210 -2.82664
2220 -2.76838
2230 -2.70492
2240 -2.63644
2250 -2.56312
2260 -2.48513
2270 -2.40268
2280 -2.31595
2290 -2.22516
2300 -2.13051
2310 -2.03222
2320 -1.9305
2330 -1.82558
2340 -1.71767
2350 -1.60701
2360 -1.49383
2370 -1.37836
2380 -1.26083
2390 -1.14147
2400 -1.02052
2410 -0.898215
2420 -0.774781
2430 -0.650455
2440 -0.525468
2450 -0.400049
2460 -0.274426
2470 -0.148825
2480 -0.0234673
2490 0.101427
2500 0.225643
2510 0.348968
2520 0.471193
2530 0.592117
2540 0.711538
2550 0.829264
2560 0.945105
2570 1.05888
2580 1.17041
2590 1.27952
2600 1.38604
2610 1.48983
2620 1.59072
2630 1.68856
2640 1.78323
2650 1.87457
2660 1.96248
2670 2.04683
2680 2.1275
2690 2.2044
2700 2.27743
2710 2.34649
2720 2.41151
2730 2.47241
2740 2.52911
2750 2.58158
2760 2.62974
2770 2.67355
2780 2.71298
2790 2.74799
2800 2.77857
2810 2.80469
2820 2.82635
2830 2.84355
2840 2.85628
2850 2.86457
2860 2.86842
2870 2.86787
2880 2.86295
2890 2.85369
2900 2.84014
2910 2.82235
2920 2.80037
2930 2.77426
2940 2.7441
2950 2.70996
2960 2.6719
2970 2.63003
2980 2.58441
2990 2.53515
3000 2.48234
3010 2.42609
3020 2.36649
3030 2.30365
3040 2.2377
3050 2.16873
3060 2.09688
3070 2.02227
3080 1.94501
3090 1.86523
3100 1.78307
3110 1.69865
3120 1.61212
3130 1.5236
3140 1.43322
3150 1.34114
3160 1.24748
3170 1.1524
3180 1.05601
3190 0.95848
3200 0.859936
3210 0.760522
3220 0.66038
3230 0.55965
3240 0.458473
3250 0.356988
3260 0.255333
3270 0.153647
3280 0.0520656
3290 -0.0492761
3300 -0.150245
3310 -0.250708
3320 -0.350537
3330 -0.449604
3340 -0.547781
3350 -0.644947
3360 -0.740981
3370 -0.835762
3380 -0.929177
3390 -1.02111
3400 -1.11146
3410 -1.2001
3420 -1.28695
3430 -1.37189
3440 -1.45484
3450 -1.53569
3460 -1.61436
3470 -1.69076
3480 -1.7648
3490 -1.83641
3500 -1.90551
3510 -1.97203
3520 -2.0359
3530 -2.09705
3540 -2.15543
3550 -2.21098
3560 -2.26364
3570 -2.31337
3580 -2.36012
3590 -2.40385
3600 -2.44453
3610 -2.48212
3620 -2.5166
3630 -2.54793
3640 -2.57611
3650 -2.6011
3660 -2.62291
3670 -2.64152
3680 -2.65692
3690 -2.66912
3700 -2.67812
3710 -2.68392
3720 -2.68654
3730 -2.68599
3740 -2.68228
3750 -2.67545
3760 -2.6655
3770 -2.65248
3780 -2.63641
3790 -2.61733
3800 -2.59527
3810 -2.57027
3820 -2.54239
3830 -2.51167
3840 -2.47815
3850 -2.44189
3860 -2.40295
3870 -2.36138
3880 -2.31724
3890 -2.27061
3900 -2.22153
3910 -2.17009
3920 -2.11634
3930 -2.06037
3940 -2.00224
3950 -1.94204
3960 -1.87983
3970 -1.8157
3980 -1.74973
3990 -1.68199
4000 -1.61258
4010 -1.54158
4020 -1.46907
4030 -1.39513
4040 -1.31987
4050 -1.24336
4060 -1.16569
4070 -1.08696
4080 -1.00725
4090 -0.92665
4100 -0.845257
4110 -0.76316
4120 -0.680448
4130 -0.597213
4140 -0.513546
4150 -0.429537
4160 -0.345277
4170 -0.260856
4180 -0.176363
4190 -0.0918867
4200 -0.00751592
4210 0.0766621
4220 0.160561
4230 0.244094
4240 0.327177
4250 0.409726
4260 0.491659
4270 0.572895
4280 0.653352
4290 0.732953
4300 0.81162
4310 0.889277
4320 0.96585
4330 1.04127
4340 1.11546
4350 1.18835
4360 1.25988
4370 1.32997
4380 1.39858
4390 1.46563
4400 1.53106
4410 1.59482
4420 1.65685
4430 1.7171
4440 1.77551
4450 1.83204
4460 1.88664
4470 1.93927
4480 1.98987
4490 2.03842
4500 2.08487
4510 2.12919
4520 2.17134
4530 2.21129
4540 2.24901
4550 2.28448
4560 2.31768
4570 2.34857
4580 2.37715
4590 2.40338
4600 2.42727
4610 2.44879
4620 2.46794
4630 2.48471
4640 2.49908
4650 2.51107
4660 2.52067
4670 2.52787
4680 2.53269
4690 2.53512
4700 2.53519
4710 2.53289
4720 2.52823
4730 2.52124
4740 2.51193
4750 2.50032
4760 2.48642
4770 2.47026
4780 2.45187
4790 2.43127
4800 2.40849
4810 2.38356
4820 2.35651
4830 2.32737
4840 2.29618
4850 2.26297
4860 2.22779
4870 2.19068
4880 2.15166
4890 2.1108
4900 2.06813
4910 2.02369
4920 1.97754
4930 1.92972
4940 1.88029
4950 1.82928
4960 1.77676
4970 1.72278
4980 1.66738
4990 1.61063
5000 1.55258
5010 1.49328
5020 1.4328
5030 1.37118
5040 1.30849
5050 1.24479
5060 1.18014
5070 1.11459
5080 1.0482
5090 0.981047
5100 0.913177
5110 0.844655
5120 0.775543
5130 0.705902
5140 0.635794
5150 0.565279
5160 0.494421
5170 0.42328
5180 0.351917
5190 0.280395
5200 0.208773
5210 0.137113
5220 0.065475
5230 -0.00608083
5240 -0.0774949
5250 -0.148708
5260 -0.219661
5270 -0.290297
5280 -0.360557
5290 -0.430385
5300 -0.499725
5310 -0.568521
5320 -0.636718
5330 -0.704263
5340 -0.771102
5350 -0.837183
5360 -0.902455
5370 -0.966867
5380 -1.03037
5390 -1.09292
5400 -1.15446
5410 -1.21495
5420 -1.27434
5430 -1.3326
5440 -1.38967
5450 -1.44552
5460 -1.5001
5470 -1.55338
5480 -1.60532
5490 -1.65588
5500 -1.70502
5510 -1.75272
5520 -1.79894
5530 -1.84364
5540 -1.88681
5550 -1.9284
5560 -1.96839
5570 -2.00677
5580 -2.04349
5590 -2.07854
5600 -2.1119
5610 -2.14355
5620 -2.17347
5630 -2.20164
5640 -2.22804
5650 -2.25267
5660 -2.27551
5670 -2.29654
5680 -2.31577
5690 -2.33317
5700 -2.34874
5710 -2.36248
5720 -2.37438
5730 -2.38445
5740 -2.39267
5750 -2.39905
5760 -2.40359
5770 -2.4063
5780 -2.40717
5790 -2.40621
5800 -2.40344
5810 -2.39885
5820 -2.39247
5830 -2.38429
5840 -2.37433
5850 -2.36261
5860 -2.34914
5870 -2.33393
5880 -2.31701
5890 -2.29839
5900 -2.27809
5910 -2.25613
5920 -2.23254
5930 -2.20734
5940 -2.18054
5950 -2.15218
5960 -2.12229
5970 -2.09088
5980 -2.05799
5990 -2.02365
6000 -1.98788
6010 -1.95072
6020 -1.9122
6030 -1.87235
6040 -1.83121
6050 -1.78881
6060 -1.74518
6070 -1.70036
6080 -1.65439
6090 -1.6073
6100 -1.55913
6110 -1.50992
6120 -1.4597
6130 -1.40852
6140 -1.35642
6150 -1.30344
6160 -1.24961
6170 -1.19498
6180 -1.13959
6190 -1.08348
6200 -1.0267
6210 -0.96928
6220 -0.911269
6230 -0.85271
6240 -0.793644
6250 -0.734115
6260 -0.674167
6270 -0.613842
6280 -0.553185
6290 -0.492238
6300 -0.431044
6310 -0.369648
6320 -0.308092
6330 -0.24642
6340 -0.184675
6350 -0.122899
6360 -0.0611361
6370 0.000572286
6380 0.0621835
6390 0.123655
6400 0.184947
6410 0.246015
6420 0.306821
6430 0.367322
6440 0.427478
6450 0.487251
6460 0.5466
6470 0.605486
6480 0.663871
6490 0.721717
6500 0.778986
6510 0.835642
6520 0.891649
6530 0.94697
6540 1.00157
6550 1.05542
6560 1.10847
6570 1.16071
6580 1.21209
6590 1.26259
6600 1.31217
6610 1.36081
6620 1.40846
6630 1.45512
6640 1.50074
6650 1.5453
6660 1.58878
6670 1.63114
6680 1.67238
6690 1.71245
6700 1.75134
6710 1.78902
6720 1.82548
6730 1.8607
6740 1.89465
6750 1.92732
6760 1.95869
6770 1.98874
6780 2.01747
6790 2.04484
6800 2.07085
6810 2.0955
6820 2.11875
6830 2.14061
6840 2.16107
6850 2.18011
6860 2.19772
6870 2.21391
6880 2.22866
6890 2.24197
6900 2.25384
6910 2.26425
6920 2.27322
6930 2.28073
6940 2.28678
6950 2.29139
6960 2.29454
6970 2.29624
6980 2.2965
6990 2.29531
7000 2.29269
7010 2.28864
7020 2.28315
7030 2.27626
7040 2.26795
7050 2.25824
7060 2.24714
7070 2.23466
7080 2.22082
7090 2.20561
7100 2.18907
7110 2.1712
7120 2.15201
7130 2.13153
7140 2.10976
7150 2.08673
7160 2.06246
7170 2.03695
7180 2.01024
7190 1.98233
7200 1.95326
7210 1.92303
7220 1.89168
7230 1.85922
7240 1.82568
7250 1.79109
7260 1.75545
7270 1.71881
7280 1.68118
7290 1.64259
7300 1.60306
7310 1.56263
7320 1.52131
7330 1.47914
7340 1.43614
7350 1.39235
7360 1.34778
7370 1.30247
7380 1.25645
7390 1.20974
7400 1.16238
7410 1.11439
7420 1.06581
7430 1.01667
7440 0.966991
7450 0.91681
7460 0.866156
7470 0.815062
7480 0.763557
7490 0.711674
7500 0.659443
7510 0.606897
7520 0.554066
7530 0.500983
7540 0.447678
7550 0.394184
7560 0.340532
7570 0.286753
7580 0.232879
7590 0.178942
7600 0.124972
7610 0.0710009
7620 0.0170599
7630 -0.0368202
7640 -0.0906085
7650 -0.144275
7660 -0.197788
7670 -0.251118
7680 -0.304235
7690 -0.35711
7700 -0.409712
7710 -0.462012
7720 -0.513983
7730 -0.565594
7740 -0.616817
7750 -0.667625
7760 -0.71799
7770 -0.767885
7780 -0.817282
7790 -0.866155
7800 -0.914478
7810 -0.962225
7820 -1.00937
7830 -1.05589
7840 -1.10176
7850 -1.14696
7860 -1.19145
7870 -1.23523
7880 -1.27826
7890 -1.32053
7900 -1.36201
7910 -1.40268
7920 -1.44252
7930 -1.48151
7940 -1.51964
7950 -1.55688
7960 -1.59321
7970 -1.62862
7980 -1.66309
7990 -1.6966
8000 -1.72914
8010 -1.76069
8020 -1.79124
8030 -1.82078
8040 -1.84928
8050 -1.87673
8060 -1.90314
8070 -1.92847
8080 -1.95272
8090 -1.97589
8100 -1.99796
8110 -2.01891
8120 -2.03875
8130 -2.05747
8140 -2.07505
8150 -2.09149
8160 -2.10679
8170 -2.12094
8180 -2.13393
8190 -2.14577
8200 -2.15644
8210 -2.16594
8220 -2.17428
8230 -2.18144
8240 -2.18744
8250 -2.19226
8260 -2.19592
8270 -2.1984
8280 -2.19972
8290 -2.19987
8300 -2.19885
8310 -2.19668
8320 -2.19335
8330 -2.18887
8340 -2.18324
8350 -2.17647
8360 -2.16856
8370 -2.15953
8380 -2.14938
8390 -2.13812
8400 -2.12575
8410 -2.11229
8420 -2.09774
8430 -2.08211
8440 -2.06543
8450 -2.04769
8460 -2.02891
8470 -2.00909
8480 -1.98827
8490 -1.96644
8500 -1.94362
8510 -1.91982
8520 -1.89506
8530 -1.86936
8540 -1.84273
8550 -1.81518
8560 -1.78673
8570 -1.7574
8580 -1.72721
8590 -1.69617
8600 -1.6643
8610 -1.63162
8620 -1.59814
8630 -1.56389
8640 -1.52889
8650 -1.49315
8660 -1.4567
8670 -1.41955
8680 -1.38173
8690 -1.34325
8700 -1.30413
8710 -1.26441
8720 -1.2241
8730 -1.18321
8740 -1.14178
8750 -1.09982
8760 -1.05736
8770 -1.01442
8780 -0.971022
8790 -0.927188
8800 -0.882941
8810 -0.838304
8820 -0.793301
8830 -0.747954
8840 -0.702288
8850 -0.656325
8860 -0.610088
8870 -0.563602
8880 -0.51689
8890 -0.469975
8900 -0.422881
8910 -0.375632
8920 -0.328251
8930 -0.280761
8940 -0.233187
8950 -0.185552
8960 -0.137879
8970 -0.0901916
8980 -0.0425134
8990 0.00513251
9000 0.0527229
9010 0.100235
9020 0.147645
9030 0.194931
9040 0.24207
9050 0.28904
9060 0.335818
9070 0.382381
9080 0.428709
9090 0.474778
9100 0.520568
9110 0.566057
9120 0.611224
9130 0.656047
9140 0.700506
9150 0.74458
9160 0.78825
9170 0.831494
9180 0.874294
9190 0.91663
9200 0.958483
9210 0.999833
9220 1.04066
9230 1.08095
9240 1.12069
9250 1.15984
9260 1.19841
9270 1.23637
9280 1.2737
9290 1.31039
9300 1.34642
9310 1.38178
9320 1.41645
9330 1.45042
9340 1.48367
9350 1.51618
9360 1.54795
9370 1.57897
9380 1.60921
9390 1.63866
9400 1.66732
9410 1.69517
9420 1.7222
9430 1.74841
9440 1.77377
9450 1.79828
9460 1.82193
9470 1.84471
9480 1.86661
9490 1.88763
9500 1.90775
9510 1.92697
9520 1.94528
9530 1.96268
9540 1.97915
9550 1.9947
9560 2.00932
9570 2.023
9580 2.03574
9590 2.04753
9600 2.05838
9610 2.06828
9620 2.07722
9630 2.0852
9640 2.09223
9650 2.0983
9660 2.10341
9670 2.10755
9680 2.11074
9690 2.11297
9700 2.11424
9710 2.11456
9720 2.11392
9730 2.11232
9740 2.10978
9750 2.10629
9760 2.10186
9770 2.09648
9780 2.09017
9790 2.08293
9800 2.07477
9810 2.06568
9820 2.05569
9830 2.04478
9840 2.03297
9850 2.02027
9860 2.00668
9870 1.99222
9880 1.97688
9890 1.96068
9900 1.94363
9910 1.92574
9920 1.90701
9930 1.88746
9940 1.86709
9950 1.84592
9960 1.82396
9970 1.80122
9980 1.77771
9990 1.75344
10000 1.72843
10010 1.70268
10020 1.67621
10030 1.64904
10040 1.62117
10050 1.59262
10060 1.56341
10070 1.53354
10080 1.50304
10090 1.47191
10100 1.44017
10110 1.40784
10120 1.37493
10130 1.34146
10140 1.30744
10150 1.27289
10160 1.23782
10170 1.20226
10180 1.16621
10190 1.12969
10200 1.09272
10210 1.05532
10220 1.0175
10230 0.979286
10240 0.940687
10250 0.901722
10260 0.86241
10270 0.822768
10280 0.782813
10290 0.742563
10300 0.702035
10310 0.661248
10320 0.62022
10330 0.578968
10340 0.53751
10350 0.495864
10360 0.454048
10370 0.41208
10380 0.369979
10390 0.327762
10400 0.285447
10410 0.243053
10420 0.200597
10430 0.158097
10440 0.115571
10450 0.073038
10460 0.0305147
10470 -0.0119807
10480 -0.0544306
10490 -0.0968172
10500 -0.139123
10510 -0.18133
10520 -0.223422
10530 -0.26538
10540 -0.307189
10550 -0.348829
10560 -0.390286
10570 -0.431541
10580 -0.472578
10590 -0.51338
10600 -0.553932
10610 -0.594216
10620 -0.634216
10630 -0.673917
10640 -0.713303
10650 -0.752358
10660 -0.791066
10670 -0.829413
10680 -0.867383
10690 -0.904961
10700 -0.942133
10710 -0.978885
10720 -1.0152
10730 -1.05107
10740 -1.08647
10750 -1.1214
10760 -1.15584
10770 -1.18977
10780 -1.22319
10790 -1.25608
10800 -1.28843
10810 -1.32023
10820 -1.35146
10830 -1.38212
10840 -1.41218
10850 -1.44165
10860 -1.47051
10870 -1.49875
10880 -1.52636
10890 -1.55333
10900 -1.57964
10910 -1.6053
10920 -1.63029
10930 -1.6546
10940 -1.67823
10950 -1.70116
10960 -1.72339
10970 -1.74491
10980 -1.76571
10990 -1.78579
11000 -1.80514
11010 -1.82375
11020 -1.84162
11030 -1.85874
11040 -1.87511
11050 -1.89071
11060 -1.90555
11070 -1.91962
11080 -1.93292
11090 -1.94544
11100 -1.95719
11110 -1.96814
11120 -1.97832
11130 -1.9877
11140 -1.99629
11150 -2.00409
11160 -2.01109
11170 -2.0173
11180 -2.0227
11190 -2.02731
11200 -2.03113
11210 -2.03414
11220 -2.03636
11230 -2.03777
11240 -2.03839
11250 -2.03822
11260 -2.03725
11270 -2.03549
11280 -2.03293
11290 -2.02959
11300 -2.02547
11310 -2.02056
11320 -2.01488
11330 -2.00841
11340 -2.00118
11350 -1.99318
11360 -1.98442
11370 -1.97489
11380 -1.96462
11390 -1.9536
11400 -1.94183
11410 -1.92933
11420 -1.9161
11430 -1.90214
11440 -1.88747
11450 -1.87208
11460 -1.85599
11470 -1.83921
11480 -1.82174
11490 -1.80358
11500 -1.78476
11510 -1.76527
11520 -1.74512
11530 -1.72433
11540 -1.7029
11550 -1.68084
11560 -1.65817
11570 -1.63488
11580 -1.611
11590 -1.58652
11600 -1.56147
11610 -1.53584
11620 -1.50966
11630 -1.48293
11640 -1.45567
11650 -1.42788
11660 -1.39958
11670 -1.37077
11680 -1.34148
11690 -1.31171
11700 -1.28147
11710 -1.25077
11720 -1.21964
11730 -1.18807
11740 -1.15609
11750 -1.1237
11760 -1.09092
11770 -1.05776
11780 -1.02424
11790 -0.990359
11800 -0.956142
11810 -0.921599
11820 -0.886743
11830 -0.851587
11840 -0.816146
11850 -0.780432
11860 -0.74446
11870 -0.708243
11880 -0.671794
11890 -0.635129
11900 -0.598259
11910 -0.561201
11920 -0.523967
11930 -0.486571
11940 -0.449028
11950 -0.411352
11960 -0.373556
11970 -0.335655
11980 -0.297662
11990 -0.259592
12000 -0.221459
12010 -0.183277
12020 -0.14506
12030 -0.106821
12040 -0.0685759
12050 -0.0303371
12060 0.00788104
12070 0.0460646
12080 0.0841998
12090 0.122273
12100 0.16027
12110 0.198178
12120 0.235983
12130 0.273671
12140 0.311229
12150 0.348644
12160 0.385903
12170 0.422991
12180 0.459897
12190 0.496607
12200 0.533108
12210 0.569387
12220 0.605433
12230 0.641231
12240 0.676771
12250 0.712039
12260 0.747023
12270 0.781712
12280 0.816093
12290 0.850155
12300 0.883886
12310 0.917274
12320 0.950308
12330 0.982978
12340 1.01527
12350 1.04718
12360 1.07869
12370 1.10979
12380 1.14047
12390 1.17072
12400 1.20054
12410 1.2299
12420 1.25881
12430 1.28725
12440 1.31522
12450 1.34269
12460 1.36967
12470 1.39615
12480 1.42212
12490 1.44757
12500 1.47248
12510 1.49687
12520 1.5207
12530 1.54399
12540 1.56671
12550 1.58887
12560 1.61046
12570 1.63147
12580 1.65189
12590 1.67172
12600 1.69096
12610 1.70959
12620 1.72761
12630 1.74501
12640 1.7618
12650 1.77796
12660 1.79349
12670 1.80839
12680 1.82265
12690 1.83627
12700 1.84924
12710 1.86157
12720 1.87324
12730 1.88426
12740 1.89462
12750 1.90432
12760 1.91336
12770 1.92174
12780 1.92944
12790 1.93648
12800 1.94285
12810 1.94855
12820 1.95358
12830 1.95794
12840 1.96162
12850 1.96463
12860 1.96697
12870 1.96864
12880 1.96963
12890 1.96995
12900 1.9696
12910 1.96859
12920 1.9669
12930 1.96455
12940 1.96153
12950 1.95786
12960 1.95352
12970 1.94852
12980 1.94287
12990 1.93657
13000 1.92962
13010 1.92202
13020 1.91378
13030 1.9049
13040 1.89539
13050 1.88525
13060 1.87448
13070 1.8631
13080 1.85109
13090 1.83848
13100 1.82525
13110 1.81143
13120 1.79701
13130 1.782
13140 1.76641
13150 1.75024
13160 1.7335
13170 1.7162
13180 1.69833
13190 1.67992
13200 1.66096
13210 1.64146
13220 1.62144
13230 1.60089
13240 1.57982
13250 1.55825
13260 1.53618
13270 1.51361
13280 1.49057
13290 1.46705
13300 1.44306
13310 1.41862
13320 1.39372
13330 1.36839
13340 1.34262
13350 1.31644
13360 1.28984
13370 1.26283
13380 1.23544
13390 1.20765
13400 1.1795
13410 1.15098
13420 1.1221
13430 1.09288
13440 1.06332
13450 1.03344
13460 1.00324
13470 0.972743
13480 0.941948
13490 0.91087
13500 0.879518
13510 0.847904
13520 0.816039
13530 0.783932
13540 0.751595
13550 0.719039
13560 0.686273
13570 0.65331
13580 0.620161
13590 0.586835
13600 0.553344
13610 0.5197
13620 0.485913
13630 0.451994
13640 0.417955
13650 0.383807
13660 0.34956
13670 0.315226
13680 0.280816
13690 0.246341
13700 0.211812
13710 0.177241
13720 0.142638
13730 0.108015
13740 0.0733828
13750 0.0387522
13760 0.00413442
13770 -0.0304595
13780 -0.0650187
13790 -0.099532
13800 -0.133989
13810 -0.168378
13820 -0.202689
13830 -0.23691
13840 -0.271032
13850 -0.305044
13860 -0.338934
13870 -0.372692
13880 -0.406309
13890 -0.439773
13900 -0.473073
13910 -0.506201
13920 -0.539145
13930 -0.571896
13940 -0.604444
13950 -0.636777
13960 -0.668888
13970 -0.700765
13980 -0.7324
13990 -0.763782
14000 -0.794903
14010 -0.825752
14020 -0.856321
14030 -0.8866
14040 -0.916581
14050 -0.946254
14060 -0.97561
14070 -1.00464
14080 -1.03334
14090 -1.06169
14100 -1.0897
14110 -1.11735
14120 -1.14462
14130 -1.17153
14140 -1.19805
14150 -1.22418
14160 -1.24992
14170 -1.27525
14180 -1.30016
14190 -1.32466
14200 -1.34873
14210 -1.37236
14220 -1.39556
14230 -1.41831
14240 -1.44061
14250 -1.46245
14260 -1.48382
14270 -1.50472
14280 -1.52514
14290 -1.54508
14300 -1.56454
14310 -1.5835
14320 -1.60196
14330 -1.61992
14340 -1.63737
14350 -1.6543
14360 -1.67072
14370 -1.68662
14380 -1.70199
14390 -1.71683
14400 -1.73114
14410 -1.74492
14420 -1.75815
14430 -1.77083
14440 -1.78298
14450 -1.79457
14460 -1.8056
14470 -1.81609
14480 -1.82601
14490 -1.83538
14500 -1.84418
14510 -1.85242
14520 -1.8601
14530 -1.8672
14540 -1.87374
14550 -1.87971
14560 -1.88511
14570 -1.88994
14580 -1.8942
14590 -1.89788
14600 -1.90099
14610 -1.90352
14620 -1.90549
14630 -1.90688
14640 -1.9077
14650 -1.90794
14660 -1.90762
14670 -1.90672
14680 -1.90526
14690 -1.90323
14700 -1.90063
14710 -1.89746
14720 -1.89374
14730 -1.88945
14740 -1.8846
14750 -1.87919
14760 -1.87323
14770 -1.86671
14780 -1.85965
14790 -1.85204
14800 -1.84389
14810 -1.83519
14820 -1.82596
14830 -1.81619
14840 -1.80589
14850 -1.79507
14860 -1.78372
14870 -1.77186
14880 -1.75948
14890 -1.74658
14900 -1.73319
14910 -1.71929
14920 -1.7049
14930 -1.69001
14940 -1.67464
14950 -1.65879
14960 -1.64246
14970 -1.62566
14980 -1.6084
14990 -1.59067
15000 -1.5725
15010 -1.55387
15020 -1.53481
15030 -1.51531
15040 -1.49538
15050 -1.47502
15060 -1.45425
15070 -1.43307
15080 -1.41149
15090 -1.38951
15100 -1.36715
15110 -1.3444
15120 -1.32127
15130 -1.29778
15140 -1.27393
15150 -1.24972
15160 -1.22517
15170 -1.20028
15180 -1.17506
15190 -1.14951
15200 -1.12365
15210 -1.09749
15220 -1.07102
15230 -1.04427
15240 -1.01723
15250 -0.989913
15260 -0.962331
15270 -0.934492
15280 -0.906402
15290 -0.878071
15300 -0.849506
15310 -0.820716
15320 -0.791711
15330 -0.762497
15340 -0.733084
15350 -0.703481
15360 -0.673697
15370 -0.643739
15380 -0.613617
15390 -0.58334
15400 -0.552917
15410 -0.522355
15420 -0.491665
15430 -0.460855
15440 -0.429934
15450 -0.39891
15460 -0.367794
15470 -0.336594
15480 -0.305318
15490 -0.273976
15500 -0.242576
15510 -0.211128
15520 -0.179641
15530 -0.148123
15540 -0.116584
15550 -0.0850323
15560 -0.0534768
15570 -0.0219264
15580 0.00960983
15590 0.0411232
15600 0.0726047
15610 0.104046
15620 0.135437
15630 0.166771
15640 0.198037
15650 0.229229
15660 0.260336
15670 0.29135
15680 0.322263
15690 0.353066
15700 0.383751
15710 0.414309
15720 0.444732
15730 0.475011
15740 0.505139
15750 0.535107
15760 0.564907
15770 0.594531
15780 0.623971
15790 0.653219
15800 0.682267
15810 0.711107
15820 0.739732
15830 0.768133
15840 0.796304
15850 0.824237
15860 0.851924
15870 0.879358
15880 0.906531
15890 0.933437
15900 0.960069
15910 0.986419
15920 1.01248
15930 1.03825
15940 1.06371
15950 1.08887
15960 1.11371
15970 1.13823
15980 1.16242
15990 1.18628
16000 1.20979
16010 1.23296
16020 1.25578
16030 1.27824
16040 1.30034
16050 1.32207
16060 1.34342
16070 1.36439
16080 1.38498
16090 1.40518
16100 1.42498
16110 1.44438
16120 1.46338
16130 1.48196
16140 1.50013
16150 1.51789
16160 1.53522
16170 1.55212
16180 1.56859
16190 1.58463
16200 1.60022
16210 1.61538
16220 1.63008
16230 1.64434
16240 1.65815
16250 1.67149
16260 1.68438
16270 1.69681
16280 1.70877
16290 1.72027
16300 1.73129
16310 1.74184
16320 1.75192
16330 1.76152
16340 1.77064
16350 1.77928
16360 1.78744
16370 1.79511
16380 1.8023
16390 1.809
16400 1.81521
16410 1.82094
16420 1.82617
16430 1.83091
16440 1.83517
16450 1.83893
16460 1.84219
16470 1.84497
16480 1.84725
16490 1.84904
16500 1.85033
16510 1.85113
16520 1.85144
16530 1.85126
16540 1.85059
16550 1.84943
16560 1.84778
16570 1.84564
16580 1.84301
16590 1.8399
16600 1.8363
16610 1.83222
16620 1.82766
16630 1.82262
16640 1.8171
16650 1.81111
16660 1.80464
16670 1.7977
16680 1.79029
16690 1.78242
16700 1.77408
16710 1.76529
16720 1.75603
16730 1.74632
16740 1.73616
16750 1.72554
16760 1.71449
16770 1.70299
16780 1.69105
16790 1.67868
16800 1.66587
16810 1.65264
16820 1.63899
16830 1.62492
16840 1.61043
16850 1.59553
16860 1.58022
16870 1.56452
16880 1.54841
16890 1.53192
16900 1.51503
16910 1.49776
16920 1.48012
16930 1.4621
16940 1.44371
16950 1.42496
16960 1.40585
16970 1.38639
16980 1.36658
16990 1.34643
17000 1.32595
17010 1.30513
17020 1.284
17030 1.26254
17040 1.24077
17050 1.21869
17060 1.19632
17070 1.17365
17080 1.15069
17090 1.12745
17100 1.10393
17110 1.08014
17120 1.05609
17130 1.03179
17140 1.00723
17150 0.982435
17160 0.9574
17170 0.932134
17180 0.906645
17190 0.880939
17200 0.855024
17210 0.828906
17220 0.802591
17230 0.776088
17240 0.749402
17250 0.722542
17260 0.695513
17270 0.668323
17280 0.640979
17290 0.613488
17300 0.585858
17310 0.558095
17320 0.530207
17330 0.5022
17340 0.474083
17350 0.445862
17360 0.417544
17370 0.389138
17380 0.360649
17390 0.332086
17400 0.303456
17410 0.274765
17420 0.246022
17430 0.217233
17440 0.188406
17450 0.159549
17460 0.130667
17470 0.10177
17480 0.0728634
17490 0.0439552
17500 0.0150524
17510 -0.0138376
17520 -0.0427076
17530 -0.0715505
17540 -0.100359
17550 -0.129126
17560 -0.157845
17570 -0.186507
17580 -0.215107
17590 -0.243637
17600 -0.27209
17610 -0.300459
17620 -0.328737
17630 -0.356917
17640 -0.384992
17650 -0.412956
17660 -0.440801
17670 -0.468521
17680 -0.496109
17690 -0.523559
17700 -0.550863
17710 -0.578015
17720 -0.605009
17730 -0.631838
17740 -0.658496
17750 -0.684975
17760 -0.711271
17770 -0.737376
17780 -0.763284
17790 -0.78899
17800 -0.814487
17810 -0.839768
17820 -0.864829
17830 -0.889663
17840 -0.914264
17850 -0.938627
17860 -0.962745
17870 -0.986614
17880 -1.01023
17890 -1.03358
17900 -1.05666
17910 -1.07948
17920 -1.10202
17930 -1.12427
17940 -1.14624
17950 -1.16791
17960 -1.18929
17970 -1.21036
17980 -1.23113
17990 -1.25159
18000 -1.27173
18010 -1.29155
18020 -1.31104
18030 -1.3302
18040 -1.34903
18050 -1.36752
18060 -1.38567
18070 -1.40347
18080 -1.42093
18090 -1.43802
18100 -1.45476
18110 -1.47114
18120 -1.48715
18130 -1.50279
18140 -1.51807
18150 -1.53296
18160 -1.54748
18170 -1.56161
18180 -1.57536
18190 -1.58873
18200 -1.6017
18210 -1.61428
18220 -1.62647
18230 -1.63825
18240 -1.64964
18250 -1.66062
18260 -1.6712
18270 -1.68137
18280 -1.69113
18290 -1.70048
18300 -1.70942
18310 -1.71794
18320 -1.72605
18330 -1.73374
18340 -1.74101
18350 -1.74786
18360 -1.75429
18370 -1.76029
18380 -1.76587
18390 -1.77103
18400 -1.77577
18410 -1.78007
18420 -1.78395
18430 -1.78741
18440 -1.79043
18450 -1.79303
18460 -1.79521
18470 -1.79695
18480 -1.79827
18490 -1.79916
18500 -1.79962
18510 -1.79965
18520 -1.79926
18530 -1.79845
18540 -1.7972
18550 -1.79554
18560 -1.79345
18570 -1.79093
18580 -1.788
18590 -1.78465
18600 -1.78087
18610 -1.77668
18620 -1.77207
18630 -1.76705
18640 -1.76161
18650 -1.75576
18660 -1.74951
18670 -1.74284
18680 -1.73577
18690 -1.7283
18700 -1.72042
18710 -1.71214
18720 -1.70347
18730 -1.6944
18740 -1.68495
18750 -1.6751
18760 -1.66486
18770 -1.65424
18780 -1.64325
18790 -1.63187
18800 -1.62012
18810 -1.60799
18820 -1.5955
18830 -1.58264
18840 -1.56943
18850 -1.55585
18860 -1.54192
18870 -1.52763
18880 -1.513
18890 -1.49803
18900 -1.48272
18910 -1.46707
18920 -1.45108
18930 -1.43477
18940 -1.41814
18950 -1.40119
18960 -1.38392
18970 -1.36634
18980 -1.34845
18990 -1.33027
19000 -1.31178
19010 -1.293
19020 -1.27393
19030 -1.25458
19040 -1.23495
19050 -1.21505
19060 -1.19488
19070 -1.17444
19080 -1.15374
19090 -1.13279
19100 -1.11159
19110 -1.09015
19120 -1.06846
19130 -1.04654
19140 -1.0244
19150 -1.00203
19160 -0.979443
19170 -0.956644
19180 -0.933638
19190 -0.910431
19200 -0.887027
19210 -0.863433
19220 -0.839655
19230 -0.815697
19240 -0.791565
19250 -0.767266
19260 -0.742804
19270 -0.718186
19280 -0.693418
19290 -0.668504
19300 -0.643452
19310 -0.618266
19320 -0.592953
19330 -0.567518
19340 -0.541968
19350 -0.516308
19360 -0.490544
19370 -0.464683
19380 -0.438729
19390 -0.41269
19400 -0.386571
19410 -0.360378
19420 -0.334117
19430 -0.307794
19440 -0.281415
19450 -0.254986
19460 -0.228514
19470 -0.202003
19480 -0.175461
19490 -0.148892
19500 -0.122304
19510 -0.0957019
19520 -0.069092
19530 -0.0424801
19540 -0.0158723
19550 0.0107254
19560 0.0373071
19570 0.0638669
19580 0.0903988
19590 0.116897
19600 0.143355
19610 0.169768
19620 0.19613
19630 0.222434
19640 0.248675
19650 0.274847
19660 0.300944
19670 0.326962
19680 0.352893
19690 0.378732
19700 0.404473
19710 0.430112
19720 0.455642
19730 0.481058
19740 0.506353
19750 0.531524
19760 0.556564
19770 0.581467
19780 0.606229
19790 0.630844
19800 0.655307
19810 0.679613
19820 0.703755
19830 0.72773
19840 0.751532
19850 0.775155
19860 0.798596
19870 0.821848
19880 0.844907
19890 0.867769
19900 0.890427
19910 0.912878
19920 0.935117
19930 0.957138
19940 0.978938
19950 1.00051
19960 1.02185
19970 1.04296
19980 1.06383
19990 1.08445
20000 1.10483
20010 1.12495
