10 40.5955
20 30.9981
30 19.8008
40 9.32114
50 0.261668
60 -7.1715
70 -12.9771
80 -17.2497
90 -20.1294
100 -21.7766
110 -22.3571
120 -22.0344
130 -20.9643
140 -19.2922
150 -17.1519
160 -14.6642
170 -11.9375
180 -9.06731
190 -6.13732
200 -3.21952
210 -0.375164
220 2.34455
230 4.89768
240 7.25075
250 9.37795
260 11.2604
270 12.8855
280 14.2459
290 15.3393
300 16.1675
310 16.7361
320 17.0536
330 17.1312
340 16.9821
350 16.6214
360 16.0655
370 15.3317
380 14.4382
390 13.4034
400 12.2459
410 10.9844
420 9.63721
430 8.22222
440 6.75685
450 5.25781
460 3.74102
470 2.22156
480 0.71357
490 -0.769778
500 -2.21634
510 -3.615
520 -4.95572
530 -6.22949
540 -7.42837
550 -8.54547
560 -9.57491
570 -10.5118
580 -11.3522
590 -12.0931
600 -12.7324
610 -13.2688
620 -13.7018
630 -14.0318
640 -14.2596
650 -14.387
660 -14.416
670 -14.3495
680 -14.1908
690 -13.9434
700 -13.6117
710 -13.1999
720 -12.713
730 -12.1558
740 -11.5337
750 -10.852
760 -10.1163
770 -9.33216
780 -8.50535
790 -7.64155
800 -6.74646
810 -5.82572
820 -4.88492
830 -3.92956
840 -2.96499
850 -1.99645
860 -1.02899
870 -0.0674973
880 0.883345
890 1.81906
900 2.73541
910 3.62838
920 4.49419
930 5.32933
940 6.13054
950 6.89481
960 7.6194
970 8.30186
980 8.93997
990 9.53178
1000 10.0756
1010 10.5701
1020 11.014
1030 11.4064
1040 11.7467
1050 12.0345
1060 12.2695
1070 12.4517
1080 12.5814
1090 12.6591
1100 12.6854
1110 12.661
1120 12.5871
1130 12.4647
1140 12.2953
1150 12.0802
1160 11.8211
1170 11.5197
1180 11.1779
1190 10.7976
1200 10.3808
1210 9.92976
1220 9.44653
1230 8.93342
1240 8.39274
1250 7.82683
1260 7.23807
1270 6.62887
1280 6.00164
1290 5.3588
1300 4.70278
1310 4.03597
1320 3.36078
1330 2.67955
1340 1.99462
1350 1.30828
1360 0.62277
1370 -0.0597203
1380 -0.737056
1390 -1.40717
1400 -2.06805
1410 -2.71777
1420 -3.35448
1430 -3.97639
1440 -4.58181
1450 -5.16914
1460 -5.73684
1470 -6.28349
1480 -6.80775
1490 -7.30837
1500 -7.7842
1510 -8.23418
1520 -8.65734
1530 -9.05283
1540 -9.41988
1550 -9.7578
1560 -10.066
1570 -10.3441
1580 -10.5915
1590 -10.8081
1600 -10.9936
1610 -11.1479
1620 -11.271
1630 -11.3629
1640 -11.4238
1650 -11.4538
1660 -11.4533
1670 -11.4226
1680 -11.3621
1690 -11.2725
1700 -11.1542
1710 -11.0079
1720 -10.8343
1730 -10.6342
1740 -10.4083
1750 -10.1576
1760 -9.88287
1770 -9.58516
1780 -9.26545
1790 -8.92475
1800 -8.56415
1810 -8.18473
1820 -7.78762
1830 -7.37397
1840 -6.94495
1850 -6.50174
1860 -6.04554
1870 -5.57757
1880 -5.09905
1890 -4.6112
1900 -4.11525
1910 -3.61243
1920 -3.10396
1930 -2.59106
1940 -2.07494
1950 -1.55679
1960 -1.0378
1970 -0.519129
1980 -0.00193371
1990 0.51266
2000 1.02355
2010 1.52965
2020 2.02991
2030 2.5233
2040 3.00882
2050 3.48552
2060 3.95246
2070 4.40874
2080 4.85351
2090 5.28593
2100 5.70521
2110 6.11062
2120 6.50144
2130 6.87699
2140 7.23666
2150 7.57986
2160 7.90603
2170 8.21468
2180 8.50534
2190 8.77759
2200 9.03107
2210 9.26543
2220 9.48038
2230 9.67567
2240 9.8511
2250 10.0065
2260 10.1418
2270 10.2568
2280 10.3515
2290 10.4259
2300 10.4801
2310 10.5141
2320 10.5281
2330 10.5221
2340 10.4964
2350 10.4511
2360 10.3866
2370 10.3031
2380 10.2009
2390 10.0804
2400 9.9419
2410 9.78586
2420 9.6127
2430 9.42285
2440 9.21682
2450 8.99509
2460 8.75819
2470 8.50667
2480 8.24108
2490 7.96202
2500 7.67008
2510 7.36587
2520 7.05003
2530 6.72319
2540 6.386
2550 6.03913
2560 5.68326
2570 5.31905
2580 4.94719
2590 4.56838
2600 4.18331
2610 3.79266
2620 3.39716
2630 2.99748
2640 2.59433
2650 2.18839
2660 1.78038
2670 1.37096
2680 0.960828
2690 0.550652
2700 0.141102
2710 -0.267163
2720 -0.673493
2730 -1.07725
2740 -1.4778
2750 -1.87453
2760 -2.26683
2770 -2.65412
2780 -3.03582
2790 -3.41137
2800 -3.78022
2810 -4.14184
2820 -4.49573
2830 -4.84138
2840 -5.17832
2850 -5.50609
2860 -5.82425
2870 -6.13239
2880 -6.4301
2890 -6.717
2900 -6.99273
2910 -7.25695
2920 -7.50935
2930 -7.74962
2940 -7.9775
2950 -8.19271
2960 -8.39504
2970 -8.58426
2980 -8.76019
2990 -8.92266
3000 -9.07152
3010 -9.20664
3020 -9.32791
3030 -9.43526
3040 -9.52862
3050 -9.60795
3060 -9.67322
3070 -9.72444
3080 -9.76161
3090 -9.78479
3100 -9.79402
3110 -9.78939
3120 -9.77098
3130 -9.73892
3140 -9.69334
3150 -9.63438
3160 -9.56221
3170 -9.47702
3180 -9.379
3190 -9.26838
3200 -9.14537
3210 -9.01024
3220 -8.86323
3230 -8.70462
3240 -8.53469
3250 -8.35376
3260 -8.16212
3270 -7.9601
3280 -7.74804
3290 -7.52628
3300 -7.29517
3310 -7.05508
3320 -6.80638
3330 -6.54944
3340 -6.28467
3350 -6.01244
3360 -5.73316
3370 -5.44724
3380 -5.15509
3390 -4.85712
3400 -4.55375
3410 -4.2454
3420 -3.93251
3430 -3.61549
3440 -3.29478
3450 -2.97081
3460 -2.644
3470 -2.31478
3480 -1.98359
3490 -1.65086
3500 -1.31701
3510 -0.982456
3520 -0.647631
3530 -0.312951
3540 0.0211712
3550 0.354324
3560 0.686103
3570 1.01611
3580 1.34394
3590 1.66922
3600 1.99155
3610 2.31057
3620 2.6259
3630 2.93718
3640 3.24406
3650 3.5462
3660 3.84325
3670 4.1349
3680 4.42081
3690 4.70069
3700 4.97422
3710 5.24114
3720 5.50114
3730 5.75397
3740 5.99936
3750 6.23707
3760 6.46686
3770 6.68851
3780 6.9018
3790 7.10652
3800 7.3025
3810 7.48954
3820 7.66747
3830 7.83615
3840 7.99543
3850 8.14517
3860 8.28525
3870 8.41557
3880 8.53603
3890 8.64653
3900 8.74702
3910 8.83742
3920 8.91769
3930 8.98779
3940 9.0477
3950 9.09739
3960 9.13686
3970 9.16613
3980 9.18521
3990 9.19413
4000 9.19293
4010 9.18167
4020 9.1604
4030 9.12921
4040 9.08817
4050 9.03737
4060 8.97692
4070 8.90693
4080 8.82753
4090 8.73885
4100 8.64101
4110 8.53419
4120 8.41852
4130 8.29419
4140 8.16135
4150 8.0202
4160 7.87093
4170 7.71372
4180 7.54878
4190 7.37633
4200 7.19657
4210 7.00973
4220 6.81604
4230 6.61574
4240 6.40905
4250 6.19623
4260 5.97752
4270 5.75318
4280 5.52346
4290 5.28862
4300 5.04892
4310 4.80464
4320 4.55604
4330 4.30339
4340 4.04697
4350 3.78706
4360 3.52393
4370 3.25786
4380 2.98913
4390 2.71802
4400 2.44482
4410 2.16981
4420 1.89326
4430 1.61546
4440 1.33668
4450 1.05722
4460 0.777343
4470 0.497329
4480 0.217452
4490 -0.0620125
4500 -0.340795
4510 -0.618627
4520 -0.895242
4530 -1.17038
4540 -1.44378
4550 -1.71518
4560 -1.98433
4570 -2.25099
4580 -2.51491
4590 -2.77585
4600 -3.03357
4610 -3.28783
4620 -3.53843
4630 -3.78512
4640 -4.0277
4650 -4.26596
4660 -4.49968
4670 -4.72867
4680 -4.95274
4690 -5.17169
4700 -5.38534
4710 -5.59351
4720 -5.79604
4730 -5.99277
4740 -6.18352
4750 -6.36816
4760 -6.54653
4770 -6.7185
4780 -6.88394
4790 -7.04272
4800 -7.19473
4810 -7.33986
4820 -7.478
4830 -7.60905
4840 -7.73293
4850 -7.84955
4860 -7.95884
4870 -8.06073
4880 -8.15515
4890 -8.24207
4900 -8.32141
4910 -8.39316
4920 -8.45726
4930 -8.51371
4940 -8.56247
4950 -8.60354
4960 -8.63691
4970 -8.66258
4980 -8.68056
4990 -8.69087
5000 -8.69352
5010 -8.68855
5020 -8.67599
5030 -8.65588
5040 -8.62828
5050 -8.59322
5060 -8.55078
5070 -8.50101
5080 -8.44399
5090 -8.37981
5100 -8.30853
5110 -8.23026
5120 -8.14508
5130 -8.05309
5140 -7.95441
5150 -7.84913
5160 -7.73738
5170 -7.61928
5180 -7.49494
5190 -7.36451
5200 -7.2281
5210 -7.08587
5220 -6.93795
5230 -6.78449
5240 -6.62564
5250 -6.46154
5260 -6.29237
5270 -6.11828
5280 -5.93943
5290 -5.75598
5300 -5.56812
5310 -5.376
5320 -5.17981
5330 -4.97973
5340 -4.77592
5350 -4.56857
5360 -4.35787
5370 -4.144
5380 -3.92714
5390 -3.70749
5400 -3.48523
5410 -3.26056
5420 -3.03366
5430 -2.80472
5440 -2.57394
5450 -2.34151
5460 -2.10762
5470 -1.87247
5480 -1.63625
5490 -1.39915
5500 -1.16137
5510 -0.923094
5520 -0.684514
5530 -0.445823
5540 -0.20721
5550 0.0311364
5560 0.269029
5570 0.506283
5580 0.742713
5590 0.978136
5600 1.21237
5610 1.44524
5620 1.67656
5630 1.90617
5640 2.13389
5650 2.35954
5660 2.58296
5670 2.80399
5680 3.02247
5690 3.23822
5700 3.4511
5710 3.66096
5720 3.86764
5730 4.071
5740 4.27088
5750 4.46716
5760 4.65969
5770 4.84835
5780 5.03299
5790 5.2135
5800 5.38975
5810 5.56162
5820 5.729
5830 5.89178
5840 6.04986
5850 6.20312
5860 6.35147
5870 6.49482
5880 6.63308
5890 6.76616
5900 6.89397
5910 7.01645
5920 7.13352
5930 7.24511
5940 7.35116
5950 7.45161
5960 7.54639
5970 7.63547
5980 7.7188
5990 7.79633
6000 7.86802
6010 7.93385
6020 7.99378
6030 8.04779
6040 8.09587
6050 8.13799
6060 8.17414
6070 8.20433
6080 8.22854
6090 8.24678
6100 8.25905
6110 8.26537
6120 8.26575
6130 8.26021
6140 8.24877
6150 8.23146
6160 8.20832
6170 8.17937
6180 8.14466
6190 8.10422
6200 8.05812
6210 8.00639
6220 7.9491
6230 7.88629
6240 7.81804
6250 7.74441
6260 7.66546
6270 7.58127
6280 7.49192
6290 7.39748
6300 7.29803
6310 7.19367
6320 7.08447
6330 6.97054
6340 6.85195
6350 6.72882
6360 6.60124
6370 6.4693
6380 6.33313
6390 6.19281
6400 6.04847
6410 5.90021
6420 5.74814
6430 5.59239
6440 5.43307
6450 5.2703
6460 5.1042
6470 4.93489
6480 4.7625
6490 4.58716
6500 4.40898
6510 4.22811
6520 4.04467
6530 3.85879
6540 3.67061
6550 3.48025
6560 3.28785
6570 3.09355
6580 2.89748
6590 2.69978
6600 2.50059
6610 2.30003
6620 2.09826
6630 1.89539
6640 1.69158
6650 1.48696
6660 1.28167
6670 1.07585
6680 0.869619
6690 0.663131
6700 0.456517
6710 0.249912
6720 0.0434519
6730 -0.16273
6740 -0.368499
6750 -0.573724
6760 -0.778273
6770 -0.982014
6780 -1.18482
6790 -1.38656
6800 -1.58711
6810 -1.78634
6820 -1.98413
6830 -2.18035
6840 -2.37489
6850 -2.56762
6860 -2.75842
6870 -2.94719
6880 -3.1338
6890 -3.31814
6900 -3.50011
6910 -3.67959
6920 -3.85647
6930 -4.03066
6940 -4.20204
6950 -4.37053
6960 -4.53601
6970 -4.69841
6980 -4.85761
6990 -5.01354
7000 -5.16609
7010 -5.3152
7020 -5.46077
7030 -5.60272
7040 -5.74098
7050 -5.87547
7060 -6.00611
7070 -6.13284
7080 -6.25559
7090 -6.37429
7100 -6.48888
7110 -6.59931
7120 -6.70551
7130 -6.80744
7140 -6.90503
7150 -6.99825
7160 -7.08705
7170 -7.17139
7180 -7.25123
7190 -7.32653
7200 -7.39725
7210 -7.46338
7220 -7.52487
7230 -7.58172
7240 -7.63388
7250 -7.68136
7260 -7.72412
7270 -7.76216
7280 -7.79547
7290 -7.82404
7300 -7.84786
7310 -7.86694
7320 -7.88128
7330 -7.89087
7340 -7.89574
7350 -7.89588
7360 -7.89131
7370 -7.88205
7380 -7.86812
7390 -7.84953
7400 -7.82631
7410 -7.79848
7420 -7.76608
7430 -7.72913
7440 -7.68768
7450 -7.64175
7460 -7.59138
7470 -7.53662
7480 -7.47752
7490 -7.41411
7500 -7.34644
7510 -7.27457
7520 -7.19855
7530 -7.11844
7540 -7.03428
7550 -6.94615
7560 -6.85411
7570 -6.75821
7580 -6.65852
7590 -6.55512
7600 -6.44806
7610 -6.33743
7620 -6.22329
7630 -6.10572
7640 -5.9848
7650 -5.8606
7660 -5.7332
7670 -5.60269
7680 -5.46915
7690 -5.33266
7700 -5.19331
7710 -5.05118
7720 -4.90636
7730 -4.75895
7740 -4.60903
7750 -4.45669
7760 -4.30202
7770 -4.14513
7780 -3.9861
7790 -3.82503
7800 -3.66201
7810 -3.49714
7820 -3.33052
7830 -3.16224
7840 -2.99241
7850 -2.82113
7860 -2.64848
7870 -2.47458
7880 -2.29952
7890 -2.12341
7900 -1.94633
7910 -1.7684
7920 -1.58972
7930 -1.41038
7940 -1.23049
7950 -1.05014
7960 -0.869446
7970 -0.688496
7980 -0.507394
7990 -0.326241
8000 -0.145135
8010 0.0358239
8020 0.216538
8030 0.396908
8040 0.576837
8050 0.756228
8060 0.934984
8070 1.11301
8080 1.29021
8090 1.46649
8100 1.64176
8110 1.81593
8120 1.9889
8130 2.16058
8140 2.33088
8150 2.49972
8160 2.66701
8170 2.83267
8180 2.9966
8190 3.15872
8200 3.31895
8210 3.47722
8220 3.63343
8230 3.78752
8240 3.93941
8250 4.08901
8260 4.23626
8270 4.38108
8280 4.52341
8290 4.66317
8300 4.80029
8310 4.93471
8320 5.06637
8330 5.19521
8340 5.32115
8350 5.44414
8360 5.56413
8370 5.68106
8380 5.79487
8390 5.90552
8400 6.01295
8410 6.11711
8420 6.21796
8430 6.31545
8440 6.40954
8450 6.5002
8460 6.58737
8470 6.67103
8480 6.75113
8490 6.82765
8500 6.90056
8510 6.96981
8520 7.0354
8530 7.09729
8540 7.15546
8550 7.20989
8560 7.26056
8570 7.30746
8580 7.35055
8590 7.38985
8600 7.42532
8610 7.45697
8620 7.48479
8630 7.50877
8640 7.5289
8650 7.54519
8660 7.55764
8670 7.56625
8680 7.57102
8690 7.57196
8700 7.56909
8710 7.5624
8720 7.55191
8730 7.53764
8740 7.5196
8750 7.4978
8760 7.47228
8770 7.44305
8780 7.41012
8790 7.37354
8800 7.33332
8810 7.28949
8820 7.24209
8830 7.19114
8840 7.13667
8850 7.07873
8860 7.01735
8870 6.95256
8880 6.88441
8890 6.81294
8900 6.73819
8910 6.6602
8920 6.57903
8930 6.49471
8940 6.4073
8950 6.31684
8960 6.22339
8970 6.127
8980 6.02772
8990 5.92561
9000 5.82073
9010 5.71312
9020 5.60286
9030 5.48999
9040 5.37458
9050 5.2567
9060 5.1364
9070 5.01374
9080 4.8888
9090 4.76163
9100 4.63231
9110 4.5009
9120 4.36746
9130 4.23208
9140 4.0948
9150 3.95572
9160 3.81489
9170 3.67239
9180 3.52829
9190 3.38266
9200 3.23557
9210 3.0871
9220 2.93733
9230 2.78632
9240 2.63415
9250 2.48089
9260 2.32663
9270 2.17143
9280 2.01537
9290 1.85853
9300 1.70097
9310 1.54279
9320 1.38405
9330 1.22482
9340 1.0652
9350 0.905241
9360 0.745031
9370 0.584643
9380 0.424153
9390 0.263635
9400 0.103165
9410 -0.0571821
9420 -0.217332
9430 -0.377212
9440 -0.536746
9450 -0.695862
9460 -0.854487
9470 -1.01255
9480 -1.16997
9490 -1.32669
9500 -1.48263
9510 -1.63773
9520 -1.7919
9530 -1.94509
9540 -2.09722
9550 -2.24823
9560 -2.39805
9570 -2.54661
9580 -2.69385
9590 -2.83971
9600 -2.98411
9610 -3.127
9620 -3.26832
9630 -3.408
9640 -3.54598
9650 -3.68221
9660 -3.81662
9670 -3.94916
9680 -4.07977
9690 -4.20841
9700 -4.335
9710 -4.45951
9720 -4.58187
9730 -4.70204
9740 -4.81997
9750 -4.93561
9760 -5.04891
9770 -5.15982
9780 -5.26831
9790 -5.37433
9800 -5.47782
9810 -5.57877
9820 -5.67712
9830 -5.77283
9840 -5.86587
9850 -5.9562
9860 -6.04379
9870 -6.1286
9880 -6.21061
9890 -6.28978
9900 -6.36607
9910 -6.43948
9920 -6.50996
9930 -6.57749
9940 -6.64204
9950 -6.70361
9960 -6.76216
9970 -6.81767
9980 -6.87013
9990 -6.91952
10000 -6.96582
10010 -7.00902
10020 -7.04911
10030 -7.08608
10040 -7.11991
10050 -7.1506
10060 -7.17813
10070 -7.20252
10080 -7.22374
10090 -7.2418
10100 -7.25669
10110 -7.26842
10120 -7.27699
10130 -7.28239
10140 -7.28464
10150 -7.28373
10160 -7.27968
10170 -7.2725
10180 -7.26218
10190 -7.24875
10200 -7.23221
10210 -7.21258
10220 -7.18987
10230 -7.1641
10240 -7.13528
10250 -7.10344
10260 -7.06859
10270 -7.03075
10280 -6.98995
10290 -6.94621
10300 -6.89955
10310 -6.84999
10320 -6.79758
10330 -6.74232
10340 -6.68426
10350 -6.62342
10360 -6.55983
10370 -6.49353
10380 -6.42455
10390 -6.35292
10400 -6.27867
10410 -6.20185
10420 -6.1225
10430 -6.04064
10440 -5.95632
10450 -5.86958
10460 -5.78047
10470 -5.68901
10480 -5.59526
10490 -5.49926
10500 -5.40105
10510 -5.30068
10520 -5.19819
10530 -5.09363
10540 -4.98706
10550 -4.87851
10560 -4.76803
10570 -4.65568
10580 -4.5415
10590 -4.42555
10600 -4.30788
10610 -4.18854
10620 -4.06758
10630 -3.94505
10640 -3.82101
10650 -3.69551
10660 -3.56861
10670 -3.44036
10680 -3.31082
10690 -3.18004
10700 -3.04807
10710 -2.91499
10720 -2.78083
10730 -2.64566
10740 -2.50953
10750 -2.37251
10760 -2.23465
10770 -2.096
10780 -1.95663
10790 -1.81659
10800 -1.67595
10810 -1.53475
10820 -1.39306
10830 -1.25094
10840 -1.10845
10850 -0.965633
10860 -0.822561
10870 -0.679288
10880 -0.535874
10890 -0.392375
10900 -0.248849
10910 -0.105356
10920 0.0380488
10930 0.181307
10940 0.324361
10950 0.467155
10960 0.609631
10970 0.751733
10980 0.893406
10990 1.03459
11000 1.17524
11010 1.31529
11020 1.45469
11030 1.59338
11040 1.73131
11050 1.86843
11060 2.00469
11070 2.14003
11080 2.2744
11090 2.40774
11100 2.54002
11110 2.67117
11120 2.80115
11130 2.92991
11140 3.0574
11150 3.18357
11160 3.30838
11170 3.43178
11180 3.55371
11190 3.67415
11200 3.79304
11210 3.91033
11220 4.026
11230 4.13998
11240 4.25225
11250 4.36276
11260 4.47147
11270 4.57835
11280 4.68334
11290 4.78643
11300 4.88756
11310 4.98671
11320 5.08384
11330 5.17891
11340 5.2719
11350 5.36276
11360 5.45147
11370 5.538
11380 5.62232
11390 5.7044
11400 5.78421
11410 5.86173
11420 5.93692
11430 6.00977
11440 6.08026
11450 6.14835
11460 6.21402
11470 6.27726
11480 6.33805
11490 6.39636
11500 6.45218
11510 6.50549
11520 6.55628
11530 6.60453
11540 6.65023
11550 6.69335
11560 6.7339
11570 6.77187
11580 6.80723
11590 6.83998
11600 6.87012
11610 6.89764
11620 6.92252
11630 6.94478
11640 6.96439
11650 6.98137
11660 6.9957
11670 7.00739
11680 7.01644
11690 7.02285
11700 7.02662
11710 7.02775
11720 7.02624
11730 7.02211
11740 7.01536
11750 7.006
11760 6.99403
11770 6.97946
11780 6.9623
11790 6.94257
11800 6.92027
11810 6.89542
11820 6.86803
11830 6.83811
11840 6.80569
11850 6.77077
11860 6.73338
11870 6.69353
11880 6.65124
11890 6.60653
11900 6.55942
11910 6.50994
11920 6.4581
11930 6.40393
11940 6.34745
11950 6.28869
11960 6.22766
11970 6.16441
11980 6.09895
11990 6.03131
12000 5.96153
12010 5.88962
12020 5.81562
12030 5.73957
12040 5.66148
12050 5.5814
12060 5.49935
12070 5.41538
12080 5.3295
12090 5.24176
12100 5.15219
12110 5.06083
12120 4.96771
12130 4.87288
12140 4.77635
12150 4.67819
12160 4.57841
12170 4.47707
12180 4.3742
12190 4.26983
12200 4.16402
12210 4.0568
12220 3.9482
12230 3.83828
12240 3.72708
12250 3.61463
12260 3.50097
12270 3.38616
12280 3.27023
12290 3.15323
12300 3.0352
12310 2.91618
12320 2.79622
12330 2.67536
12340 2.55365
12350 2.43113
12360 2.30785
12370 2.18384
12380 2.05917
12390 1.93386
12400 1.80797
12410 1.68154
12420 1.55462
12430 1.42726
12440 1.29949
12450 1.17137
12460 1.04294
12470 0.914242
12480 0.785328
12490 0.656241
12500 0.527027
12510 0.397731
12520 0.2684
12530 0.139077
12540 0.00980955
12550 -0.119359
12560 -0.248382
12570 -0.377216
12580 -0.505817
12590 -0.634138
12600 -0.762137
12610 -0.88977
12620 -1.01699
12630 -1.14376
12640 -1.27003
12650 -1.39576
12660 -1.5209
12670 -1.64543
12680 -1.76928
12690 -1.89242
12700 -2.01482
12710 -2.13642
12720 -2.25719
12730 -2.37708
12740 -2.49606
12750 -2.61409
12760 -2.73113
12770 -2.84714
12780 -2.96208
12790 -3.07591
12800 -3.1886
12810 -3.30011
12820 -3.41041
12830 -3.51945
12840 -3.6272
12850 -3.73363
12860 -3.8387
12870 -3.94239
12880 -4.04465
12890 -4.14545
12900 -4.24476
12910 -4.34256
12920 -4.4388
12930 -4.53347
12940 -4.62652
12950 -4.71793
12960 -4.80768
12970 -4.89573
12980 -4.98205
12990 -5.06663
13000 -5.14943
13010 -5.23043
13020 -5.30961
13030 -5.38694
13040 -5.46239
13050 -5.53595
13060 -5.6076
13070 -5.6773
13080 -5.74505
13090 -5.81082
13100 -5.8746
13110 -5.93636
13120 -5.99608
13130 -6.05376
13140 -6.10937
13150 -6.1629
13160 -6.21434
13170 -6.26366
13180 -6.31086
13190 -6.35593
13200 -6.39885
13210 -6.43961
13220 -6.4782
13230 -6.51462
13240 -6.54885
13250 -6.58088
13260 -6.61071
13270 -6.63834
13280 -6.66375
13290 -6.68694
13300 -6.7079
13310 -6.72664
13320 -6.74315
13330 -6.75743
13340 -6.76947
13350 -6.77928
13360 -6.78685
13370 -6.7922
13380 -6.79531
13390 -6.79619
13400 -6.79484
13410 -6.79127
13420 -6.78549
13430 -6.77749
13440 -6.76728
13450 -6.75488
13460 -6.74028
13470 -6.7235
13480 -6.70454
13490 -6.68341
13500 -6.66013
13510 -6.6347
13520 -6.60713
13530 -6.57745
13540 -6.54565
13550 -6.51176
13560 -6.47578
13570 -6.43774
13580 -6.39765
13590 -6.35552
13600 -6.31137
13610 -6.26521
13620 -6.21707
13630 -6.16697
13640 -6.11492
13650 -6.06094
13660 -6.00506
13670 -5.94728
13680 -5.88764
13690 -5.82616
13700 -5.76286
13710 -5.69776
13720 -5.63088
13730 -5.56226
13740 -5.4919
13750 -5.41985
13760 -5.34612
13770 -5.27074
13780 -5.19373
13790 -5.11513
13800 -5.03496
13810 -4.95325
13820 -4.87002
13830 -4.78531
13840 -4.69914
13850 -4.61155
13860 -4.52256
13870 -4.4322
13880 -4.3405
13890 -4.24751
13900 -4.15323
13910 -4.05772
13920 -3.96099
13930 -3.86309
13940 -3.76404
13950 -3.66388
13960 -3.56263
13970 -3.46035
13980 -3.35704
13990 -3.25276
14000 -3.14754
14010 -3.0414
14020 -2.93439
14030 -2.82653
14040 -2.71787
14050 -2.60844
14060 -2.49827
14070 -2.3874
14080 -2.27587
14090 -2.1637
14100 -2.05094
14110 -1.93763
14120 -1.82379
14130 -1.70947
14140 -1.59469
14150 -1.47951
14160 -1.36394
14170 -1.24804
14180 -1.13183
14190 -1.01535
14200 -0.898643
14210 -0.781739
14220 -0.664676
14230 -0.54749
14240 -0.430218
14250 -0.312896
14260 -0.19556
14270 -0.0782455
14280 0.0390105
14290 0.156172
14300 0.273204
14310 0.390071
14320 0.506736
14330 0.623165
14340 0.739322
14350 0.855171
14360 0.970679
14370 1.08581
14380 1.20053
14390 1.3148
14400 1.4286
14410 1.54188
14420 1.65461
14430 1.76676
14440 1.87829
14450 1.98918
14460 2.09939
14470 2.20889
14480 2.31764
14490 2.42561
14500 2.53277
14510 2.6391
14520 2.74455
14530 2.84911
14540 2.95273
14550 3.05539
14560 3.15705
14570 3.2577
14580 3.3573
14590 3.45582
14600 3.55323
14610 3.64951
14620 3.74463
14630 3.83856
14640 3.93128
14650 4.02275
14660 4.11296
14670 4.20188
14680 4.28948
14690 4.37573
14700 4.46063
14710 4.54413
14720 4.62623
14730 4.70689
14740 4.78609
14750 4.86382
14760 4.94005
14770 5.01476
14780 5.08793
14790 5.15954
14800 5.22957
14810 5.29801
14820 5.36483
14830 5.43002
14840 5.49356
14850 5.55543
14860 5.61562
14870 5.67411
14880 5.7309
14890 5.78595
14900 5.83926
14910 5.89082
14920 5.94061
14930 5.98862
14940 6.03485
14950 6.07927
14960 6.12187
14970 6.16265
14980 6.20161
14990 6.23872
15000 6.27398
15010 6.30738
15020 6.33891
15030 6.36858
15040 6.39637
15050 6.42227
15060 6.44629
15070 6.46841
15080 6.48864
15090 6.50696
15100 6.52339
15110 6.53791
15120 6.55052
15130 6.56122
15140 6.57001
15150 6.5769
15160 6.58188
15170 6.58495
15180 6.58611
15190 6.58537
15200 6.58273
15210 6.5782
15220 6.57177
15230 6.56345
15240 6.55325
15250 6.54116
15260 6.52721
15270 6.51139
15280 6.4937
15290 6.47417
15300 6.45279
15310 6.42958
15320 6.40454
15330 6.37769
15340 6.34902
15350 6.31856
15360 6.28632
15370 6.2523
15380 6.21652
15390 6.17899
15400 6.13973
15410 6.09874
15420 6.05605
15430 6.01165
15440 5.96558
15450 5.91785
15460 5.86846
15470 5.81745
15480 5.76482
15490 5.71058
15500 5.65477
15510 5.59739
15520 5.53847
15530 5.47802
15540 5.41607
15550 5.35262
15560 5.28771
15570 5.22134
15580 5.15355
15590 5.08435
15600 5.01377
15610 4.94182
15620 4.86853
15630 4.79392
15640 4.71802
15650 4.64084
15660 4.5624
15670 4.48274
15680 4.40188
15690 4.31984
15700 4.23664
15710 4.15231
15720 4.06688
15730 3.98036
15740 3.8928
15750 3.8042
15760 3.7146
15770 3.62402
15780 3.53249
15790 3.44004
15800 3.3467
15810 3.25248
15820 3.15742
15830 3.06154
15840 2.96488
15850 2.86746
15860 2.7693
15870 2.67045
15880 2.57091
15890 2.47073
15900 2.36993
15910 2.26854
15920 2.16659
15930 2.06411
15940 1.96112
15950 1.85766
15960 1.75375
15970 1.64942
15980 1.54471
15990 1.43964
16000 1.33423
16010 1.22853
16020 1.12256
16030 1.01635
16040 0.909926
16050 0.80332
16060 0.69656
16070 0.589677
16080 0.482699
16090 0.375656
16100 0.268577
16110 0.161492
16120 0.0544287
16130 -0.0525826
16140 -0.159513
16150 -0.266335
16160 -0.373017
16170 -0.479533
16180 -0.585852
16190 -0.691948
16200 -0.79779
16210 -0.903351
16220 -1.0086
16230 -1.11352
16240 -1.21806
16250 -1.32222
16260 -1.42595
16270 -1.52924
16280 -1.63205
16290 -1.73436
16300 -1.83614
16310 -1.93736
16320 -2.038
16330 -2.13803
16340 -2.23742
16350 -2.33615
16360 -2.4342
16370 -2.53153
16380 -2.62813
16390 -2.72396
16400 -2.81901
16410 -2.91324
16420 -3.00664
16430 -3.09918
16440 -3.19083
16450 -3.28158
16460 -3.3714
16470 -3.46027
16480 -3.54816
16490 -3.63505
16500 -3.72092
16510 -3.80576
16520 -3.88953
16530 -3.97221
16540 -4.0538
16550 -4.13426
16560 -4.21357
16570 -4.29172
16580 -4.36869
16590 -4.44446
16600 -4.51901
16610 -4.59231
16620 -4.66437
16630 -4.73514
16640 -4.80463
16650 -4.87281
16660 -4.93966
16670 -5.00517
16680 -5.06933
16690 -5.13212
16700 -5.19352
16710 -5.25352
16720 -5.3121
16730 -5.36926
16740 -5.42498
16750 -5.47924
16760 -5.53203
16770 -5.58335
16780 -5.63317
16790 -5.6815
16800 -5.72831
16810 -5.77359
16820 -5.81735
16830 -5.85956
16840 -5.90022
16850 -5.93932
16860 -5.97685
16870 -6.0128
16880 -6.04717
16890 -6.07995
16900 -6.11113
16910 -6.14071
16920 -6.16867
16930 -6.19502
16940 -6.21975
16950 -6.24286
16960 -6.26434
16970 -6.28418
16980 -6.30239
16990 -6.31896
17000 -6.33389
17010 -6.34718
17020 -6.35882
17030 -6.36882
17040 -6.37717
17050 -6.38388
17060 -6.38894
17070 -6.39235
17080 -6.39412
17090 -6.39425
17100 -6.39274
17110 -6.38959
17120 -6.3848
17130 -6.37838
17140 -6.37033
17150 -6.36066
17160 -6.34936
17170 -6.33645
17180 -6.32193
17190 -6.30581
17200 -6.28808
17210 -6.26876
17220 -6.24786
17230 -6.22537
17240 -6.20132
17250 -6.1757
17260 -6.14853
17270 -6.11981
17280 -6.08955
17290 -6.05776
17300 -6.02446
17310 -5.98965
17320 -5.95334
17330 -5.91555
17340 -5.87628
17350 -5.83554
17360 -5.79336
17370 -5.74974
17380 -5.70468
17390 -5.65822
17400 -5.61036
17410 -5.56111
17420 -5.51048
17430 -5.4585
17440 -5.40518
17450 -5.35053
17460 -5.29456
17470 -5.2373
17480 -5.17875
17490 -5.11894
17500 -5.05788
17510 -4.99558
17520 -4.93207
17530 -4.86737
17540 -4.80148
17550 -4.73443
17560 -4.66623
17570 -4.59691
17580 -4.52648
17590 -4.45496
17600 -4.38237
17610 -4.30873
17620 -4.23406
17630 -4.15838
17640 -4.08171
17650 -4.00406
17660 -3.92547
17670 -3.84594
17680 -3.7655
17690 -3.68418
17700 -3.60199
17710 -3.51895
17720 -3.43509
17730 -3.35043
17740 -3.26498
17750 -3.17878
17760 -3.09183
17770 -3.00418
17780 -2.91583
17790 -2.82681
17800 -2.73715
17810 -2.64686
17820 -2.55597
17830 -2.4645
17840 -2.37248
17850 -2.27993
17860 -2.18687
17870 -2.09332
17880 -1.99931
17890 -1.90487
17900 -1.81001
17910 -1.71476
17920 -1.61914
17930 -1.52318
17940 -1.4269
17950 -1.33033
17960 -1.23348
17970 -1.13639
17980 -1.03907
17990 -0.941557
18000 -0.843867
18010 -0.746025
18020 -0.648055
18030 -0.549983
18040 -0.451831
18050 -0.353623
18060 -0.255384
18070 -0.157138
18080 -0.0589072
18090 0.0392832
18100 0.13741
18110 0.235449
18120 0.333377
18130 0.43117
18140 0.528805
18150 0.626258
18160 0.723507
18170 0.820527
18180 0.917296
18190 1.01379
18200 1.10999
18210 1.20586
18220 1.3014
18230 1.39656
18240 1.49134
18250 1.58571
18260 1.67965
18270 1.77313
18280 1.86614
18290 1.95864
18300 2.05063
18310 2.14207
18320 2.23296
18330 2.32325
18340 2.41295
18350 2.50201
18360 2.59043
18370 2.67819
18380 2.76525
18390 2.85161
18400 2.93724
18410 3.02213
18420 3.10625
18430 3.18958
18440 3.27211
18450 3.35382
18460 3.43469
18470 3.51469
18480 3.59382
18490 3.67205
18500 3.74937
18510 3.82576
18520 3.9012
18530 3.97568
18540 4.04917
18550 4.12167
18560 4.19316
18570 4.26361
18580 4.33303
18590 4.40138
18600 4.46865
18610 4.53484
18620 4.59992
18630 4.66388
18640 4.72672
18650 4.7884
18660 4.84893
18670 4.90828
18680 4.96645
18690 5.02343
18700 5.07919
18710 5.13373
18720 5.18704
18730 5.23911
18740 5.28992
18750 5.33947
18760 5.38774
18770 5.43473
18780 5.48042
18790 5.52481
18800 5.56789
18810 5.60964
18820 5.65006
18830 5.68915
18840 5.72689
18850 5.76328
18860 5.7983
18870 5.83196
18880 5.86425
18890 5.89516
18900 5.92468
18910 5.95281
18920 5.97955
18930 6.00489
18940 6.02882
18950 6.05134
18960 6.07245
18970 6.09215
18980 6.11043
18990 6.12728
19000 6.14272
19010 6.15672
19020 6.1693
19030 6.18045
19040 6.19017
19050 6.19846
19060 6.20531
19070 6.21074
19080 6.21474
19090 6.2173
19100 6.21843
19110 6.21814
19120 6.21642
19130 6.21328
19140 6.20871
19150 6.20272
19160 6.19531
19170 6.1865
19180 6.17626
19190 6.16463
19200 6.15159
19210 6.13715
19220 6.12132
19230 6.1041
19240 6.0855
19250 6.06552
19260 6.04416
19270 6.02145
19280 5.99737
19290 5.97195
19300 5.94517
19310 5.91707
19320 5.88763
19330 5.85687
19340 5.8248
19350 5.79142
19360 5.75675
19370 5.72079
19380 5.68356
19390 5.64506
19400 5.6053
19410 5.5643
19420 5.52206
19430 5.47859
19440 5.43391
19450 5.38803
19460 5.34096
19470 5.2927
19480 5.24328
19490 5.19271
19500 5.14099
19510 5.08814
19520 5.03418
19530 4.97911
19540 4.92295
19550 4.86572
19560 4.80742
19570 4.74808
19580 4.6877
19590 4.6263
19600 4.5639
19610 4.50051
19620 4.43615
19630 4.37083
19640 4.30456
19650 4.23737
19660 4.16926
19670 4.10026
19680 4.03038
19690 3.95964
19700 3.88805
19710 3.81563
19720 3.7424
19730 3.66838
19740 3.59358
19750 3.51801
19760 3.44171
19770 3.36468
19780 3.28694
19790 3.20851
19800 3.12941
19810 3.04966
19820 2.96927
19830 2.88827
19840 2.80667
19850 2.72449
19860 2.64174
19870 2.55846
19880 2.47466
19890 2.39035
19900 2.30555
19910 2.22029
19920 2.13459
19930 2.04845
19940 1.96191
19950 1.87498
19960 1.78769
19970 1.70004
19980 1.61207
19990 1.52378
20000 1.4352
20010 1.34636
