10 -2.38479
20 -5.79819
30 -6.82889
40 -6.70924
50 -5.96219
60 -4.87545
70 -3.62688
80 -2.33267
90 -1.07034
100 0.108539
110 1.17061
120 2.09567
130 2.87319
140 3.49975
150 3.97724
160 4.31136
170 4.51061
180 4.58542
190 4.54746
200 4.40915
210 4.18324
220 3.8825
230 3.51943
240 3.10611
250 2.65405
260 2.17407
270 1.67621
280 1.16972
290 0.662998
300 0.163593
310 -0.32179
320 -0.787283
330 -1.22783
340 -1.63914
350 -2.0177
360 -2.36066
370 -2.66585
380 -2.93172
390 -3.15728
400 -3.34208
410 -3.48611
420 -3.58982
430 -3.65404
440 -3.67994
450 -3.66898
460 -3.62289
470 -3.54362
480 -3.43329
490 -3.29418
500 -3.12869
510 -2.93931
520 -2.72856
530 -2.49903
540 -2.25331
550 -1.99395
560 -1.72351
570 -1.44447
580 -1.15927
590 -0.870253
600 -0.579676
610 -0.289698
620 -0.00236926
630 0.280379
640 0.556737
650 0.825025
660 1.08369
670 1.33132
680 1.56663
690 1.78847
700 1.99583
710 2.18783
720 2.36373
730 2.52289
740 2.66484
750 2.78919
760 2.89568
770 2.98419
780 3.05465
790 3.10716
800 3.14185
810 3.159
820 3.15893
830 3.14207
840 3.10891
850 3.06
860 2.99596
870 2.91747
880 2.82525
890 2.72006
900 2.60273
910 2.47407
920 2.33496
930 2.18628
940 2.02893
950 1.86384
960 1.6919
970 1.51406
980 1.33124
990 1.14434
1000 0.95427
1010 0.76193
1020 0.568192
1030 0.373912
1040 0.179925
1050 -0.0129613
1060 -0.203965
1070 -0.392336
1080 -0.577353
1090 -0.758331
1100 -0.934618
1110 -1.1056
1120 -1.2707
1130 -1.42938
1140 -1.58113
1150 -1.7255
1160 -1.86207
1170 -1.99046
1180 -2.11032
1190 -2.22136
1200 -2.32331
1210 -2.41596
1220 -2.49913
1230 -2.57267
1240 -2.63648
1250 -2.69048
1260 -2.73465
1270 -2.76899
1280 -2.79353
1290 -2.80835
1300 -2.81354
1310 -2.80923
1320 -2.79558
1330 -2.77279
1340 -2.74105
1350 -2.70061
1360 -2.65172
1370 -2.59467
1380 -2.52976
1390 -2.45731
1400 -2.37764
1410 -2.29113
1420 -2.19812
1430 -2.09899
1440 -1.99415
1450 -1.88397
1460 -1.76887
1470 -1.64926
1480 -1.52556
1490 -1.39818
1500 -1.26755
1510 -1.1341
1520 -0.998243
1530 -0.860407
1540 -0.721009
1550 -0.580467
1560 -0.439191
1570 -0.297587
1580 -0.156053
1590 -0.0149796
1600 0.12525
1610 0.264264
1620 0.401699
1630 0.537204
1640 0.670439
1650 0.801076
1660 0.928801
1670 1.05331
1680 1.17432
1690 1.29155
1700 1.40475
1710 1.51368
1720 1.61809
1730 1.71779
1740 1.81256
1750 1.90224
1760 1.98665
1770 2.06565
1780 2.1391
1790 2.20688
1800 2.26888
1810 2.32504
1820 2.37526
1830 2.4195
1840 2.45771
1850 2.48987
1860 2.51597
1870 2.53602
1880 2.55002
1890 2.55802
1900 2.56005
1910 2.55618
1920 2.54647
1930 2.53101
1940 2.5099
1950 2.48323
1960 2.45112
1970 2.41371
1980 2.37112
1990 2.32351
2000 2.27103
2010 2.21385
2020 2.15213
2030 2.08605
2040 2.0158
2050 1.94156
2060 1.86355
2070 1.78195
2080 1.69699
2090 1.60885
2100 1.51777
2110 1.42396
2120 1.32764
2130 1.22904
2140 1.12837
2150 1.02586
2160 0.921739
2170 0.816232
2180 0.709564
2190 0.601959
2200 0.493642
2210 0.384833
2220 0.275754
2230 0.166622
2240 0.0576509
2250 -0.0509475
2260 -0.158965
2270 -0.266198
2280 -0.372446
2290 -0.477515
2300 -0.581213
2310 -0.683354
2320 -0.78376
2330 -0.882256
2340 -0.978672
2350 -1.07285
2360 -1.16462
2370 -1.25385
2380 -1.34039
2390 -1.42409
2400 -1.50485
2410 -1.58252
2420 -1.65699
2430 -1.72816
2440 -1.79592
2450 -1.86019
2460 -1.92087
2470 -1.97788
2480 -2.03116
2490 -2.08064
2500 -2.12627
2510 -2.16798
2520 -2.20575
2530 -2.23954
2540 -2.26932
2550 -2.29508
2560 -2.31679
2570 -2.33445
2580 -2.34807
2590 -2.35766
2600 -2.36322
2610 -2.36477
2620 -2.36236
2630 -2.35601
2640 -2.34576
2650 -2.33166
2660 -2.31376
2670 -2.29212
2680 -2.2668
2690 -2.23787
2700 -2.20541
2710 -2.16949
2720 -2.13019
2730 -2.08762
2740 -2.04185
2750 -1.99298
2760 -1.94112
2770 -1.88636
2780 -1.82883
2790 -1.76861
2800 -1.70584
2810 -1.64063
2820 -1.57309
2830 -1.50334
2840 -1.43152
2850 -1.35774
2860 -1.28213
2870 -1.20482
2880 -1.12595
2890 -1.04563
2900 -0.964014
2910 -0.881218
2920 -0.797381
2930 -0.712634
2940 -0.627111
2950 -0.540944
2960 -0.454266
2970 -0.367208
2980 -0.279902
2990 -0.192476
3000 -0.105061
3010 -0.0177831
3020 0.0692312
3030 0.155857
3040 0.241973
3050 0.327457
3060 0.412191
3070 0.496059
3080 0.578947
3090 0.660742
3100 0.741337
3110 0.820625
3120 0.898503
3130 0.97487
3140 1.04963
3150 1.12269
3160 1.19395
3170 1.26334
3180 1.33076
3190 1.39614
3200 1.45939
3210 1.52046
3220 1.57925
3230 1.63572
3240 1.68979
3250 1.74142
3260 1.79053
3270 1.8371
3280 1.88105
3290 1.92237
3300 1.961
3310 1.99691
3320 2.03006
3330 2.06044
3340 2.08802
3350 2.11278
3360 2.13471
3370 2.15378
3380 2.17
3390 2.18336
3400 2.19386
3410 2.2015
3420 2.20629
3430 2.20824
3440 2.20737
3450 2.20369
3460 2.19722
3470 2.18799
3480 2.17602
3490 2.16135
3500 2.14401
3510 2.12403
3520 2.10146
3530 2.07634
3540 2.04871
3550 2.01863
3560 1.98614
3570 1.9513
3580 1.91416
3590 1.87478
3600 1.83323
3610 1.78955
3620 1.74383
3630 1.69613
3640 1.64651
3650 1.59504
3660 1.5418
3670 1.48686
3680 1.43029
3690 1.37218
3700 1.31259
3710 1.25162
3720 1.18932
3730 1.1258
3740 1.06112
3750 0.995369
3760 0.928633
3770 0.860993
3780 0.792531
3790 0.723331
3800 0.653478
3810 0.583054
3820 0.512146
3830 0.440835
3840 0.369206
3850 0.297342
3860 0.225326
3870 0.15324
3880 0.0811674
3890 0.0091885
3900 -0.062616
3910 -0.134166
3920 -0.205383
3930 -0.27619
3940 -0.346508
3950 -0.416263
3960 -0.48538
3970 -0.553785
3980 -0.621407
3990 -0.688176
4000 -0.754022
4010 -0.818878
4020 -0.882677
4030 -0.945356
4040 -1.00685
4050 -1.0671
4060 -1.12605
4070 -1.18364
4080 -1.23982
4090 -1.29452
4100 -1.3477
4110 -1.39932
4120 -1.44932
4130 -1.49765
4140 -1.54428
4150 -1.58917
4160 -1.63226
4170 -1.67354
4180 -1.71295
4190 -1.75048
4200 -1.78609
4210 -1.81975
4220 -1.85144
4230 -1.88113
4240 -1.9088
4250 -1.93443
4260 -1.95801
4270 -1.97952
4280 -1.99895
4290 -2.01628
4300 -2.03152
4310 -2.04465
4320 -2.05567
4330 -2.06459
4340 -2.07139
4350 -2.07609
4360 -2.07868
4370 -2.07918
4380 -2.07759
4390 -2.07393
4400 -2.06821
4410 -2.06044
4420 -2.05064
4430 -2.03883
4440 -2.02503
4450 -2.00926
4460 -1.99155
4470 -1.97193
4480 -1.95041
4490 -1.92703
4500 -1.90183
4510 -1.87483
4520 -1.84607
4530 -1.81558
4540 -1.78341
4550 -1.74958
4560 -1.71414
4570 -1.67713
4580 -1.6386
4590 -1.59858
4600 -1.55713
4610 -1.51428
4620 -1.47008
4630 -1.42458
4640 -1.37784
4650 -1.32989
4660 -1.2808
4670 -1.2306
4680 -1.17936
4690 -1.12712
4700 -1.07395
4710 -1.01988
4720 -0.964978
4730 -0.909297
4740 -0.852892
4750 -0.795817
4760 -0.738128
4770 -0.67988
4780 -0.62113
4790 -0.561933
4800 -0.502345
4810 -0.442423
4820 -0.382223
4830 -0.321799
4840 -0.261209
4850 -0.200507
4860 -0.139749
4870 -0.0789904
4880 -0.018285
4890 0.0423126
4900 0.102748
4910 0.162969
4920 0.222922
4930 0.282555
4940 0.341815
4950 0.400653
4960 0.459017
4970 0.516858
4980 0.574127
4990 0.630776
5000 0.686757
5010 0.742025
5020 0.796534
5030 0.850238
5040 0.903096
5050 0.955063
5060 1.0061
5070 1.05616
5080 1.10522
5090 1.15322
5100 1.20013
5110 1.24593
5120 1.29056
5130 1.334
5140 1.37622
5150 1.41718
5160 1.45686
5170 1.49522
5180 1.53225
5190 1.5679
5200 1.60216
5210 1.63501
5220 1.66642
5230 1.69636
5240 1.72483
5250 1.75181
5260 1.77727
5270 1.8012
5280 1.82358
5290 1.84442
5300 1.86368
5310 1.88137
5320 1.89747
5330 1.91197
5340 1.92488
5350 1.93619
5360 1.94588
5370 1.95397
5380 1.96045
5390 1.96532
5400 1.96858
5410 1.97024
5420 1.9703
5430 1.96877
5440 1.96565
5450 1.96095
5460 1.95468
5470 1.94686
5480 1.93749
5490 1.92659
5500 1.91417
5510 1.90025
5520 1.88484
5530 1.86797
5540 1.84964
5550 1.82988
5560 1.80872
5570 1.78616
5580 1.76225
5590 1.73699
5600 1.71041
5610 1.68254
5620 1.65341
5630 1.62304
5640 1.59146
5650 1.5587
5660 1.52479
5670 1.48976
5680 1.45364
5690 1.41646
5700 1.37825
5710 1.33905
5720 1.29889
5730 1.25781
5740 1.21584
5750 1.17301
5760 1.12936
5770 1.08493
5780 1.03975
5790 0.993863
5800 0.947301
5810 0.900103
5820 0.852307
5830 0.803952
5840 0.755075
5850 0.705715
5860 0.655911
5870 0.605701
5880 0.555124
5890 0.50422
5900 0.453026
5910 0.401583
5920 0.349929
5930 0.298103
5940 0.246144
5950 0.194091
5960 0.141982
5970 0.0898564
5980 0.0377519
5990 -0.0142932
6000 -0.066241
6010 -0.118054
6020 -0.169695
6030 -0.221126
6040 -0.272312
6050 -0.323215
6060 -0.3738
6070 -0.424031
6080 -0.473874
6090 -0.523292
6100 -0.572254
6110 -0.620723
6120 -0.668669
6130 -0.716057
6140 -0.762856
6150 -0.809034
6160 -0.854561
6170 -0.899405
6180 -0.943539
6190 -0.986931
6200 -1.02956
6210 -1.07138
6220 -1.11239
6230 -1.15254
6240 -1.19182
6250 -1.2302
6260 -1.26765
6270 -1.30416
6280 -1.3397
6290 -1.37424
6300 -1.40778
6310 -1.44028
6320 -1.47173
6330 -1.50211
6340 -1.5314
6350 -1.55958
6360 -1.58665
6370 -1.61258
6380 -1.63736
6390 -1.66097
6400 -1.68341
6410 -1.70466
6420 -1.72471
6430 -1.74356
6440 -1.76118
6450 -1.77758
6460 -1.79275
6470 -1.80667
6480 -1.81935
6490 -1.83079
6500 -1.84096
6510 -1.84988
6520 -1.85754
6530 -1.86394
6540 -1.86908
6550 -1.87296
6560 -1.87558
6570 -1.87694
6580 -1.87705
6590 -1.87591
6600 -1.87352
6610 -1.86989
6620 -1.86502
6630 -1.85893
6640 -1.85162
6650 -1.8431
6660 -1.83338
6670 -1.82246
6680 -1.81036
6690 -1.79709
6700 -1.78267
6710 -1.7671
6720 -1.7504
6730 -1.73258
6740 -1.71366
6750 -1.69365
6760 -1.67258
6770 -1.65045
6780 -1.62728
6790 -1.6031
6800 -1.57792
6810 -1.55175
6820 -1.52463
6830 -1.49657
6840 -1.46758
6850 -1.4377
6860 -1.40694
6870 -1.37533
6880 -1.34289
6890 -1.30964
6900 -1.2756
6910 -1.2408
6920 -1.20527
6930 -1.16902
6940 -1.13209
6950 -1.09449
6960 -1.05626
6970 -1.01742
6980 -0.977993
6990 -0.938009
7000 -0.897494
7010 -0.856475
7020 -0.814979
7030 -0.773033
7040 -0.730664
7050 -0.687901
7060 -0.64477
7070 -0.601301
7080 -0.55752
7090 -0.513455
7100 -0.469136
7110 -0.424589
7120 -0.379843
7130 -0.334925
7140 -0.289865
7150 -0.24469
7160 -0.199428
7170 -0.154107
7180 -0.108756
7190 -0.0634003
7200 -0.0180696
7210 0.0272093
7220 0.0724088
7230 0.117502
7240 0.162461
7250 0.20726
7260 0.251872
7270 0.296271
7280 0.34043
7290 0.384323
7300 0.427925
7310 0.47121
7320 0.514154
7330 0.556731
7340 0.598917
7350 0.640688
7360 0.68202
7370 0.72289
7380 0.763274
7390 0.803151
7400 0.842497
7410 0.88129
7420 0.919511
7430 0.957136
7440 0.994146
7450 1.03052
7460 1.06624
7470 1.10129
7480 1.13564
7490 1.16928
7500 1.20219
7510 1.23435
7520 1.26576
7530 1.29638
7540 1.3262
7550 1.35522
7560 1.38341
7570 1.41076
7580 1.43726
7590 1.46289
7600 1.48765
7610 1.51151
7620 1.53447
7630 1.55652
7640 1.57765
7650 1.59784
7660 1.61709
7670 1.63539
7680 1.65273
7690 1.6691
7700 1.68451
7710 1.69893
7720 1.71237
7730 1.72482
7740 1.73627
7750 1.74673
7760 1.75618
7770 1.76464
7780 1.77208
7790 1.77852
7800 1.78394
7810 1.78836
7820 1.79177
7830 1.79417
7840 1.79556
7850 1.79595
7860 1.79533
7870 1.79371
7880 1.7911
7890 1.78749
7900 1.7829
7910 1.77732
7920 1.77076
7930 1.76323
7940 1.75473
7950 1.74528
7960 1.73488
7970 1.72353
7980 1.71125
7990 1.69805
8000 1.68393
8010 1.6689
8020 1.65298
8030 1.63618
8040 1.61851
8050 1.59997
8060 1.58059
8070 1.56037
8080 1.53933
8090 1.51747
8100 1.49483
8110 1.4714
8120 1.44721
8130 1.42226
8140 1.39658
8150 1.37018
8160 1.34307
8170 1.31527
8180 1.28681
8190 1.25769
8200 1.22793
8210 1.19755
8220 1.16656
8230 1.135
8240 1.10286
8250 1.07018
8260 1.03697
8270 1.00325
8280 0.969042
8290 0.934359
8300 0.899224
8310 0.863656
8320 0.827676
8330 0.791302
8340 0.754556
8350 0.717457
8360 0.680026
8370 0.642283
8380 0.604248
8390 0.565943
8400 0.527388
8410 0.488603
8420 0.44961
8430 0.410429
8440 0.371081
8450 0.331587
8460 0.291968
8470 0.252244
8480 0.212436
8490 0.172566
8500 0.132653
8510 0.0927189
8520 0.0527838
8530 0.0128685
8540 -0.0270067
8550 -0.0668214
8560 -0.106555
8570 -0.146188
8580 -0.1857
8590 -0.225071
8600 -0.264281
8610 -0.303311
8620 -0.342142
8630 -0.380753
8640 -0.419126
8650 -0.457242
8660 -0.495083
8670 -0.532629
8680 -0.569862
8690 -0.606765
8700 -0.643319
8710 -0.679507
8720 -0.715311
8730 -0.750715
8740 -0.785701
8750 -0.820254
8760 -0.854355
8770 -0.887991
8780 -0.921144
8790 -0.953799
8800 -0.985942
8810 -1.01756
8820 -1.04863
8830 -1.07915
8840 -1.10909
8850 -1.13845
8860 -1.16722
8870 -1.19537
8880 -1.22291
8890 -1.2498
8900 -1.27605
8910 -1.30165
8920 -1.32657
8930 -1.35081
8940 -1.37437
8950 -1.39722
8960 -1.41936
8970 -1.44079
8980 -1.46149
8990 -1.48144
9000 -1.50066
9010 -1.51912
9020 -1.53683
9030 -1.55376
9040 -1.56993
9050 -1.58531
9060 -1.59991
9070 -1.61372
9080 -1.62673
9090 -1.63895
9100 -1.65036
9110 -1.66096
9120 -1.67075
9130 -1.67973
9140 -1.68789
9150 -1.69523
9160 -1.70175
9170 -1.70745
9180 -1.71233
9190 -1.71639
9200 -1.71962
9210 -1.72203
9220 -1.72361
9230 -1.72438
9240 -1.72432
9250 -1.72345
9260 -1.72176
9270 -1.71926
9280 -1.71595
9290 -1.71183
9300 -1.70691
9310 -1.70119
9320 -1.69467
9330 -1.68736
9340 -1.67927
9350 -1.6704
9360 -1.66075
9370 -1.65034
9380 -1.63916
9390 -1.62723
9400 -1.61456
9410 -1.60114
9420 -1.587
9430 -1.57213
9440 -1.55654
9450 -1.54025
9460 -1.52326
9470 -1.50558
9480 -1.48723
9490 -1.4682
9500 -1.44852
9510 -1.42819
9520 -1.40722
9530 -1.38563
9540 -1.36342
9550 -1.34061
9560 -1.31721
9570 -1.29322
9580 -1.26867
9590 -1.24357
9600 -1.21792
9610 -1.19174
9620 -1.16505
9630 -1.13786
9640 -1.11017
9650 -1.08201
9660 -1.05338
9670 -1.02431
9680 -0.9948
9690 -0.964872
9700 -0.934539
9710 -0.903814
9720 -0.872713
9730 -0.84125
9740 -0.809441
9750 -0.7773
9760 -0.744842
9770 -0.712083
9780 -0.679038
9790 -0.645722
9800 -0.612151
9810 -0.57834
9820 -0.544306
9830 -0.510063
9840 -0.475627
9850 -0.441014
9860 -0.406241
9870 -0.371322
9880 -0.336273
9890 -0.30111
9900 -0.26585
9910 -0.230507
9920 -0.195098
9930 -0.159639
9940 -0.124145
9950 -0.0886313
9960 -0.0531146
9970 -0.0176102
9980 0.0178664
9990 0.0532996
10000 0.088674
10010 0.123974
10020 0.159185
10030 0.194291
10040 0.229276
10050 0.264127
10060 0.298828
10070 0.333365
10080 0.367722
10090 0.401885
10100 0.435839
10110 0.469571
10120 0.503065
10130 0.536309
10140 0.569288
10150 0.601988
10160 0.634396
10170 0.666498
10180 0.698281
10190 0.729733
10200 0.760839
10210 0.791588
10220 0.821967
10230 0.851964
10240 0.881566
10250 0.910762
10260 0.93954
10270 0.967888
10280 0.995796
10290 1.02325
10300 1.05024
10310 1.07676
10320 1.1028
10330 1.12834
10340 1.15338
10350 1.17791
10360 1.20191
10370 1.22538
10380 1.24831
10390 1.27069
10400 1.29252
10410 1.31377
10420 1.33446
10430 1.35456
10440 1.37407
10450 1.39299
10460 1.41131
10470 1.42901
10480 1.4461
10490 1.46257
10500 1.47842
10510 1.49363
10520 1.5082
10530 1.52213
10540 1.53541
10550 1.54805
10560 1.56002
10570 1.57134
10580 1.582
10590 1.59199
10600 1.60131
10610 1.60996
10620 1.61793
10630 1.62523
10640 1.63186
10650 1.6378
10660 1.64307
10670 1.64765
10680 1.65156
10690 1.65478
10700 1.65732
10710 1.65918
10720 1.66035
10730 1.66085
10740 1.66067
10750 1.65981
10760 1.65827
10770 1.65606
10780 1.65318
10790 1.64963
10800 1.64541
10810 1.64053
10820 1.63498
10830 1.62878
10840 1.62193
10850 1.61442
10860 1.60627
10870 1.59748
10880 1.58805
10890 1.578
10900 1.56731
10910 1.55601
10920 1.54408
10930 1.53156
10940 1.51842
10950 1.50469
10960 1.49037
10970 1.47547
10980 1.45999
10990 1.44395
11000 1.42734
11010 1.41018
11020 1.39247
11030 1.37422
11040 1.35545
11050 1.33615
11060 1.31634
11070 1.29602
11080 1.27522
11090 1.25392
11100 1.23215
11110 1.20991
11120 1.18721
11130 1.16407
11140 1.14049
11150 1.11648
11160 1.09205
11170 1.06722
11180 1.04199
11190 1.01637
11200 0.99038
11210 0.964024
11220 0.937314
11230 0.910261
11240 0.882877
11250 0.855173
11260 0.827161
11270 0.798851
11280 0.770255
11290 0.741386
11300 0.712254
11310 0.682871
11320 0.65325
11330 0.623402
11340 0.593339
11350 0.563073
11360 0.532616
11370 0.50198
11380 0.471178
11390 0.440221
11400 0.409122
11410 0.377893
11420 0.346546
11430 0.315094
11440 0.283548
11450 0.251921
11460 0.220225
11470 0.188472
11480 0.156675
11490 0.124846
11500 0.0929972
11510 0.0611404
11520 0.029288
11530 -0.00254794
11540 -0.0343553
11550 -0.0661221
11560 -0.0978362
11570 -0.129486
11580 -0.161059
11590 -0.192544
11600 -0.223929
11610 -0.255202
11620 -0.286352
11630 -0.317368
11640 -0.348236
11650 -0.378948
11660 -0.40949
11670 -0.439852
11680 -0.470023
11690 -0.499991
11700 -0.529746
11710 -0.559278
11720 -0.588575
11730 -0.617626
11740 -0.646422
11750 -0.674952
11760 -0.703206
11770 -0.731174
11780 -0.758845
11790 -0.786211
11800 -0.813261
11810 -0.839986
11820 -0.866376
11830 -0.892423
11840 -0.918117
11850 -0.943449
11860 -0.968411
11870 -0.992994
11880 -1.01719
11890 -1.04099
11900 -1.06438
11910 -1.08737
11920 -1.10993
11930 -1.13207
11940 -1.15377
11950 -1.17503
11960 -1.19584
11970 -1.2162
11980 -1.23609
11990 -1.25552
12000 -1.27447
12010 -1.29293
12020 -1.31091
12030 -1.3284
12040 -1.34539
12050 -1.36187
12060 -1.37785
12070 -1.39331
12080 -1.40825
12090 -1.42267
12100 -1.43656
12110 -1.44992
12120 -1.46274
12130 -1.47502
12140 -1.48676
12150 -1.49795
12160 -1.5086
12170 -1.51869
12180 -1.52822
12190 -1.5372
12200 -1.54562
12210 -1.55347
12220 -1.56076
12230 -1.56748
12240 -1.57364
12250 -1.57923
12260 -1.58424
12270 -1.58869
12280 -1.59257
12290 -1.59587
12300 -1.5986
12310 -1.60076
12320 -1.60235
12330 -1.60337
12340 -1.60381
12350 -1.60369
12360 -1.60299
12370 -1.60173
12380 -1.5999
12390 -1.59751
12400 -1.59455
12410 -1.59103
12420 -1.58695
12430 -1.58232
12440 -1.57713
12450 -1.57139
12460 -1.56509
12470 -1.55826
12480 -1.55088
12490 -1.54296
12500 -1.53451
12510 -1.52553
12520 -1.51601
12530 -1.50598
12540 -1.49542
12550 -1.48436
12560 -1.47278
12570 -1.46069
12580 -1.44811
12590 -1.43503
12600 -1.42146
12610 -1.40741
12620 -1.39288
12630 -1.37788
12640 -1.36241
12650 -1.34648
12660 -1.3301
12670 -1.31327
12680 -1.296
12690 -1.27829
12700 -1.26016
12710 -1.2416
12720 -1.22263
12730 -1.20326
12740 -1.18348
12750 -1.16332
12760 -1.14277
12770 -1.12184
12780 -1.10054
12790 -1.07889
12800 -1.05688
12810 -1.03452
12820 -1.01183
12830 -0.98881
12840 -0.96547
12850 -0.941818
12860 -0.917864
12870 -0.893615
12880 -0.869081
12890 -0.84427
12900 -0.81919
12910 -0.793852
12920 -0.768264
12930 -0.742435
12940 -0.716374
12950 -0.690091
12960 -0.663594
12970 -0.636893
12980 -0.609997
12990 -0.582916
13000 -0.555659
13010 -0.528236
13020 -0.500655
13030 -0.472927
13040 -0.445062
13050 -0.417068
13060 -0.388955
13070 -0.360733
13080 -0.332412
13090 -0.304001
13100 -0.27551
13110 -0.246948
13120 -0.218326
13130 -0.189652
13140 -0.160937
13150 -0.13219
13160 -0.103421
13170 -0.0746391
13180 -0.0458543
13190 -0.0170761
13200 0.011686
13210 0.0404224
13220 0.0691237
13230 0.0977803
13240 0.126383
13250 0.154922
13260 0.183388
13270 0.211773
13280 0.240065
13290 0.268258
13300 0.29634
13310 0.324304
13320 0.35214
13330 0.379839
13340 0.407392
13350 0.434791
13360 0.462027
13370 0.48909
13380 0.515973
13390 0.542667
13400 0.569163
13410 0.595453
13420 0.621529
13430 0.647382
13440 0.673005
13450 0.698389
13460 0.723526
13470 0.748409
13480 0.77303
13490 0.797381
13500 0.821455
13510 0.845245
13520 0.868742
13530 0.891941
13540 0.914833
13550 0.937412
13560 0.959671
13570 0.981603
13580 1.0032
13590 1.02446
13600 1.04537
13610 1.06593
13620 1.08614
13630 1.10597
13640 1.12544
13650 1.14453
13660 1.16324
13670 1.18156
13680 1.19949
13690 1.21703
13700 1.23415
13710 1.25088
13720 1.26719
13730 1.28308
13740 1.29855
13750 1.3136
13760 1.32821
13770 1.3424
13780 1.35614
13790 1.36944
13800 1.3823
13810 1.39471
13820 1.40667
13830 1.41817
13840 1.42922
13850 1.4398
13860 1.44992
13870 1.45957
13880 1.46876
13890 1.47748
13900 1.48572
13910 1.49349
13920 1.50078
13930 1.50759
13940 1.51393
13950 1.51978
13960 1.52515
13970 1.53004
13980 1.53444
13990 1.53836
14000 1.5418
14010 1.54475
14020 1.54721
14030 1.54919
14040 1.55069
14050 1.55169
14060 1.55222
14070 1.55226
14080 1.55181
14090 1.55088
14100 1.54947
14110 1.54758
14120 1.54521
14130 1.54236
14140 1.53904
14150 1.53524
14160 1.53096
14170 1.52622
14180 1.521
14190 1.51532
14200 1.50918
14210 1.50257
14220 1.49551
14230 1.48799
14240 1.48001
14250 1.47159
14260 1.46271
14270 1.4534
14280 1.44364
14290 1.43345
14300 1.42283
14310 1.41177
14320 1.4003
14330 1.3884
14340 1.37608
14350 1.36335
14360 1.35022
14370 1.33668
14380 1.32274
14390 1.30841
14400 1.29369
14410 1.27859
14420 1.26311
14430 1.24725
14440 1.23103
14450 1.21444
14460 1.1975
14470 1.1802
14480 1.16256
14490 1.14458
14500 1.12627
14510 1.10763
14520 1.08866
14530 1.06938
14540 1.04979
14550 1.0299
14560 1.00971
14570 0.989234
14580 0.968472
14590 0.947432
14600 0.926122
14610 0.904548
14620 0.882717
14630 0.860637
14640 0.838314
14650 0.815755
14660 0.792967
14670 0.769958
14680 0.746734
14690 0.723303
14700 0.699672
14710 0.675848
14720 0.651839
14730 0.627652
14740 0.603295
14750 0.578775
14760 0.554099
14770 0.529276
14780 0.504312
14790 0.479215
14800 0.453993
14810 0.428654
14820 0.403205
14830 0.377654
14840 0.352008
14850 0.326276
14860 0.300464
14870 0.274582
14880 0.248635
14890 0.222633
14900 0.196583
14910 0.170492
14920 0.144369
14930 0.118221
14940 0.0920554
14950 0.0658805
14960 0.0397038
14970 0.0135329
14980 -0.0126244
14990 -0.0387606
15000 -0.0648681
15010 -0.0909392
15020 -0.116966
15030 -0.142942
15040 -0.168859
15050 -0.194709
15060 -0.220485
15070 -0.24618
15080 -0.271787
15090 -0.297297
15100 -0.322704
15110 -0.348001
15120 -0.373179
15130 -0.398233
15140 -0.423155
15150 -0.447938
15160 -0.472575
15170 -0.497059
15180 -0.521383
15190 -0.545541
15200 -0.569525
15210 -0.593329
15220 -0.616946
15230 -0.640371
15240 -0.663595
15250 -0.686613
15260 -0.709419
15270 -0.732006
15280 -0.754367
15290 -0.776498
15300 -0.798392
15310 -0.820042
15320 -0.841444
15330 -0.86259
15340 -0.883477
15350 -0.904097
15360 -0.924445
15370 -0.944516
15380 -0.964304
15390 -0.983805
15400 -1.00301
15410 -1.02192
15420 -1.04053
15430 -1.05883
15440 -1.07681
15450 -1.09448
15460 -1.11183
15470 -1.12885
15480 -1.14554
15490 -1.16189
15500 -1.17791
15510 -1.19358
15520 -1.2089
15530 -1.22387
15540 -1.23849
15550 -1.25274
15560 -1.26664
15570 -1.28017
15580 -1.29333
15590 -1.30612
15600 -1.31853
15610 -1.33056
15620 -1.34221
15630 -1.35348
15640 -1.36436
15650 -1.37485
15660 -1.38495
15670 -1.39466
15680 -1.40396
15690 -1.41287
15700 -1.42138
15710 -1.42949
15720 -1.43719
15730 -1.44449
15740 -1.45138
15750 -1.45786
15760 -1.46393
15770 -1.46959
15780 -1.47484
15790 -1.47967
15800 -1.48409
15810 -1.4881
15820 -1.49169
15830 -1.49486
15840 -1.49762
15850 -1.49996
15860 -1.50189
15870 -1.5034
15880 -1.50449
15890 -1.50517
15900 -1.50543
15910 -1.50527
15920 -1.50471
15930 -1.50372
15940 -1.50233
15950 -1.50052
15960 -1.4983
15970 -1.49566
15980 -1.49263
15990 -1.48918
16000 -1.48532
16010 -1.48107
16020 -1.4764
16030 -1.47134
16040 -1.46588
16050 -1.46002
16060 -1.45377
16070 -1.44712
16080 -1.44008
16090 -1.43265
16100 -1.42484
16110 -1.41664
16120 -1.40807
16130 -1.39911
16140 -1.38979
16150 -1.38008
16160 -1.37002
16170 -1.35958
16180 -1.34878
16190 -1.33763
16200 -1.32612
16210 -1.31425
16220 -1.30204
16230 -1.28949
16240 -1.27659
16250 -1.26336
16260 -1.24979
16270 -1.23589
16280 -1.22167
16290 -1.20713
16300 -1.19228
16310 -1.17711
16320 -1.16164
16330 -1.14586
16340 -1.12978
16350 -1.11341
16360 -1.09676
16370 -1.07982
16380 -1.0626
16390 -1.0451
16400 -1.02734
16410 -1.00931
16420 -0.991027
16430 -0.972488
16440 -0.9537
16450 -0.93467
16460 -0.915402
16470 -0.895902
16480 -0.876175
16490 -0.856227
16500 -0.836063
16510 -0.81569
16520 -0.795112
16530 -0.774335
16540 -0.753366
16550 -0.73221
16560 -0.710872
16570 -0.689359
16580 -0.667676
16590 -0.64583
16600 -0.623827
16610 -0.601672
16620 -0.579371
16630 -0.556931
16640 -0.534358
16650 -0.511657
16660 -0.488835
16670 -0.465899
16680 -0.442853
16690 -0.419705
16700 -0.39646
16710 -0.373125
16720 -0.349707
16730 -0.32621
16740 -0.302642
16750 -0.279009
16760 -0.255317
16770 -0.231572
16780 -0.207781
16790 -0.18395
16800 -0.160085
16810 -0.136192
16820 -0.112278
16830 -0.0883489
16840 -0.064411
16850 -0.0404706
16860 -0.0165338
16870 0.0073931
16880 0.0313039
16890 0.0551924
16900 0.0790524
16910 0.102878
16920 0.126662
16930 0.1504
16940 0.174085
16950 0.197711
16960 0.221271
16970 0.244761
16980 0.268173
16990 0.291503
17000 0.314743
17010 0.337889
17020 0.360934
17030 0.383872
17040 0.406698
17050 0.429406
17060 0.45199
17070 0.474445
17080 0.496765
17090 0.518944
17100 0.540977
17110 0.562859
17120 0.584583
17130 0.606145
17140 0.627539
17150 0.648761
17160 0.669803
17170 0.690663
17180 0.711334
17190 0.731811
17200 0.75209
17210 0.772165
17220 0.792032
17230 0.811686
17240 0.831121
17250 0.850334
17260 0.86932
17270 0.888074
17280 0.906591
17290 0.924868
17300 0.942899
17310 0.960681
17320 0.97821
17330 0.99548
17340 1.01249
17350 1.02923
17360 1.0457
17370 1.0619
17380 1.07783
17390 1.09347
17400 1.10882
17410 1.12389
17420 1.13867
17430 1.15315
17440 1.16733
17450 1.18121
17460 1.19479
17470 1.20806
17480 1.22101
17490 1.23366
17500 1.24599
17510 1.25799
17520 1.26968
17530 1.28104
17540 1.29208
17550 1.30278
17560 1.31316
17570 1.3232
17580 1.3329
17590 1.34226
17600 1.35129
17610 1.35997
17620 1.36832
17630 1.37631
17640 1.38396
17650 1.39126
17660 1.39821
17670 1.40481
17680 1.41106
17690 1.41695
17700 1.42249
17710 1.42767
17720 1.4325
17730 1.43697
17740 1.44108
17750 1.44483
17760 1.44822
17770 1.45126
17780 1.45393
17790 1.45625
17800 1.4582
17810 1.4598
17820 1.46103
17830 1.4619
17840 1.46242
17850 1.46257
17860 1.46236
17870 1.4618
17880 1.46087
17890 1.45959
17900 1.45795
17910 1.45596
17920 1.45361
17930 1.45091
17940 1.44785
17950 1.44444
17960 1.44068
17970 1.43657
17980 1.43211
17990 1.4273
18000 1.42215
18010 1.41666
18020 1.41082
18030 1.40465
18040 1.39813
18050 1.39128
18060 1.38409
18070 1.37658
18080 1.36873
18090 1.36056
18100 1.35206
18110 1.34323
18120 1.33409
18130 1.32463
18140 1.31485
18150 1.30476
18160 1.29436
18170 1.28366
18180 1.27265
18190 1.26134
18200 1.24973
18210 1.23783
18220 1.22563
18230 1.21315
18240 1.20038
18250 1.18734
18260 1.17401
18270 1.16041
18280 1.14653
18290 1.13239
18300 1.11799
18310 1.10332
18320 1.0884
18330 1.07323
18340 1.05781
18350 1.04214
18360 1.02624
18370 1.01009
18380 0.993717
18390 0.977113
18400 0.960286
18410 0.943238
18420 0.925976
18430 0.908502
18440 0.890822
18450 0.872939
18460 0.854858
18470 0.836585
18480 0.818122
18490 0.799475
18500 0.780649
18510 0.761648
18520 0.742477
18530 0.72314
18540 0.703642
18550 0.683989
18560 0.664185
18570 0.644234
18580 0.624142
18590 0.603913
18600 0.583553
18610 0.563066
18620 0.542457
18630 0.521732
18640 0.500895
18650 0.479952
18660 0.458906
18670 0.437765
18680 0.416531
18690 0.395212
18700 0.373811
18710 0.352333
18720 0.330785
18730 0.309171
18740 0.287495
18750 0.265765
18760 0.243983
18770 0.222156
18780 0.200289
18790 0.178387
18800 0.156454
18810 0.134497
18820 0.11252
18830 0.0905291
18840 0.0685283
18850 0.0465233
18860 0.0245191
18870 0.00252088
18880 -0.0194663
18890 -0.0414373
18900 -0.063387
18910 -0.0853105
18920 -0.107203
18930 -0.129058
18940 -0.150872
18950 -0.17264
18960 -0.194356
18970 -0.216016
18980 -0.237615
18990 -0.259147
19000 -0.280608
19010 -0.301993
19020 -0.323297
19030 -0.344516
19040 -0.365644
19050 -0.386676
19060 -0.407609
19070 -0.428437
19080 -0.449155
19090 -0.469759
19100 -0.490245
19110 -0.510607
19120 -0.530841
19130 -0.550943
19140 -0.570908
19150 -0.590732
19160 -0.610411
19170 -0.629939
19180 -0.649313
19190 -0.668529
19200 -0.687582
19210 -0.706468
19220 -0.725182
19230 -0.743722
19240 -0.762082
19250 -0.780259
19260 -0.798249
19270 -0.816048
19280 -0.833651
19290 -0.851056
19300 -0.868259
19310 -0.885255
19320 -0.902042
19330 -0.918615
19340 -0.934971
19350 -0.951107
19360 -0.967018
19370 -0.982703
19380 -0.998157
19390 -1.01338
19400 -1.02836
19410 -1.0431
19420 -1.0576
19430 -1.07186
19440 -1.08586
19450 -1.09961
19460 -1.11311
19470 -1.12635
19480 -1.13933
19490 -1.15204
19500 -1.16449
19510 -1.17667
19520 -1.18858
19530 -1.20022
19540 -1.21158
19550 -1.22267
19560 -1.23347
19570 -1.24399
19580 -1.25423
19590 -1.26419
19600 -1.27385
19610 -1.28322
19620 -1.29231
19630 -1.30109
19640 -1.30959
19650 -1.31779
19660 -1.32568
19670 -1.33328
19680 -1.34058
19690 -1.34758
19700 -1.35427
19710 -1.36066
19720 -1.36674
19730 -1.37251
19740 -1.37798
19750 -1.38313
19760 -1.38798
19770 -1.39252
19780 -1.39674
19790 -1.40066
19800 -1.40426
19810 -1.40755
19820 -1.41052
19830 -1.41318
19840 -1.41553
19850 -1.41757
19860 -1.41929
19870 -1.42069
19880 -1.42178
19890 -1.42256
19900 -1.42302
19910 -1.42317
19920 -1.42301
19930 -1.42253
19940 -1.42174
19950 -1.42064
19960 -1.41922
19970 -1.4175
19980 -1.41546
19990 -1.41311
20000 -1.41046
20010 -1.4075
