10 -34.1077
20 -22.822
30 -12.0462
40 -2.83951
50 4.59806
60 10.3166
70 14.4592
80 17.2038
90 18.7376
100 19.2448
110 18.8998
120 17.8638
130 16.2839
140 14.2918
150 12.0048
160 9.52565
170 6.94348
180 4.33482
190 1.76439
200 -0.713921
210 -3.05606
220 -5.22691
230 -7.19937
240 -8.95352
250 -10.4758
260 -11.7581
270 -12.7974
280 -13.5948
290 -14.155
300 -14.4857
310 -14.5973
320 -14.502
330 -14.2139
340 -13.7483
350 -13.1214
360 -12.3501
370 -11.4514
380 -10.4428
390 -9.34134
400 -8.16406
410 -6.92742
420 -5.64737
430 -4.33914
440 -3.01723
450 -1.69529
460 -0.386056
470 0.898664
480 2.14804
490 3.35222
500 4.50238
510 5.59065
520 6.61017
530 7.55504
540 8.4203
550 9.20192
560 9.89673
570 10.5024
580 11.0174
590 11.441
600 11.7732
610 12.0145
620 12.1661
630 12.23
640 12.2084
650 12.104
660 11.9203
670 11.6606
680 11.329
690 10.9297
700 10.4672
710 9.94611
720 9.37129
730 8.7477
740 8.08038
750 7.37445
760 6.63502
770 5.86721
780 5.0761
790 4.2667
800 3.44394
810 2.61264
820 1.77747
830 0.94298
840 0.113527
850 -0.706699
860 -1.51371
870 -2.30371
880 -3.07313
890 -3.81863
900 -4.53708
910 -5.22561
920 -5.88155
930 -6.50252
940 -7.08633
950 -7.63108
960 -8.13507
970 -8.59686
980 -9.01523
990 -9.38922
1000 -9.71805
1010 -10.0012
1020 -10.2383
1030 -10.4293
1040 -10.5743
1050 -10.6735
1060 -10.7273
1070 -10.7365
1080 -10.7018
1090 -10.6241
1100 -10.5046
1110 -10.3445
1120 -10.1451
1130 -9.90788
1140 -9.6345
1150 -9.3266
1160 -8.98594
1170 -8.61438
1180 -8.21381
1190 -7.78622
1200 -7.33363
1210 -6.8581
1220 -6.36172
1230 -5.84661
1240 -5.31491
1250 -4.76876
1260 -4.21028
1270 -3.64163
1280 -3.0649
1290 -2.4822
1300 -1.89559
1310 -1.30711
1320 -0.71874
1330 -0.132431
1340 0.449921
1350 1.02648
1360 1.59545
1370 2.15513
1380 2.70387
1390 3.24008
1400 3.76226
1410 4.26897
1420 4.75887
1430 5.23069
1440 5.68322
1450 6.11538
1460 6.52612
1470 6.91453
1480 7.27973
1490 7.62098
1500 7.93758
1510 8.22894
1520 8.49455
1530 8.73399
1540 8.9469
1550 9.13304
1560 9.29222
1570 9.42434
1580 9.52937
1590 9.60736
1600 9.65845
1610 9.68282
1620 9.68073
1630 9.65253
1640 9.59861
1650 9.51942
1660 9.41547
1670 9.28735
1680 9.13567
1690 8.9611
1700 8.76438
1710 8.54626
1720 8.30755
1730 8.04911
1740 7.7718
1750 7.47654
1760 7.16428
1770 6.83599
1780 6.49265
1790 6.13527
1800 5.7649
1810 5.38257
1820 4.98934
1830 4.58626
1840 4.17443
1850 3.7549
1860 3.32875
1870 2.89706
1880 2.46089
1890 2.02131
1900 1.57937
1910 1.13611
1920 0.69257
1930 0.249753
1940 -0.191343
1950 -0.629739
1960 -1.06448
1970 -1.49463
1980 -1.91929
1990 -2.33756
2000 -2.7486
2010 -3.15157
2020 -3.54568
2030 -3.93017
2040 -4.3043
2050 -4.66736
2060 -5.0187
2070 -5.35767
2080 -5.68368
2090 -5.99617
2100 -6.29462
2110 -6.57853
2120 -6.84745
2130 -7.10098
2140 -7.33872
2150 -7.56035
2160 -7.76557
2170 -7.9541
2180 -8.12572
2190 -8.28025
2200 -8.41752
2210 -8.53743
2220 -8.63989
2230 -8.72485
2240 -8.79231
2250 -8.84229
2260 -8.87485
2270 -8.89008
2280 -8.8881
2290 -8.86906
2300 -8.83316
2310 -8.7806
2320 -8.71163
2330 -8.62653
2340 -8.52558
2350 -8.40911
2360 -8.27748
2370 -8.13105
2380 -7.97022
2390 -7.7954
2400 -7.60704
2410 -7.40558
2420 -7.19151
2430 -6.96532
2440 -6.7275
2450 -6.47859
2460 -6.21911
2470 -5.94962
2480 -5.67068
2490 -5.38285
2500 -5.08671
2510 -4.78284
2520 -4.47184
2530 -4.1543
2540 -3.83083
2550 -3.50202
2560 -3.16849
2570 -2.83084
2580 -2.48968
2590 -2.14562
2600 -1.79925
2610 -1.45119
2620 -1.10202
2630 -0.752339
2640 -0.402733
2650 -0.0537813
2660 0.293945
2670 0.639883
2680 0.983478
2690 1.32419
2700 1.66148
2710 1.99482
2720 2.32372
2730 2.64767
2740 2.96619
2750 3.27881
2760 3.58507
2770 3.88454
2780 4.17679
2790 4.46141
2800 4.73801
2810 5.00622
2820 5.26567
2830 5.51603
2840 5.75697
2850 5.98818
2860 6.20939
2870 6.42031
2880 6.62071
2890 6.81035
2900 6.98901
2910 7.1565
2920 7.31265
2930 7.4573
2940 7.59032
2950 7.71157
2960 7.82097
2970 7.91843
2980 8.00388
2990 8.07729
3000 8.13862
3010 8.18786
3020 8.22504
3030 8.25016
3040 8.26327
3050 8.26444
3060 8.25374
3070 8.23126
3080 8.19711
3090 8.15142
3100 8.09432
3110 8.02597
3120 7.94654
3130 7.8562
3140 7.75517
3150 7.64364
3160 7.52183
3170 7.38999
3180 7.24835
3190 7.09717
3200 6.93672
3210 6.76728
3220 6.58913
3230 6.40257
3240 6.20791
3250 6.00545
3260 5.79553
3270 5.57846
3280 5.35458
3290 5.12424
3300 4.88777
3310 4.64553
3320 4.39787
3330 4.14516
3340 3.88775
3350 3.62601
3360 3.36031
3370 3.09103
3380 2.81852
3390 2.54316
3400 2.26533
3410 1.9854
3420 1.70374
3430 1.42072
3440 1.1367
3450 0.852067
3460 0.567173
3470 0.282384
3480 -0.00194294
3490 -0.285451
3500 -0.56779
3510 -0.848612
3520 -1.12758
3530 -1.40435
3540 -1.67859
3550 -1.94999
3560 -2.21821
3570 -2.48295
3580 -2.74391
3590 -3.00078
3600 -3.25327
3610 -3.50111
3620 -3.74401
3630 -3.98171
3640 -4.21395
3650 -4.44049
3660 -4.66107
3670 -4.87548
3680 -5.08348
3690 -5.28486
3700 -5.47943
3710 -5.66698
3720 -5.84734
3730 -6.02033
3740 -6.18579
3750 -6.34355
3760 -6.49349
3770 -6.63547
3780 -6.76935
3790 -6.89504
3800 -7.01243
3810 -7.12142
3820 -7.22194
3830 -7.31392
3840 -7.39729
3850 -7.47201
3860 -7.53802
3870 -7.59532
3880 -7.64386
3890 -7.68365
3900 -7.71469
3910 -7.73698
3920 -7.75055
3930 -7.75542
3940 -7.75163
3950 -7.73923
3960 -7.71828
3970 -7.68884
3980 -7.65099
3990 -7.60482
4000 -7.55041
4010 -7.48787
4020 -7.4173
4030 -7.33882
4040 -7.25257
4050 -7.15865
4060 -7.05723
4070 -6.94844
4080 -6.83244
4090 -6.70939
4100 -6.57945
4110 -6.44279
4120 -6.2996
4130 -6.15006
4140 -5.99435
4150 -5.83268
4160 -5.66524
4170 -5.49223
4180 -5.31387
4190 -5.13037
4200 -4.94193
4210 -4.74879
4220 -4.55117
4230 -4.34929
4240 -4.14338
4250 -3.93368
4260 -3.72041
4270 -3.50381
4280 -3.28413
4290 -3.0616
4300 -2.83646
4310 -2.60895
4320 -2.37932
4330 -2.1478
4340 -1.91465
4350 -1.6801
4360 -1.44439
4370 -1.20778
4380 -0.970492
4390 -0.732777
4400 -0.494871
4410 -0.257012
4420 -0.0194368
4430 0.217621
4440 0.453929
4450 0.689257
4460 0.923378
4470 1.15607
4480 1.38711
4490 1.61627
4500 1.84335
4510 2.06813
4520 2.2904
4530 2.50996
4540 2.72661
4550 2.94015
4560 3.15039
4570 3.35714
4580 3.56022
4590 3.75945
4600 3.95467
4610 4.14568
4620 4.33235
4630 4.5145
4640 4.69199
4650 4.86466
4660 5.03238
4670 5.19501
4680 5.35241
4690 5.50447
4700 5.65106
4710 5.79207
4720 5.9274
4730 6.05693
4740 6.18058
4750 6.29826
4760 6.40988
4770 6.51536
4780 6.61464
4790 6.70764
4800 6.79432
4810 6.87461
4820 6.94847
4830 7.01586
4840 7.07675
4850 7.13111
4860 7.17891
4870 7.22014
4880 7.25479
4890 7.28285
4900 7.30433
4910 7.31923
4920 7.32758
4930 7.32937
4940 7.32465
4950 7.31344
4960 7.29578
4970 7.27171
4980 7.24128
4990 7.20454
5000 7.16154
5010 7.11235
5020 7.05704
5030 6.99568
5040 6.92834
5050 6.85512
5060 6.77609
5070 6.69135
5080 6.60099
5090 6.50512
5100 6.40383
5110 6.29724
5120 6.18546
5130 6.0686
5140 5.94679
5150 5.82014
5160 5.68879
5170 5.55285
5180 5.41248
5190 5.26779
5200 5.11894
5210 4.96606
5220 4.80929
5230 4.64879
5240 4.4847
5250 4.31717
5260 4.14635
5270 3.97241
5280 3.79549
5290 3.61576
5300 3.43337
5310 3.24849
5320 3.06127
5330 2.87188
5340 2.68049
5350 2.48725
5360 2.29234
5370 2.09592
5380 1.89815
5390 1.6992
5400 1.49924
5410 1.29843
5420 1.09695
5430 0.894942
5440 0.692588
5450 0.490048
5460 0.287485
5470 0.0850623
5480 -0.117059
5490 -0.318719
5500 -0.519756
5510 -0.720015
5520 -0.919338
5530 -1.11757
5540 -1.31456
5550 -1.51015
5560 -1.7042
5570 -1.89656
5580 -2.08708
5590 -2.27561
5600 -2.46203
5610 -2.64619
5620 -2.82795
5630 -3.00719
5640 -3.18377
5650 -3.35755
5660 -3.52843
5670 -3.69628
5680 -3.86097
5690 -4.02239
5700 -4.18043
5710 -4.33498
5720 -4.48593
5730 -4.63318
5740 -4.77663
5750 -4.91618
5760 -5.05175
5770 -5.18323
5780 -5.31055
5790 -5.43363
5800 -5.55237
5810 -5.66672
5820 -5.7766
5830 -5.88194
5840 -5.98267
5850 -6.07874
5860 -6.1701
5870 -6.25668
5880 -6.33845
5890 -6.41535
5900 -6.48735
5910 -6.55441
5920 -6.61649
5930 -6.67357
5940 -6.72562
5950 -6.77263
5960 -6.81456
5970 -6.85141
5980 -6.88317
5990 -6.90983
6000 -6.9314
6010 -6.94786
6020 -6.95923
6030 -6.96551
6040 -6.96672
6050 -6.96288
6060 -6.95399
6070 -6.94009
6080 -6.92121
6090 -6.89736
6100 -6.86859
6110 -6.83493
6120 -6.79642
6130 -6.75311
6140 -6.70504
6150 -6.65227
6160 -6.59483
6170 -6.5328
6180 -6.46623
6190 -6.39518
6200 -6.31972
6210 -6.23991
6220 -6.15582
6230 -6.06754
6240 -5.97512
6250 -5.87866
6260 -5.77823
6270 -5.67391
6280 -5.56579
6290 -5.45396
6300 -5.33851
6310 -5.21952
6320 -5.0971
6330 -4.97134
6340 -4.84233
6350 -4.71018
6360 -4.57499
6370 -4.43686
6380 -4.29589
6390 -4.15219
6400 -4.00586
6410 -3.85702
6420 -3.70578
6430 -3.55224
6440 -3.39652
6450 -3.23872
6460 -3.07898
6470 -2.91739
6480 -2.75407
6490 -2.58914
6500 -2.42272
6510 -2.25492
6520 -2.08586
6530 -1.91565
6540 -1.74442
6550 -1.57228
6560 -1.39936
6570 -1.22576
6580 -1.05161
6590 -0.877017
6600 -0.70211
6610 -0.527002
6620 -0.351808
6630 -0.176647
6640 -0.00163221
6650 0.17312
6660 0.347495
6670 0.521381
6680 0.694663
6690 0.86723
6700 1.03897
6710 1.20978
6720 1.37954
6730 1.54814
6740 1.71549
6750 1.88148
6760 2.046
6770 2.20895
6780 2.37023
6790 2.52973
6800 2.68737
6810 2.84305
6820 2.99667
6830 3.14813
6840 3.29736
6850 3.44425
6860 3.58873
6870 3.7307
6880 3.87008
6890 4.0068
6900 4.14077
6910 4.27192
6920 4.40016
6930 4.52543
6940 4.64766
6950 4.76678
6960 4.88272
6970 4.99542
6980 5.10482
6990 5.21085
7000 5.31347
7010 5.41261
7020 5.50822
7030 5.60026
7040 5.68868
7050 5.77343
7060 5.85447
7070 5.93176
7080 6.00526
7090 6.07494
7100 6.14077
7110 6.20271
7120 6.26075
7130 6.31484
7140 6.36498
7150 6.41114
7160 6.45331
7170 6.49146
7180 6.5256
7190 6.5557
7200 6.58176
7210 6.60379
7220 6.62176
7230 6.63569
7240 6.64558
7250 6.65143
7260 6.65325
7270 6.65105
7280 6.64485
7290 6.63465
7300 6.62047
7310 6.60234
7320 6.58028
7330 6.55431
7340 6.52445
7350 6.49073
7360 6.45319
7370 6.41186
7380 6.36677
7390 6.31796
7400 6.26547
7410 6.20934
7420 6.14961
7430 6.08632
7440 6.01953
7450 5.94929
7460 5.87564
7470 5.79863
7480 5.71833
7490 5.63478
7500 5.54804
7510 5.45818
7520 5.36525
7530 5.26932
7540 5.17044
7550 5.0687
7560 4.96414
7570 4.85684
7580 4.74688
7590 4.63431
7600 4.51921
7610 4.40166
7620 4.28173
7630 4.15949
7640 4.03502
7650 3.9084
7660 3.77971
7670 3.64902
7680 3.51641
7690 3.38197
7700 3.24578
7710 3.10792
7720 2.96846
7730 2.82751
7740 2.68513
7750 2.54141
7760 2.39645
7770 2.25031
7780 2.1031
7790 1.95488
7800 1.80576
7810 1.65582
7820 1.50513
7830 1.3538
7840 1.2019
7850 1.04952
7860 0.896752
7870 0.743676
7880 0.59038
7890 0.436951
7900 0.283473
7910 0.130032
7920 -0.0232875
7930 -0.1764
7940 -0.329223
7950 -0.481671
7960 -0.633662
7970 -0.785114
7980 -0.935943
7990 -1.08607
8000 -1.23541
8010 -1.38389
8020 -1.53143
8030 -1.67794
8040 -1.82336
8050 -1.9676
8060 -2.1106
8070 -2.25226
8080 -2.39253
8090 -2.53133
8100 -2.66858
8110 -2.80422
8120 -2.93818
8130 -3.07038
8140 -3.20077
8150 -3.32927
8160 -3.45583
8170 -3.58037
8180 -3.70284
8190 -3.82318
8200 -3.94132
8210 -4.05721
8220 -4.1708
8230 -4.28202
8240 -4.39082
8250 -4.49716
8260 -4.60098
8270 -4.70223
8280 -4.80087
8290 -4.89685
8300 -4.99012
8310 -5.08064
8320 -5.16837
8330 -5.25328
8340 -5.33532
8350 -5.41445
8360 -5.49065
8370 -5.56388
8380 -5.63411
8390 -5.7013
8400 -5.76544
8410 -5.82649
8420 -5.88443
8430 -5.93924
8440 -5.9909
8450 -6.03938
8460 -6.08467
8470 -6.12676
8480 -6.16562
8490 -6.20125
8500 -6.23364
8510 -6.26277
8520 -6.28865
8530 -6.31125
8540 -6.33059
8550 -6.34666
8560 -6.35945
8570 -6.36897
8580 -6.37522
8590 -6.37821
8600 -6.37793
8610 -6.37441
8620 -6.36765
8630 -6.35765
8640 -6.34444
8650 -6.32802
8660 -6.30841
8670 -6.28564
8680 -6.25971
8690 -6.23065
8700 -6.19848
8710 -6.16322
8720 -6.12491
8730 -6.08355
8740 -6.03919
8750 -5.99185
8760 -5.94156
8770 -5.88836
8780 -5.83227
8790 -5.77334
8800 -5.71159
8810 -5.64707
8820 -5.57981
8830 -5.50985
8840 -5.43724
8850 -5.36201
8860 -5.28421
8870 -5.20389
8880 -5.12108
8890 -5.03584
8900 -4.94821
8910 -4.85824
8920 -4.76598
8930 -4.67148
8940 -4.5748
8950 -4.47598
8960 -4.37508
8970 -4.27215
8980 -4.16724
8990 -4.06042
9000 -3.95174
9010 -3.84125
9020 -3.72902
9030 -3.61509
9040 -3.49954
9050 -3.38242
9060 -3.26379
9070 -3.14372
9080 -3.02225
9090 -2.89946
9100 -2.77541
9110 -2.65015
9120 -2.52376
9130 -2.39629
9140 -2.26781
9150 -2.13839
9160 -2.00808
9170 -1.87695
9180 -1.74507
9190 -1.61249
9200 -1.4793
9210 -1.34554
9220 -1.21129
9230 -1.0766
9240 -0.941554
9250 -0.806204
9260 -0.670619
9270 -0.534862
9280 -0.398999
9290 -0.263094
9300 -0.12721
9310 0.00858687
9320 0.144234
9330 0.279668
9340 0.414826
9350 0.549644
9360 0.684061
9370 0.818013
9380 0.95144
9390 1.08428
9400 1.21647
9410 1.34796
9420 1.47867
9430 1.60856
9440 1.73757
9450 1.86563
9460 1.99269
9470 2.11869
9480 2.24358
9490 2.3673
9500 2.48979
9510 2.61101
9520 2.7309
9530 2.8494
9540 2.96647
9550 3.08205
9560 3.19609
9570 3.30855
9580 3.41938
9590 3.52853
9600 3.63595
9610 3.7416
9620 3.84543
9630 3.9474
9640 4.04747
9650 4.14559
9660 4.24173
9670 4.33584
9680 4.42789
9690 4.51784
9700 4.60565
9710 4.69129
9720 4.77473
9730 4.85592
9740 4.93485
9750 5.01147
9760 5.08576
9770 5.15769
9780 5.22723
9790 5.29435
9800 5.35904
9810 5.42126
9820 5.481
9830 5.53823
9840 5.59293
9850 5.64508
9860 5.69467
9870 5.74168
9880 5.78609
9890 5.82788
9900 5.86705
9910 5.90358
9920 5.93746
9930 5.96869
9940 5.99724
9950 6.02313
9960 6.04633
9970 6.06685
9980 6.08468
9990 6.09982
10000 6.11227
10010 6.12202
10020 6.12909
10030 6.13346
10040 6.13515
10050 6.13416
10060 6.13049
10070 6.12416
10080 6.11517
10090 6.10352
10100 6.08924
10110 6.07232
10120 6.05279
10130 6.03065
10140 6.00593
10150 5.97864
10160 5.94878
10170 5.9164
10180 5.88149
10190 5.84408
10200 5.8042
10210 5.76186
10220 5.71709
10230 5.66991
10240 5.62034
10250 5.56842
10260 5.51416
10270 5.4576
10280 5.39877
10290 5.33769
10300 5.2744
10310 5.20892
10320 5.14129
10330 5.07155
10340 4.99972
10350 4.92583
10360 4.84993
10370 4.77206
10380 4.69224
10390 4.61051
10400 4.52692
10410 4.4415
10420 4.35429
10430 4.26534
10440 4.17467
10450 4.08234
10460 3.98838
10470 3.89285
10480 3.79577
10490 3.6972
10500 3.59717
10510 3.49574
10520 3.39295
10530 3.28884
10540 3.18346
10550 3.07686
10560 2.96908
10570 2.86017
10580 2.75017
10590 2.63914
10600 2.52712
10610 2.41416
10620 2.30031
10630 2.18562
10640 2.07014
10650 1.95391
10660 1.83698
10670 1.71941
10680 1.60124
10690 1.48253
10700 1.36331
10710 1.24366
10720 1.1236
10730 1.0032
10740 0.882493
10750 0.761543
10760 0.640396
10770 0.519099
10780 0.397704
10790 0.27626
10800 0.154816
10810 0.0334213
10820 -0.0878746
10830 -0.209023
10840 -0.329974
10850 -0.450681
10860 -0.571095
10870 -0.691167
10880 -0.810849
10890 -0.930095
10900 -1.04886
10910 -1.16709
10920 -1.28474
10930 -1.40177
10940 -1.51813
10950 -1.63378
10960 -1.74867
10970 -1.86275
10980 -1.97598
10990 -2.08833
11000 -2.19973
11010 -2.31016
11020 -2.41957
11030 -2.52792
11040 -2.63516
11050 -2.74126
11060 -2.84617
11070 -2.94987
11080 -3.0523
11090 -3.15343
11100 -3.25322
11110 -3.35164
11120 -3.44865
11130 -3.54421
11140 -3.63828
11150 -3.73084
11160 -3.82185
11170 -3.91128
11180 -3.9991
11190 -4.08526
11200 -4.16975
11210 -4.25253
11220 -4.33357
11230 -4.41285
11240 -4.49034
11250 -4.566
11260 -4.63982
11270 -4.71176
11280 -4.78181
11290 -4.84994
11300 -4.91612
11310 -4.98034
11320 -5.04257
11330 -5.10279
11340 -5.16098
11350 -5.21713
11360 -5.27121
11370 -5.32321
11380 -5.37311
11390 -5.4209
11400 -5.46656
11410 -5.51008
11420 -5.55144
11430 -5.59063
11440 -5.62764
11450 -5.66247
11460 -5.6951
11470 -5.72551
11480 -5.75372
11490 -5.7797
11500 -5.80345
11510 -5.82497
11520 -5.84426
11530 -5.8613
11540 -5.8761
11550 -5.88865
11560 -5.89895
11570 -5.90701
11580 -5.91283
11590 -5.9164
11600 -5.91773
11610 -5.91682
11620 -5.91368
11630 -5.90831
11640 -5.90071
11650 -5.8909
11660 -5.87888
11670 -5.86466
11680 -5.84825
11690 -5.82966
11700 -5.8089
11710 -5.78598
11720 -5.76091
11730 -5.73371
11740 -5.70438
11750 -5.67295
11760 -5.63944
11770 -5.60384
11780 -5.56619
11790 -5.5265
11800 -5.48479
11810 -5.44108
11820 -5.39538
11830 -5.34772
11840 -5.29812
11850 -5.2466
11860 -5.19318
11870 -5.13789
11880 -5.08074
11890 -5.02177
11900 -4.96099
11910 -4.89844
11920 -4.83414
11930 -4.76811
11940 -4.70039
11950 -4.63099
11960 -4.55996
11970 -4.48731
11980 -4.41308
11990 -4.3373
12000 -4.25999
12010 -4.18119
12020 -4.10093
12030 -4.01924
12040 -3.93616
12050 -3.85171
12060 -3.76593
12070 -3.67885
12080 -3.5905
12090 -3.50093
12100 -3.41016
12110 -3.31823
12120 -3.22517
12130 -3.13102
12140 -3.03582
12150 -2.93961
12160 -2.84241
12170 -2.74426
12180 -2.64521
12190 -2.54528
12200 -2.44453
12210 -2.34297
12220 -2.24066
12230 -2.13763
12240 -2.03391
12250 -1.92955
12260 -1.82459
12270 -1.71906
12280 -1.613
12290 -1.50645
12300 -1.39945
12310 -1.29204
12320 -1.18426
12330 -1.07614
12340 -0.967723
12350 -0.859054
12360 -0.750167
12370 -0.641102
12380 -0.531899
12390 -0.422595
12400 -0.313229
12410 -0.203841
12420 -0.0944691
12430 0.0148481
12440 0.124072
12450 0.233165
12460 0.342088
12470 0.450803
12480 0.559272
12490 0.667459
12500 0.775324
12510 0.882831
12520 0.989942
12530 1.09662
12540 1.20283
12550 1.30854
12560 1.4137
12570 1.51829
12580 1.62226
12590 1.72559
12600 1.82823
12610 1.93016
12620 2.03133
12630 2.13172
12640 2.23128
12650 2.33
12660 2.42783
12670 2.52474
12680 2.6207
12690 2.71568
12700 2.80965
12710 2.90257
12720 2.99442
12730 3.08516
12740 3.17477
12750 3.26322
12760 3.35047
12770 3.43651
12780 3.52129
12790 3.60481
12800 3.68702
12810 3.7679
12820 3.84744
12830 3.92559
12840 4.00234
12850 4.07767
12860 4.15154
12870 4.22394
12880 4.29485
12890 4.36424
12900 4.43209
12910 4.49838
12920 4.5631
12930 4.62621
12940 4.68771
12950 4.74757
12960 4.80578
12970 4.86231
12980 4.91716
12990 4.97031
13000 5.02173
13010 5.07143
13020 5.11937
13030 5.16556
13040 5.20997
13050 5.2526
13060 5.29342
13070 5.33244
13080 5.36964
13090 5.40502
13100 5.43855
13110 5.47024
13120 5.50008
13130 5.52805
13140 5.55416
13150 5.57839
13160 5.60074
13170 5.62122
13180 5.6398
13190 5.65649
13200 5.6713
13210 5.6842
13220 5.69521
13230 5.70432
13240 5.71154
13250 5.71686
13260 5.72028
13270 5.72181
13280 5.72144
13290 5.71919
13300 5.71505
13310 5.70903
13320 5.70114
13330 5.69137
13340 5.67974
13350 5.66625
13360 5.65091
13370 5.63372
13380 5.61471
13390 5.59386
13400 5.5712
13410 5.54673
13420 5.52047
13430 5.49243
13440 5.46261
13450 5.43103
13460 5.3977
13470 5.36264
13480 5.32586
13490 5.28738
13500 5.2472
13510 5.20536
13520 5.16185
13530 5.1167
13540 5.06992
13550 5.02154
13560 4.97157
13570 4.92003
13580 4.86694
13590 4.81231
13600 4.75617
13610 4.69854
13620 4.63944
13630 4.57889
13640 4.5169
13650 4.45352
13660 4.38874
13670 4.32261
13680 4.25514
13690 4.18635
13700 4.11628
13710 4.04493
13720 3.97235
13730 3.89855
13740 3.82355
13750 3.74739
13760 3.6701
13770 3.59168
13780 3.51219
13790 3.43163
13800 3.35004
13810 3.26744
13820 3.18387
13830 3.09934
13840 3.0139
13850 2.92756
13860 2.84035
13870 2.75231
13880 2.66347
13890 2.57385
13900 2.48347
13910 2.39239
13920 2.30061
13930 2.20817
13940 2.1151
13950 2.02144
13960 1.92721
13970 1.83244
13980 1.73716
13990 1.6414
14000 1.5452
14010 1.44859
14020 1.35159
14030 1.25423
14040 1.15656
14050 1.05859
14060 0.960358
14070 0.861899
14080 0.763242
14090 0.664417
14100 0.565455
14110 0.466388
14120 0.367246
14130 0.26806
14140 0.168861
14150 0.0696798
14160 -0.0294529
14170 -0.128507
14180 -0.227451
14190 -0.326254
14200 -0.424888
14210 -0.523321
14220 -0.621523
14230 -0.719464
14240 -0.817115
14250 -0.914446
14260 -1.01143
14270 -1.10803
14280 -1.20422
14290 -1.29998
14300 -1.39527
14310 -1.49007
14320 -1.58434
14330 -1.67806
14340 -1.77121
14350 -1.86374
14360 -1.95565
14370 -2.04689
14380 -2.13744
14390 -2.22728
14400 -2.31638
14410 -2.40471
14420 -2.49225
14430 -2.57897
14440 -2.66485
14450 -2.74985
14460 -2.83397
14470 -2.91716
14480 -2.99942
14490 -3.08071
14500 -3.16101
14510 -3.2403
14520 -3.31855
14530 -3.39575
14540 -3.47188
14550 -3.5469
14560 -3.6208
14570 -3.69356
14580 -3.76516
14590 -3.83558
14600 -3.9048
14610 -3.97279
14620 -4.03955
14630 -4.10505
14640 -4.16928
14650 -4.23221
14660 -4.29383
14670 -4.35413
14680 -4.41308
14690 -4.47068
14700 -4.5269
14710 -4.58174
14720 -4.63517
14730 -4.68718
14740 -4.73776
14750 -4.7869
14760 -4.83458
14770 -4.8808
14780 -4.92553
14790 -4.96877
14800 -5.01051
14810 -5.05074
14820 -5.08944
14830 -5.12662
14840 -5.16225
14850 -5.19633
14860 -5.22886
14870 -5.25982
14880 -5.2892
14890 -5.31701
14900 -5.34324
14910 -5.36787
14920 -5.39091
14930 -5.41235
14940 -5.43219
14950 -5.45042
14960 -5.46704
14970 -5.48204
14980 -5.49543
14990 -5.5072
15000 -5.51735
15010 -5.52588
15020 -5.53279
15030 -5.53808
15040 -5.54176
15050 -5.54381
15060 -5.54425
15070 -5.54307
15080 -5.54028
15090 -5.53589
15100 -5.52988
15110 -5.52228
15120 -5.51307
15130 -5.50228
15140 -5.48989
15150 -5.47593
15160 -5.46039
15170 -5.44328
15180 -5.4246
15190 -5.40438
15200 -5.3826
15210 -5.35929
15220 -5.33445
15230 -5.30809
15240 -5.28021
15250 -5.25084
15260 -5.21997
15270 -5.18763
15280 -5.15381
15290 -5.11854
15300 -5.08182
15310 -5.04368
15320 -5.00411
15330 -4.96313
15340 -4.92077
15350 -4.87702
15360 -4.83191
15370 -4.78545
15380 -4.73765
15390 -4.68854
15400 -4.63812
15410 -4.58641
15420 -4.53343
15430 -4.47919
15440 -4.42372
15450 -4.36703
15460 -4.30913
15470 -4.25005
15480 -4.18981
15490 -4.12841
15500 -4.06589
15510 -4.00225
15520 -3.93753
15530 -3.87174
15540 -3.80489
15550 -3.73701
15560 -3.66813
15570 -3.59825
15580 -3.5274
15590 -3.45561
15600 -3.38289
15610 -3.30927
15620 -3.23477
15630 -3.1594
15640 -3.0832
15650 -3.00618
15660 -2.92837
15670 -2.84978
15680 -2.77045
15690 -2.6904
15700 -2.60964
15710 -2.52821
15720 -2.44612
15730 -2.36341
15740 -2.28009
15750 -2.19618
15760 -2.11172
15770 -2.02672
15780 -1.94121
15790 -1.85522
15800 -1.76877
15810 -1.68188
15820 -1.59458
15830 -1.50689
15840 -1.41884
15850 -1.33045
15860 -1.24175
15870 -1.15276
15880 -1.06352
15890 -0.974029
15900 -0.884329
15910 -0.794443
15920 -0.704393
15930 -0.614206
15940 -0.523907
15950 -0.433521
15960 -0.343071
15970 -0.252584
15980 -0.162085
15990 -0.0715973
16000 0.0188532
16010 0.109242
16020 0.199544
16030 0.289736
16040 0.379792
16050 0.469688
16060 0.5594
16070 0.648903
16080 0.738173
16090 0.827187
16100 0.91592
16110 1.00435
16120 1.09245
16130 1.1802
16140 1.26757
16150 1.35454
16160 1.4411
16170 1.5272
16180 1.61285
16190 1.698
16200 1.78263
16210 1.86674
16220 1.95028
16230 2.03325
16240 2.11562
16250 2.19737
16260 2.27847
16270 2.35891
16280 2.43866
16290 2.51771
16300 2.59603
16310 2.6736
16320 2.75041
16330 2.82643
16340 2.90165
16350 2.97604
16360 3.04958
16370 3.12227
16380 3.19408
16390 3.26498
16400 3.33497
16410 3.40402
16420 3.47213
16430 3.53926
16440 3.60541
16450 3.67056
16460 3.73469
16470 3.79778
16480 3.85983
16490 3.92081
16500 3.98071
16510 4.03951
16520 4.09721
16530 4.15379
16540 4.20923
16550 4.26352
16560 4.31664
16570 4.3686
16580 4.41936
16590 4.46893
16600 4.51728
16610 4.56441
16620 4.61031
16630 4.65497
16640 4.69837
16650 4.7405
16660 4.78136
16670 4.82094
16680 4.85923
16690 4.89622
16700 4.9319
16710 4.96626
16720 4.99929
16730 5.031
16740 5.06137
16750 5.0904
16760 5.11807
16770 5.14439
16780 5.16935
16790 5.19294
16800 5.21517
16810 5.23601
16820 5.25548
16830 5.27357
16840 5.29027
16850 5.30559
16860 5.31952
16870 5.33205
16880 5.34319
16890 5.35294
16900 5.36129
16910 5.36824
16920 5.3738
16930 5.37796
16940 5.38073
16950 5.3821
16960 5.38208
16970 5.38067
16980 5.37786
16990 5.37367
17000 5.3681
17010 5.36114
17020 5.35281
17030 5.3431
17040 5.33202
17050 5.31958
17060 5.30578
17070 5.29062
17080 5.27411
17090 5.25625
17100 5.23706
17110 5.21653
17120 5.19468
17130 5.17151
17140 5.14704
17150 5.12126
17160 5.09418
17170 5.06582
17180 5.03618
17190 5.00527
17200 4.97311
17210 4.93969
17220 4.90504
17230 4.86916
17240 4.83205
17250 4.79374
17260 4.75424
17270 4.71355
17280 4.67168
17290 4.62866
17300 4.58448
17310 4.53917
17320 4.49274
17330 4.44519
17340 4.39655
17350 4.34682
17360 4.29603
17370 4.24418
17380 4.19128
17390 4.13736
17400 4.08243
17410 4.02649
17420 3.96958
17430 3.9117
17440 3.85287
17450 3.79311
17460 3.73242
17470 3.67083
17480 3.60836
17490 3.54502
17500 3.48082
17510 3.41579
17520 3.34994
17530 3.28329
17540 3.21586
17550 3.14766
17560 3.07871
17570 3.00903
17580 2.93865
17590 2.86756
17600 2.79581
17610 2.7234
17620 2.65035
17630 2.57668
17640 2.50242
17650 2.42757
17660 2.35216
17670 2.27622
17680 2.19975
17690 2.12277
17700 2.04532
17710 1.9674
17720 1.88904
17730 1.81026
17740 1.73107
17750 1.6515
17760 1.57156
17770 1.49129
17780 1.41069
17790 1.32978
17800 1.2486
17810 1.16715
17820 1.08546
17830 1.00355
17840 0.921442
17850 0.839151
17860 0.756699
17870 0.674108
17880 0.591398
17890 0.508589
17900 0.425701
17910 0.342756
17920 0.259773
17930 0.176772
17940 0.093775
17950 0.010801
17960 -0.0721294
17970 -0.154996
17980 -0.237779
17990 -0.320458
18000 -0.403012
18010 -0.485423
18020 -0.567669
18030 -0.649732
18040 -0.731592
18050 -0.813228
18060 -0.894621
18070 -0.975752
18080 -1.0566
18090 -1.13715
18100 -1.21738
18110 -1.29727
18120 -1.3768
18130 -1.45595
18140 -1.53471
18150 -1.61305
18160 -1.69096
18170 -1.76842
18180 -1.84541
18190 -1.92192
18200 -1.99791
18210 -2.07339
18220 -2.14832
18230 -2.22269
18240 -2.29649
18250 -2.3697
18260 -2.4423
18270 -2.51427
18280 -2.5856
18290 -2.65627
18300 -2.72626
18310 -2.79556
18320 -2.86416
18330 -2.93203
18340 -2.99916
18350 -3.06554
18360 -3.13115
18370 -3.19598
18380 -3.26001
18390 -3.32322
18400 -3.38561
18410 -3.44716
18420 -3.50785
18430 -3.56768
18440 -3.62662
18450 -3.68467
18460 -3.74182
18470 -3.79804
18480 -3.85333
18490 -3.90768
18500 -3.96107
18510 -4.01349
18520 -4.06493
18530 -4.11539
18540 -4.16484
18550 -4.21328
18560 -4.2607
18570 -4.30708
18580 -4.35243
18590 -4.39672
18600 -4.43995
18610 -4.48211
18620 -4.52319
18630 -4.56319
18640 -4.60209
18650 -4.63988
18660 -4.67657
18670 -4.71213
18680 -4.74657
18690 -4.77988
18700 -4.81205
18710 -4.84307
18720 -4.87294
18730 -4.90165
18740 -4.9292
18750 -4.95558
18760 -4.98079
18770 -5.00482
18780 -5.02767
18790 -5.04933
18800 -5.06981
18810 -5.08909
18820 -5.10717
18830 -5.12405
18840 -5.13973
18850 -5.15421
18860 -5.16748
18870 -5.17954
18880 -5.19039
18890 -5.20003
18900 -5.20845
18910 -5.21567
18920 -5.22167
18930 -5.22645
18940 -5.23003
18950 -5.23239
18960 -5.23354
18970 -5.23347
18980 -5.2322
18990 -5.22972
19000 -5.22603
19010 -5.22114
19020 -5.21505
19030 -5.20776
19040 -5.19927
19050 -5.18959
19060 -5.17872
19070 -5.16666
19080 -5.15342
19090 -5.13901
19100 -5.12342
19110 -5.10666
19120 -5.08874
19130 -5.06966
19140 -5.04943
19150 -5.02805
19160 -5.00554
19170 -4.98188
19180 -4.95711
19190 -4.93121
19200 -4.9042
19210 -4.87608
19220 -4.84686
19230 -4.81655
19240 -4.78516
19250 -4.7527
19260 -4.71917
19270 -4.68458
19280 -4.64895
19290 -4.61227
19300 -4.57457
19310 -4.53584
19320 -4.49611
19330 -4.45537
19340 -4.41365
19350 -4.37095
19360 -4.32728
19370 -4.28265
19380 -4.23707
19390 -4.19056
19400 -4.14313
19410 -4.09478
19420 -4.04553
19430 -3.9954
19440 -3.94439
19450 -3.89251
19460 -3.83979
19470 -3.78622
19480 -3.73183
19490 -3.67663
19500 -3.62063
19510 -3.56384
19520 -3.50629
19530 -3.44797
19540 -3.38891
19550 -3.32912
19560 -3.26861
19570 -3.2074
19580 -3.14551
19590 -3.08294
19600 -3.01971
19610 -2.95584
19620 -2.89134
19630 -2.82623
19640 -2.76051
19650 -2.69422
19660 -2.62736
19670 -2.55995
19680 -2.492
19690 -2.42352
19700 -2.35455
19710 -2.28508
19720 -2.21515
19730 -2.14475
19740 -2.07391
19750 -2.00265
19760 -1.93098
19770 -1.85892
19780 -1.78648
19790 -1.71368
19800 -1.64054
19810 -1.56708
19820 -1.4933
19830 -1.41923
19840 -1.34488
19850 -1.27028
19860 -1.19543
19870 -1.12035
19880 -1.04507
19890 -0.969591
19900 -0.893937
19910 -0.818124
19920 -0.74217
19930 -0.66609
19940 -0.589901
19950 -0.513621
19960 -0.437267
19970 -0.360854
19980 -0.284401
19990 -0.207923
20000 -0.131438
20010 -0.0549628
