10 26.5633
20 22.7414
30 16.4581
40 9.90732
50 3.84655
60 -1.41904
70 -5.77877
80 -9.21923
90 -11.7792
100 -13.5257
110 -14.5409
120 -14.9132
130 -14.7324
140 -14.0862
150 -13.0585
160 -11.7275
170 -10.1655
180 -8.43785
190 -6.60355
200 -4.71478
210 -2.81725
220 -0.950504
230 0.851808
240 2.56152
250 4.1556
260 5.61567
270 6.92769
280 8.0815
290 9.07044
300 9.89099
310 10.5424
320 11.0263
330 11.3465
340 11.5085
350 11.5196
360 11.388
370 11.1231
380 10.7352
390 10.2351
400 9.63393
410 8.94328
420 8.17475
430 7.33993
440 6.45029
450 5.51706
460 4.55114
470 3.56307
480 2.5629
490 1.56017
500 0.563867
510 -0.417602
520 -1.37646
530 -2.30555
540 -3.19837
550 -4.04906
560 -4.85243
570 -5.6039
580 -6.29956
590 -6.93609
600 -7.51078
610 -8.02152
620 -8.46674
630 -8.84542
640 -9.15703
650 -9.40153
660 -9.57934
670 -9.69129
680 -9.7386
690 -9.72285
700 -9.64597
710 -9.51016
720 -9.31791
730 -9.07193
740 -8.77516
750 -8.4307
760 -8.04182
770 -7.61192
780 -7.14448
790 -6.64307
800 -6.11131
810 -5.55286
820 -4.97138
830 -4.37051
840 -3.75388
850 -3.12505
860 -2.48755
870 -1.84481
880 -1.20016
890 -0.556849
900 0.0820047
910 0.713401
920 1.33448
930 1.94251
940 2.53493
950 3.10931
960 3.6634
970 4.19509
980 4.70245
990 5.18372
1000 5.63731
1010 6.06177
1020 6.45586
1030 6.81847
1040 7.14868
1050 7.44573
1060 7.709
1070 7.93805
1080 8.13257
1090 8.29243
1100 8.4176
1110 8.50823
1120 8.56457
1130 8.58702
1140 8.57609
1150 8.53239
1160 8.45667
1170 8.34975
1180 8.21258
1190 8.04616
1200 7.8516
1210 7.63007
1220 7.38282
1230 7.11116
1240 6.81643
1250 6.50005
1260 6.16348
1270 5.8082
1280 5.43571
1290 5.04758
1300 4.64534
1310 4.23057
1320 3.80484
1330 3.36973
1340 2.92681
1350 2.47763
1360 2.02375
1370 1.56669
1380 1.10795
1390 0.649022
1400 0.19134
1410 -0.263682
1420 -0.714671
1430 -1.16029
1440 -1.59927
1450 -2.03035
1460 -2.45234
1470 -2.86411
1480 -3.26458
1490 -3.6527
1500 -4.02751
1510 -4.38809
1520 -4.73358
1530 -5.0632
1540 -5.3762
1550 -5.6719
1560 -5.94971
1570 -6.20907
1580 -6.44948
1590 -6.67053
1600 -6.87185
1610 -7.05313
1620 -7.21414
1630 -7.35468
1640 -7.47463
1650 -7.57392
1660 -7.65253
1670 -7.71051
1680 -7.74795
1690 -7.765
1700 -7.76186
1710 -7.73876
1720 -7.69601
1730 -7.63393
1740 -7.55291
1750 -7.45337
1760 -7.33577
1770 -7.2006
1780 -7.0484
1790 -6.87973
1800 -6.69518
1810 -6.49539
1820 -6.28101
1830 -6.0527
1840 -5.81116
1850 -5.55712
1860 -5.29131
1870 -5.01448
1880 -4.72739
1890 -4.43082
1900 -4.12557
1910 -3.81241
1920 -3.49216
1930 -3.16562
1940 -2.83358
1950 -2.49687
1960 -2.15627
1970 -1.81259
1980 -1.46663
1990 -1.11917
2000 -0.770989
2010 -0.422859
2020 -0.0755361
2030 0.270235
2040 0.613725
2050 0.954219
2060 1.29102
2070 1.62345
2080 1.95084
2090 2.27256
2100 2.58798
2110 2.89651
2120 3.19758
2130 3.49063
2140 3.77513
2150 4.05059
2160 4.31653
2170 4.57249
2180 4.81805
2190 5.05282
2200 5.27642
2210 5.48851
2220 5.68877
2230 5.87692
2240 6.05269
2250 6.21585
2260 6.3662
2270 6.50355
2280 6.62776
2290 6.7387
2300 6.83628
2310 6.92043
2320 6.9911
2330 7.04828
2340 7.09197
2350 7.12221
2360 7.13906
2370 7.14259
2380 7.13291
2390 7.11016
2400 7.07448
2410 7.02604
2420 6.96505
2430 6.89171
2440 6.80625
2450 6.70893
2460 6.60002
2470 6.47981
2480 6.3486
2490 6.20671
2500 6.05447
2510 5.89225
2520 5.72039
2530 5.53927
2540 5.34929
2550 5.15083
2560 4.9443
2570 4.73012
2580 4.50872
2590 4.28053
2600 4.04597
2610 3.80551
2620 3.55958
2630 3.30864
2640 3.05314
2650 2.79355
2660 2.53032
2670 2.26391
2680 1.99478
2690 1.7234
2700 1.45022
2710 1.1757
2720 0.90029
2730 0.624442
2740 0.348601
2750 0.0732078
2760 -0.201302
2770 -0.474501
2780 -0.745964
2790 -1.01528
2800 -1.28203
2810 -1.54584
2820 -1.80629
2830 -2.06302
2840 -2.31565
2850 -2.56382
2860 -2.80719
2870 -3.0454
2880 -3.27815
2890 -3.5051
2900 -3.72595
2910 -3.94042
2920 -4.14823
2930 -4.3491
2940 -4.54279
2950 -4.72905
2960 -4.90767
2970 -5.07842
2980 -5.24111
2990 -5.39555
3000 -5.54157
3010 -5.67902
3020 -5.80775
3030 -5.92764
3040 -6.03856
3050 -6.14042
3060 -6.23313
3070 -6.31661
3080 -6.39082
3090 -6.45569
3100 -6.51121
3110 -6.55735
3120 -6.59411
3130 -6.62149
3140 -6.63952
3150 -6.64823
3160 -6.64768
3170 -6.63791
3180 -6.619
3190 -6.59103
3200 -6.55411
3210 -6.50833
3220 -6.45381
3230 -6.39068
3240 -6.31908
3250 -6.23916
3260 -6.15108
3270 -6.055
3280 -5.95111
3290 -5.83959
3300 -5.72063
3310 -5.59444
3320 -5.46122
3330 -5.3212
3340 -5.17461
3350 -5.02166
3360 -4.86261
3370 -4.69769
3380 -4.52715
3390 -4.35125
3400 -4.17025
3410 -3.98441
3420 -3.79399
3430 -3.59927
3440 -3.40052
3450 -3.19801
3460 -2.99204
3470 -2.78286
3480 -2.57078
3490 -2.35607
3500 -2.13902
3510 -1.91991
3520 -1.69903
3530 -1.47666
3540 -1.25309
3550 -1.0286
3560 -0.803466
3570 -0.577979
3580 -0.352413
3590 -0.127045
3600 0.0978508
3610 0.322004
3620 0.545146
3630 0.767013
3640 0.987344
3650 1.20588
3660 1.42238
3670 1.63658
3680 1.84824
3690 2.05713
3700 2.26301
3710 2.46566
3720 2.66485
3730 2.86037
3740 3.052
3750 3.23955
3760 3.42281
3770 3.6016
3780 3.77574
3790 3.94503
3800 4.10932
3810 4.26844
3820 4.42224
3830 4.57056
3840 4.71326
3850 4.85022
3860 4.98131
3870 5.1064
3880 5.22539
3890 5.33817
3900 5.44465
3910 5.54475
3920 5.63837
3930 5.72546
3940 5.80594
3950 5.87976
3960 5.94687
3970 6.00724
3980 6.06082
3990 6.1076
4000 6.14756
4010 6.18068
4020 6.20697
4030 6.22642
4040 6.23906
4050 6.24491
4060 6.24398
4070 6.23632
4080 6.22196
4090 6.20096
4100 6.17337
4110 6.13924
4120 6.09866
4130 6.05169
4140 5.99841
4150 5.93892
4160 5.87329
4170 5.80164
4180 5.72407
4190 5.64068
4200 5.55159
4210 5.45692
4220 5.3568
4230 5.25135
4240 5.14071
4250 5.02503
4260 4.90443
4270 4.77907
4280 4.6491
4290 4.51468
4300 4.37595
4310 4.23309
4320 4.08626
4330 3.93563
4340 3.78136
4350 3.62362
4360 3.4626
4370 3.29847
4380 3.13141
4390 2.96159
4400 2.78921
4410 2.61443
4420 2.43746
4430 2.25847
4440 2.07765
4450 1.89519
4460 1.71127
4470 1.52608
4480 1.33981
4490 1.15265
4500 0.964773
4510 0.776376
4520 0.587643
4530 0.398757
4540 0.209902
4550 0.0212598
4560 -0.166989
4570 -0.354664
4580 -0.54159
4590 -0.727589
4600 -0.91249
4610 -1.09612
4620 -1.27831
4630 -1.45889
4640 -1.63771
4650 -1.81459
4660 -1.98938
4670 -2.16193
4680 -2.33207
4690 -2.49968
4700 -2.66459
4710 -2.82666
4720 -2.98576
4730 -3.14176
4740 -3.29451
4750 -3.44389
4760 -3.58979
4770 -3.73207
4780 -3.87063
4790 -4.00535
4800 -4.13612
4810 -4.26285
4820 -4.38543
4830 -4.50377
4840 -4.61778
4850 -4.72737
4860 -4.83246
4870 -4.93299
4880 -5.02886
4890 -5.12003
4900 -5.20642
4910 -5.28798
4920 -5.36465
4930 -5.43639
4940 -5.50315
4950 -5.5649
4960 -5.62159
4970 -5.6732
4980 -5.71971
4990 -5.76109
5000 -5.79733
5010 -5.82842
5020 -5.85434
5030 -5.87511
5040 -5.89071
5050 -5.90116
5060 -5.90647
5070 -5.90666
5080 -5.90174
5090 -5.89173
5100 -5.87668
5110 -5.8566
5120 -5.83154
5130 -5.80154
5140 -5.76664
5150 -5.7269
5160 -5.68235
5170 -5.63307
5180 -5.57911
5190 -5.52053
5200 -5.4574
5210 -5.3898
5220 -5.31779
5230 -5.24146
5240 -5.16087
5250 -5.07613
5260 -4.98731
5270 -4.8945
5280 -4.7978
5290 -4.6973
5300 -4.5931
5310 -4.4853
5320 -4.374
5330 -4.2593
5340 -4.14132
5350 -4.02016
5360 -3.89593
5370 -3.76875
5380 -3.63873
5390 -3.50599
5400 -3.37064
5410 -3.23281
5420 -3.09262
5430 -2.95018
5440 -2.80562
5450 -2.65907
5460 -2.51064
5470 -2.36048
5480 -2.2087
5490 -2.05542
5500 -1.90079
5510 -1.74492
5520 -1.58795
5530 -1.43
5540 -1.2712
5550 -1.11169
5560 -0.95158
5570 -0.79101
5580 -0.630106
5590 -0.468996
5600 -0.307805
5610 -0.146661
5620 0.0143099
5630 0.174984
5640 0.335237
5650 0.494945
5660 0.653987
5670 0.812242
5680 0.96959
5690 1.12591
5700 1.28109
5710 1.43502
5720 1.58757
5730 1.73864
5740 1.88812
5750 2.0359
5760 2.18186
5770 2.32592
5780 2.46796
5790 2.60788
5800 2.74558
5810 2.88098
5820 3.01396
5830 3.14445
5840 3.27236
5850 3.39758
5860 3.52005
5870 3.63968
5880 3.75638
5890 3.87009
5900 3.98072
5910 4.08822
5920 4.19249
5930 4.29349
5940 4.39114
5950 4.48539
5960 4.57618
5970 4.66345
5980 4.74715
5990 4.82723
6000 4.90364
6010 4.97635
6020 5.04531
6030 5.11047
6040 5.17182
6050 5.22931
6060 5.28292
6070 5.33262
6080 5.37839
6090 5.4202
6100 5.45804
6110 5.49191
6120 5.52177
6130 5.54764
6140 5.56949
6150 5.58733
6160 5.60117
6170 5.61099
6180 5.61681
6190 5.61864
6200 5.61649
6210 5.61037
6220 5.6003
6230 5.58631
6240 5.5684
6250 5.54661
6260 5.52097
6270 5.4915
6280 5.45824
6290 5.42122
6300 5.38049
6310 5.33607
6320 5.28802
6330 5.23638
6340 5.1812
6350 5.12251
6360 5.06039
6370 4.99488
6380 4.92603
6390 4.8539
6400 4.77856
6410 4.70007
6420 4.61848
6430 4.53386
6440 4.44629
6450 4.35583
6460 4.26255
6470 4.16651
6480 4.06781
6490 3.96651
6500 3.86268
6510 3.75641
6520 3.64777
6530 3.53684
6540 3.42371
6550 3.30846
6560 3.19118
6570 3.07193
6580 2.95082
6590 2.82793
6600 2.70335
6610 2.57715
6620 2.44944
6630 2.3203
6640 2.18982
6650 2.05809
6660 1.92521
6670 1.79125
6680 1.65632
6690 1.5205
6700 1.38389
6710 1.24658
6720 1.10866
6730 0.970221
6740 0.831355
6750 0.692155
6760 0.552711
6770 0.413115
6780 0.273457
6790 0.133829
6800 -0.00568065
6810 -0.144981
6820 -0.283984
6830 -0.422601
6840 -0.560744
6850 -0.698326
6860 -0.83526
6870 -0.971461
6880 -1.10684
6890 -1.24132
6900 -1.37482
6910 -1.50725
6920 -1.63853
6930 -1.76859
6940 -1.89734
6950 -2.0247
6960 -2.15061
6970 -2.27497
6980 -2.39773
6990 -2.51881
7000 -2.63814
7010 -2.75564
7020 -2.87126
7030 -2.98491
7040 -3.09655
7050 -3.20609
7060 -3.31349
7070 -3.41868
7080 -3.5216
7090 -3.62219
7100 -3.72041
7110 -3.81619
7120 -3.90948
7130 -4.00023
7140 -4.0884
7150 -4.17393
7160 -4.25679
7170 -4.33692
7180 -4.41429
7190 -4.48886
7200 -4.56059
7210 -4.62944
7220 -4.69538
7230 -4.75838
7240 -4.81841
7250 -4.87543
7260 -4.92943
7270 -4.98038
7280 -5.02826
7290 -5.07304
7300 -5.11472
7310 -5.15326
7320 -5.18866
7330 -5.22091
7340 -5.24999
7350 -5.27589
7360 -5.29861
7370 -5.31815
7380 -5.33449
7390 -5.34765
7400 -5.35762
7410 -5.36439
7420 -5.36799
7430 -5.36841
7440 -5.36566
7450 -5.35976
7460 -5.3507
7470 -5.33852
7480 -5.32322
7490 -5.30482
7500 -5.28334
7510 -5.25881
7520 -5.23123
7530 -5.20064
7540 -5.16707
7550 -5.13053
7560 -5.09107
7570 -5.0487
7580 -5.00347
7590 -4.9554
7600 -4.90454
7610 -4.85091
7620 -4.79456
7630 -4.73552
7640 -4.67385
7650 -4.60957
7660 -4.54273
7670 -4.47338
7680 -4.40156
7690 -4.32733
7700 -4.25072
7710 -4.1718
7720 -4.0906
7730 -4.00719
7740 -3.92161
7750 -3.83392
7760 -3.74418
7770 -3.65244
7780 -3.55875
7790 -3.46318
7800 -3.36578
7810 -3.26662
7820 -3.16575
7830 -3.06323
7840 -2.95913
7850 -2.85351
7860 -2.74643
7870 -2.63795
7880 -2.52814
7890 -2.41707
7900 -2.30479
7910 -2.19138
7920 -2.07689
7930 -1.9614
7940 -1.84497
7950 -1.72767
7960 -1.60956
7970 -1.49071
7980 -1.3712
7990 -1.25108
8000 -1.13042
8010 -1.0093
8020 -0.887773
8030 -0.765914
8040 -0.643788
8050 -0.521462
8060 -0.399005
8070 -0.276483
8080 -0.153962
8090 -0.0315085
8100 0.0908103
8110 0.212929
8120 0.334782
8130 0.456305
8140 0.577432
8150 0.698099
8160 0.818243
8170 0.9378
8180 1.05671
8190 1.1749
8200 1.29233
8210 1.40892
8220 1.52461
8230 1.63935
8240 1.75308
8250 1.86574
8260 1.97727
8270 2.08761
8280 2.19672
8290 2.30453
8300 2.41099
8310 2.51605
8320 2.61966
8330 2.72176
8340 2.82231
8350 2.92125
8360 3.01854
8370 3.11414
8380 3.20798
8390 3.30004
8400 3.39026
8410 3.47861
8420 3.56504
8430 3.6495
8440 3.73198
8450 3.81241
8460 3.89077
8470 3.96703
8480 4.04114
8490 4.11307
8500 4.18279
8510 4.25028
8520 4.3155
8530 4.37842
8540 4.43901
8550 4.49726
8560 4.55313
8570 4.60661
8580 4.65766
8590 4.70628
8600 4.75244
8610 4.79612
8620 4.83731
8630 4.87599
8640 4.91215
8650 4.94578
8660 4.97686
8670 5.00538
8680 5.03134
8690 5.05473
8700 5.07555
8710 5.09378
8720 5.10942
8730 5.12248
8740 5.13296
8750 5.14084
8760 5.14614
8770 5.14886
8780 5.14901
8790 5.14658
8800 5.14159
8810 5.13404
8820 5.12394
8830 5.11131
8840 5.09616
8850 5.0785
8860 5.05834
8870 5.0357
8880 5.0106
8890 4.98305
8900 4.95308
8910 4.92069
8920 4.88593
8930 4.8488
8940 4.80933
8950 4.76755
8960 4.72348
8970 4.67715
8980 4.62859
8990 4.57781
9000 4.52487
9010 4.46977
9020 4.41257
9030 4.35328
9040 4.29194
9050 4.22859
9060 4.16327
9070 4.09599
9080 4.02682
9090 3.95577
9100 3.8829
9110 3.80824
9120 3.73182
9130 3.65369
9140 3.5739
9150 3.49248
9160 3.40947
9170 3.32492
9180 3.23888
9190 3.15138
9200 3.06248
9210 2.97221
9220 2.88062
9230 2.78777
9240 2.69369
9250 2.59843
9260 2.50204
9270 2.40458
9280 2.30608
9290 2.2066
9300 2.10619
9310 2.00489
9320 1.90275
9330 1.79983
9340 1.69617
9350 1.59183
9360 1.48685
9370 1.38129
9380 1.2752
9390 1.16862
9400 1.06161
9410 0.954221
9420 0.846499
9430 0.738498
9440 0.630268
9450 0.521859
9460 0.413324
9470 0.304711
9480 0.196072
9490 0.0874569
9500 -0.0210844
9510 -0.129502
9520 -0.237745
9530 -0.345766
9540 -0.453514
9550 -0.560941
9560 -0.667998
9570 -0.774636
9580 -0.880809
9590 -0.986467
9600 -1.09156
9610 -1.19605
9620 -1.29989
9630 -1.40302
9640 -1.50541
9650 -1.60701
9660 -1.70777
9670 -1.80766
9680 -1.90662
9690 -2.00461
9700 -2.1016
9710 -2.19754
9720 -2.29238
9730 -2.3861
9740 -2.47864
9750 -2.56998
9760 -2.66006
9770 -2.74885
9780 -2.83633
9790 -2.92244
9800 -3.00715
9810 -3.09043
9820 -3.17225
9830 -3.25257
9840 -3.33135
9850 -3.40857
9860 -3.4842
9870 -3.5582
9880 -3.63054
9890 -3.7012
9900 -3.77015
9910 -3.83735
9920 -3.9028
9930 -3.96645
9940 -4.02828
9950 -4.08828
9960 -4.14642
9970 -4.20267
9980 -4.25702
9990 -4.30944
10000 -4.35992
10010 -4.40843
10020 -4.45497
10030 -4.49951
10040 -4.54205
10050 -4.58255
10060 -4.62102
10070 -4.65743
10080 -4.69178
10090 -4.72405
10100 -4.75424
10110 -4.78234
10120 -4.80834
10130 -4.83222
10140 -4.85399
10150 -4.87364
10160 -4.89117
10170 -4.90657
10180 -4.91984
10190 -4.93097
10200 -4.93998
10210 -4.94685
10220 -4.95159
10230 -4.9542
10240 -4.95469
10250 -4.95305
10260 -4.9493
10270 -4.94343
10280 -4.93546
10290 -4.9254
10300 -4.91324
10310 -4.89901
10320 -4.8827
10330 -4.86434
10340 -4.84393
10350 -4.82149
10360 -4.79702
10370 -4.77055
10380 -4.74209
10390 -4.71165
10400 -4.67925
10410 -4.64491
10420 -4.60865
10430 -4.57048
10440 -4.53043
10450 -4.48852
10460 -4.44476
10470 -4.39918
10480 -4.3518
10490 -4.30265
10500 -4.25174
10510 -4.19911
10520 -4.14478
10530 -4.08877
10540 -4.03111
10550 -3.97183
10560 -3.91095
10570 -3.84851
10580 -3.78453
10590 -3.71904
10600 -3.65208
10610 -3.58367
10620 -3.51384
10630 -3.44262
10640 -3.37006
10650 -3.29617
10660 -3.221
10670 -3.14457
10680 -3.06692
10690 -2.98808
10700 -2.90809
10710 -2.82699
10720 -2.7448
10730 -2.66157
10740 -2.57733
10750 -2.49211
10760 -2.40596
10770 -2.3189
10780 -2.23099
10790 -2.14224
10800 -2.05271
10810 -1.96243
10820 -1.87144
10830 -1.77977
10840 -1.68746
10850 -1.59456
10860 -1.5011
10870 -1.40712
10880 -1.31266
10890 -1.21776
10900 -1.12245
10910 -1.02678
10920 -0.930781
10930 -0.834499
10940 -0.737971
10950 -0.641234
10960 -0.54433
10970 -0.447296
10980 -0.350171
10990 -0.252995
11000 -0.155807
11010 -0.0586449
11020 0.0384524
11030 0.135446
11040 0.232299
11050 0.328971
11060 0.425425
11070 0.521624
11080 0.617529
11090 0.713103
11100 0.808309
11110 0.90311
11120 0.997469
11130 1.09135
11140 1.18472
11150 1.27753
11160 1.36977
11170 1.46138
11180 1.55233
11190 1.6426
11200 1.73214
11210 1.82092
11220 1.90891
11230 1.99608
11240 2.08239
11250 2.16781
11260 2.25231
11270 2.33586
11280 2.41842
11290 2.49997
11300 2.58048
11310 2.65992
11320 2.73825
11330 2.81546
11340 2.89151
11350 2.96637
11360 3.04002
11370 3.11243
11380 3.18358
11390 3.25344
11400 3.32199
11410 3.3892
11420 3.45504
11430 3.51951
11440 3.58256
11450 3.64419
11460 3.70437
11470 3.76308
11480 3.8203
11490 3.87601
11500 3.93019
11510 3.98283
11520 4.0339
11530 4.0834
11540 4.1313
11550 4.17759
11560 4.22225
11570 4.26527
11580 4.30664
11590 4.34634
11600 4.38436
11610 4.4207
11620 4.45533
11630 4.48825
11640 4.51945
11650 4.54893
11660 4.57666
11670 4.60265
11680 4.62689
11690 4.64937
11700 4.67009
11710 4.68904
11720 4.70622
11730 4.72162
11740 4.73524
11750 4.74709
11760 4.75715
11770 4.76543
11780 4.77193
11790 4.77665
11800 4.77958
11810 4.78074
11820 4.78012
11830 4.77773
11840 4.77358
11850 4.76765
11860 4.75997
11870 4.75053
11880 4.73935
11890 4.72643
11900 4.71177
11910 4.69539
11920 4.6773
11930 4.6575
11940 4.63601
11950 4.61283
11960 4.58798
11970 4.56147
11980 4.53331
11990 4.50351
12000 4.47209
12010 4.43906
12020 4.40444
12030 4.36824
12040 4.33048
12050 4.29118
12060 4.25034
12070 4.208
12080 4.16416
12090 4.11884
12100 4.07207
12110 4.02386
12120 3.97424
12130 3.92322
12140 3.87082
12150 3.81707
12160 3.76198
12170 3.70558
12180 3.6479
12190 3.58894
12200 3.52875
12210 3.46734
12220 3.40473
12230 3.34095
12240 3.27602
12250 3.20998
12260 3.14284
12270 3.07463
12280 3.00538
12290 2.93511
12300 2.86385
12310 2.79162
12320 2.71847
12330 2.6444
12340 2.56945
12350 2.49365
12360 2.41703
12370 2.33961
12380 2.26143
12390 2.1825
12400 2.10287
12410 2.02256
12420 1.9416
12430 1.86002
12440 1.77785
12450 1.69512
12460 1.61185
12470 1.52809
12480 1.44386
12490 1.35918
12500 1.2741
12510 1.18864
12520 1.10283
12530 1.0167
12540 0.930286
12550 0.843614
12560 0.756718
12570 0.669626
12580 0.582369
12590 0.49498
12600 0.407487
12610 0.319921
12620 0.232314
12630 0.144696
12640 0.0570966
12650 -0.0304532
12660 -0.117923
12670 -0.205283
12680 -0.292504
12690 -0.379554
12700 -0.466405
12710 -0.553026
12720 -0.639388
12730 -0.725462
12740 -0.811219
12750 -0.896629
12760 -0.981664
12770 -1.06629
12780 -1.15049
12790 -1.23423
12800 -1.31748
12810 -1.40021
12820 -1.4824
12830 -1.56402
12840 -1.64504
12850 -1.72543
12860 -1.80518
12870 -1.88424
12880 -1.96261
12890 -2.04024
12900 -2.11712
12910 -2.19322
12920 -2.26852
12930 -2.34299
12940 -2.4166
12950 -2.48934
12960 -2.56119
12970 -2.63211
12980 -2.70208
12990 -2.77109
13000 -2.83911
13010 -2.90612
13020 -2.9721
13030 -3.03703
13040 -3.10088
13050 -3.16365
13060 -3.2253
13070 -3.28582
13080 -3.3452
13090 -3.4034
13100 -3.46043
13110 -3.51625
13120 -3.57085
13130 -3.62422
13140 -3.67633
13150 -3.72718
13160 -3.77675
13170 -3.82503
13180 -3.87199
13190 -3.91763
13200 -3.96193
13210 -4.00488
13220 -4.04647
13230 -4.08669
13240 -4.12552
13250 -4.16296
13260 -4.19899
13270 -4.2336
13280 -4.26679
13290 -4.29855
13300 -4.32886
13310 -4.35772
13320 -4.38513
13330 -4.41107
13340 -4.43555
13350 -4.45854
13360 -4.48006
13370 -4.50008
13380 -4.51862
13390 -4.53566
13400 -4.55121
13410 -4.56525
13420 -4.57779
13430 -4.58882
13440 -4.59835
13450 -4.60637
13460 -4.61289
13470 -4.61789
13480 -4.62139
13490 -4.62338
13500 -4.62387
13510 -4.62286
13520 -4.62034
13530 -4.61634
13540 -4.61083
13550 -4.60384
13560 -4.59536
13570 -4.58541
13580 -4.57398
13590 -4.56108
13600 -4.54671
13610 -4.5309
13620 -4.51363
13630 -4.49493
13640 -4.47479
13650 -4.45323
13660 -4.43025
13670 -4.40587
13680 -4.38009
13690 -4.35293
13700 -4.32439
13710 -4.29449
13720 -4.26324
13730 -4.23065
13740 -4.19673
13750 -4.1615
13760 -4.12496
13770 -4.08714
13780 -4.04804
13790 -4.00769
13800 -3.96608
13810 -3.92325
13820 -3.87921
13830 -3.83396
13840 -3.78753
13850 -3.73994
13860 -3.69119
13870 -3.64132
13880 -3.59032
13890 -3.53823
13900 -3.48506
13910 -3.43083
13920 -3.37556
13930 -3.31926
13940 -3.26196
13950 -3.20368
13960 -3.14442
13970 -3.08423
13980 -3.02311
13990 -2.96108
14000 -2.89817
14010 -2.8344
14020 -2.76978
14030 -2.70435
14040 -2.63811
14050 -2.5711
14060 -2.50334
14070 -2.43484
14080 -2.36563
14090 -2.29574
14100 -2.22518
14110 -2.15398
14120 -2.08216
14130 -2.00974
14140 -1.93675
14150 -1.86321
14160 -1.78915
14170 -1.71458
14180 -1.63954
14190 -1.56404
14200 -1.48812
14210 -1.41178
14220 -1.33507
14230 -1.25799
14240 -1.18059
14250 -1.10287
14260 -1.02487
14270 -0.946608
14280 -0.868111
14290 -0.789402
14300 -0.710506
14310 -0.631447
14320 -0.55225
14330 -0.472939
14340 -0.393539
14350 -0.314073
14360 -0.234567
14370 -0.155045
14380 -0.0755308
14390 0.00395119
14400 0.0833768
14410 0.162722
14420 0.241962
14430 0.321074
14440 0.400034
14450 0.478817
14460 0.557401
14470 0.635761
14480 0.713875
14490 0.791718
14500 0.869268
14510 0.946502
14520 1.0234
14530 1.09993
14540 1.17608
14550 1.25182
14560 1.32713
14570 1.40199
14580 1.47638
14590 1.55027
14600 1.62364
14610 1.69648
14620 1.76876
14630 1.84046
14640 1.91156
14650 1.98203
14660 2.05187
14670 2.12104
14680 2.18953
14690 2.25733
14700 2.3244
14710 2.39073
14720 2.45631
14730 2.52111
14740 2.58511
14750 2.6483
14760 2.71067
14770 2.77218
14780 2.83283
14790 2.8926
14800 2.95147
14810 3.00943
14820 3.06645
14830 3.12253
14840 3.17765
14850 3.2318
14860 3.28495
14870 3.33709
14880 3.38822
14890 3.43832
14900 3.48737
14910 3.53536
14920 3.58228
14930 3.62811
14940 3.67285
14950 3.71648
14960 3.75899
14970 3.80037
14980 3.84061
14990 3.87969
15000 3.91762
15010 3.95438
15020 3.98995
15030 4.02434
15040 4.05753
15050 4.08952
15060 4.12029
15070 4.14985
15080 4.17817
15090 4.20527
15100 4.23112
15110 4.25572
15120 4.27908
15130 4.30118
15140 4.32202
15150 4.34159
15160 4.35989
15170 4.37692
15180 4.39267
15190 4.40715
15200 4.42034
15210 4.43225
15220 4.44287
15230 4.4522
15240 4.46025
15250 4.46701
15260 4.47248
15270 4.47666
15280 4.47955
15290 4.48116
15300 4.48148
15310 4.48051
15320 4.47827
15330 4.47474
15340 4.46993
15350 4.46385
15360 4.4565
15370 4.44788
15380 4.438
15390 4.42685
15400 4.41446
15410 4.40081
15420 4.38592
15430 4.3698
15440 4.35244
15450 4.33386
15460 4.31406
15470 4.29305
15480 4.27083
15490 4.24742
15500 4.22283
15510 4.19705
15520 4.1701
15530 4.142
15540 4.11274
15550 4.08234
15560 4.05081
15570 4.01815
15580 3.98439
15590 3.94953
15600 3.91358
15610 3.87655
15620 3.83845
15630 3.7993
15640 3.75912
15650 3.7179
15660 3.67567
15670 3.63243
15680 3.58821
15690 3.54301
15700 3.49685
15710 3.44974
15720 3.4017
15730 3.35274
15740 3.30288
15750 3.25213
15760 3.20051
15770 3.14803
15780 3.0947
15790 3.04055
15800 2.98559
15810 2.92984
15820 2.87331
15830 2.81601
15840 2.75798
15850 2.69922
15860 2.63974
15870 2.57958
15880 2.51874
15890 2.45724
15900 2.3951
15910 2.33235
15920 2.26899
15930 2.20504
15940 2.14053
15950 2.07546
15960 2.00987
15970 1.94377
15980 1.87717
15990 1.81011
16000 1.74258
16010 1.67462
16020 1.60625
16030 1.53748
16040 1.46833
16050 1.39882
16060 1.32897
16070 1.25881
16080 1.18834
16090 1.1176
16100 1.04659
16110 0.975342
16120 0.903873
16130 0.832202
16140 0.76035
16150 0.688336
16160 0.616179
16170 0.543899
16180 0.471517
16190 0.399052
16200 0.326524
16210 0.253951
16220 0.181355
16230 0.108755
16240 0.0361697
16250 -0.0363804
16260 -0.108876
16270 -0.181298
16280 -0.253626
16290 -0.325842
16300 -0.397926
16310 -0.469858
16320 -0.54162
16330 -0.613193
16340 -0.684557
16350 -0.755693
16360 -0.826584
16370 -0.897209
16380 -0.967551
16390 -1.03759
16400 -1.10731
16410 -1.17669
16420 -1.24572
16430 -1.31437
16440 -1.38262
16450 -1.45047
16460 -1.51789
16470 -1.58486
16480 -1.65138
16490 -1.71741
16500 -1.78294
16510 -1.84796
16520 -1.91245
16530 -1.9764
16540 -2.03978
16550 -2.10258
16560 -2.16479
16570 -2.22638
16580 -2.28735
16590 -2.34768
16600 -2.40735
16610 -2.46635
16620 -2.52467
16630 -2.58228
16640 -2.63917
16650 -2.69534
16660 -2.75076
16670 -2.80543
16680 -2.85932
16690 -2.91243
16700 -2.96475
16710 -3.01625
16720 -3.06693
16730 -3.11678
16740 -3.16578
16750 -3.21392
16760 -3.26119
16770 -3.30758
16780 -3.35308
16790 -3.39767
16800 -3.44135
16810 -3.48411
16820 -3.52593
16830 -3.5668
16840 -3.60673
16850 -3.64569
16860 -3.68368
16870 -3.72069
16880 -3.7567
16890 -3.79173
16900 -3.82574
16910 -3.85875
16920 -3.89073
16930 -3.92169
16940 -3.95161
16950 -3.98049
16960 -4.00833
16970 -4.03511
16980 -4.06083
16990 -4.08549
17000 -4.10908
17010 -4.1316
17020 -4.15304
17030 -4.17339
17040 -4.19266
17050 -4.21084
17060 -4.22793
17070 -4.24391
17080 -4.2588
17090 -4.27259
17100 -4.28527
17110 -4.29685
17120 -4.30732
17130 -4.31667
17140 -4.32492
17150 -4.33206
17160 -4.33808
17170 -4.343
17180 -4.3468
17190 -4.34949
17200 -4.35106
17210 -4.35153
17220 -4.35089
17230 -4.34914
17240 -4.34629
17250 -4.34233
17260 -4.33727
17270 -4.33111
17280 -4.32385
17290 -4.3155
17300 -4.30607
17310 -4.29554
17320 -4.28393
17330 -4.27125
17340 -4.25749
17350 -4.24266
17360 -4.22677
17370 -4.20982
17380 -4.19182
17390 -4.17277
17400 -4.15268
17410 -4.13156
17420 -4.1094
17430 -4.08623
17440 -4.06203
17450 -4.03684
17460 -4.01064
17470 -3.98345
17480 -3.95527
17490 -3.92612
17500 -3.896
17510 -3.86492
17520 -3.83289
17530 -3.79993
17540 -3.76602
17550 -3.7312
17560 -3.69547
17570 -3.65883
17580 -3.6213
17590 -3.58288
17600 -3.5436
17610 -3.50345
17620 -3.46246
17630 -3.42063
17640 -3.37797
17650 -3.33449
17660 -3.29021
17670 -3.24514
17680 -3.19929
17690 -3.15267
17700 -3.1053
17710 -3.05718
17720 -3.00833
17730 -2.95877
17740 -2.9085
17750 -2.85755
17760 -2.80591
17770 -2.75361
17780 -2.70066
17790 -2.64708
17800 -2.59287
17810 -2.53805
17820 -2.48264
17830 -2.42665
17840 -2.3701
17850 -2.31299
17860 -2.25535
17870 -2.19718
17880 -2.13851
17890 -2.07935
17900 -2.01971
17910 -1.95961
17920 -1.89906
17930 -1.83809
17940 -1.77669
17950 -1.7149
17960 -1.65272
17970 -1.59017
17980 -1.52727
17990 -1.46404
18000 -1.40048
18010 -1.33661
18020 -1.27246
18030 -1.20803
18040 -1.14334
18050 -1.07841
18060 -1.01325
18070 -0.947888
18080 -0.882329
18090 -0.816591
18100 -0.750693
18110 -0.684648
18120 -0.618474
18130 -0.552188
18140 -0.485804
18150 -0.419339
18160 -0.35281
18170 -0.286232
18180 -0.219621
18190 -0.152994
18200 -0.0863672
18210 -0.0197559
18220 0.0468235
18230 0.113355
18240 0.179823
18250 0.246211
18260 0.312504
18270 0.378685
18280 0.44474
18290 0.510651
18300 0.576404
18310 0.641983
18320 0.707373
18330 0.772557
18340 0.837521
18350 0.902249
18360 0.966727
18370 1.03094
18380 1.09487
18390 1.1585
18400 1.22183
18410 1.28482
18420 1.34748
18430 1.40978
18440 1.47172
18450 1.53327
18460 1.59442
18470 1.65516
18480 1.71548
18490 1.77535
18500 1.83477
18510 1.89373
18520 1.9522
18530 2.01018
18540 2.06765
18550 2.12461
18560 2.18103
18570 2.2369
18580 2.29222
18590 2.34696
18600 2.40112
18610 2.45469
18620 2.50765
18630 2.55999
18640 2.6117
18650 2.66277
18660 2.71318
18670 2.76293
18680 2.81201
18690 2.86039
18700 2.90808
18710 2.95507
18720 3.00133
18730 3.04687
18740 3.09167
18750 3.13572
18760 3.17902
18770 3.22155
18780 3.2633
18790 3.30427
18800 3.34445
18810 3.38382
18820 3.42239
18830 3.46014
18840 3.49706
18850 3.53315
18860 3.56839
18870 3.60279
18880 3.63634
18890 3.66902
18900 3.70083
18910 3.73177
18920 3.76182
18930 3.79099
18940 3.81926
18950 3.84663
18960 3.8731
18970 3.89866
18980 3.92331
18990 3.94703
19000 3.96983
19010 3.99171
19020 4.01265
19030 4.03265
19040 4.05172
19050 4.06984
19060 4.08701
19070 4.10324
19080 4.11851
19090 4.13283
19100 4.14619
19110 4.15859
19120 4.17004
19130 4.18052
19140 4.19003
19150 4.19858
19160 4.20617
19170 4.21279
19180 4.21844
19190 4.22312
19200 4.22684
19210 4.22959
19220 4.23137
19230 4.23219
19240 4.23204
19250 4.23092
19260 4.22884
19270 4.2258
19280 4.22181
19290 4.21685
19300 4.21093
19310 4.20407
19320 4.19625
19330 4.18748
19340 4.17777
19350 4.16711
19360 4.15552
19370 4.14299
19380 4.12953
19390 4.11514
19400 4.09983
19410 4.0836
19420 4.06645
19430 4.0484
19440 4.02944
19450 4.00958
19460 3.98883
19470 3.96719
19480 3.94467
19490 3.92127
19500 3.897
19510 3.87187
19520 3.84588
19530 3.81904
19540 3.79135
19550 3.76283
19560 3.73348
19570 3.7033
19580 3.67232
19590 3.64052
19600 3.60793
19610 3.57455
19620 3.54038
19630 3.50544
19640 3.46973
19650 3.43327
19660 3.39606
19670 3.35812
19680 3.31944
19690 3.28004
19700 3.23993
19710 3.19912
19720 3.15762
19730 3.11544
19740 3.07259
19750 3.02908
19760 2.98491
19770 2.94011
19780 2.89467
19790 2.84862
19800 2.80196
19810 2.75471
19820 2.70686
19830 2.65844
19840 2.60946
19850 2.55993
19860 2.50985
19870 2.45925
19880 2.40813
19890 2.35651
19900 2.30439
19910 2.25178
19920 2.19871
19930 2.14519
19940 2.09121
19950 2.03681
19960 1.98198
19970 1.92674
19980 1.87111
19990 1.8151
20000 1.75872
20010 1.70198
