10 -39.1216
20 -27.4147
30 -15.5803
40 -5.1746
50 3.42317
60 10.1847
70 15.2187
80 18.6914
90 20.7909
100 21.7095
110 21.6336
120 20.7392
130 19.1885
140 17.1292
150 14.6938
160 11.9996
170 9.14975
180 6.23337
190 3.32683
200 0.494514
210 -2.21022
220 -4.74407
230 -7.0728
240 -9.17043
250 -11.0182
260 -12.6041
270 -13.9214
280 -14.9688
290 -15.749
300 -16.2687
310 -16.5373
320 -16.5671
330 -16.3723
340 -15.969
350 -15.3744
360 -14.6065
370 -13.6842
380 -12.6263
390 -11.4521
400 -10.1804
410 -8.8299
420 -7.41858
430 -5.9639
440 -4.48253
450 -2.99025
460 -1.50195
470 -0.0314821
480 1.40832
490 2.80569
500 4.14998
510 5.43159
520 6.64206
530 7.77397
540 8.82099
550 9.7778
560 10.6401
570 11.4045
580 12.0686
590 12.6309
600 13.0906
610 13.4478
620 13.7033
630 13.8585
640 13.9156
650 13.8771
660 13.7462
670 13.5267
680 13.2225
690 12.8381
700 12.3782
710 11.8478
720 11.2521
730 10.5966
740 9.8867
750 9.12816
760 8.32663
770 7.48783
780 6.61747
790 5.72123
800 4.80469
810 3.87335
820 2.9326
830 1.98765
840 1.04358
850 0.105267
860 -0.822614
870 -1.7356
880 -2.62944
890 -3.50016
900 -4.34399
910 -5.15744
920 -5.93728
930 -6.68053
940 -7.38449
950 -8.04672
960 -8.66506
970 -9.2376
980 -9.76271
990 -10.239
1000 -10.6654
1010 -11.041
1020 -11.3652
1030 -11.6375
1040 -11.8579
1050 -12.0265
1060 -12.1434
1070 -12.2092
1080 -12.2246
1090 -12.1904
1100 -12.1077
1110 -11.9777
1120 -11.8017
1130 -11.5813
1140 -11.3181
1150 -11.0138
1160 -10.6703
1170 -10.2896
1180 -9.87367
1190 -9.42473
1200 -8.94496
1210 -8.43661
1220 -7.90198
1230 -7.34342
1240 -6.76331
1250 -6.16402
1260 -5.54796
1270 -4.91754
1280 -4.27514
1290 -3.62315
1300 -2.96391
1310 -2.29977
1320 -1.63301
1330 -0.965873
1340 -0.30056
1350 0.360787
1360 1.01608
1370 1.66332
1380 2.30054
1390 2.92587
1400 3.53752
1410 4.13377
1420 4.71299
1430 5.27364
1440 5.81426
1450 6.33349
1460 6.83006
1470 7.30279
1480 7.7506
1490 8.17249
1500 8.56759
1510 8.93509
1520 9.27429
1530 9.58459
1540 9.86548
1550 10.1165
1560 10.3375
1570 10.528
1580 10.688
1590 10.8174
1600 10.9162
1610 10.9846
1620 11.0228
1630 11.0309
1640 11.0094
1650 10.9587
1660 10.8792
1670 10.7716
1680 10.6364
1690 10.4743
1700 10.286
1710 10.0724
1720 9.83428
1730 9.57252
1740 9.28808
1750 8.98191
1760 8.65505
1770 8.30852
1780 7.94341
1790 7.56083
1800 7.1619
1810 6.74778
1820 6.31963
1830 5.87864
1840 5.426
1850 4.96291
1860 4.49058
1870 4.01023
1880 3.52305
1890 3.03026
1900 2.53306
1910 2.03263
1920 1.53016
1930 1.02681
1940 0.523739
1950 0.0220718
1960 -0.477079
1970 -0.972625
1980 -1.4635
1990 -1.94867
2000 -2.42712
2010 -2.89788
2020 -3.35999
2030 -3.81254
2040 -4.25465
2050 -4.68547
2060 -5.1042
2070 -5.51005
2080 -5.9023
2090 -6.28025
2100 -6.64325
2110 -6.99068
2120 -7.32197
2130 -7.63658
2140 -7.93403
2150 -8.21387
2160 -8.47569
2170 -8.71913
2180 -8.94387
2190 -9.14962
2200 -9.33615
2210 -9.50327
2220 -9.6508
2230 -9.77865
2240 -9.88673
2250 -9.97502
2260 -10.0435
2270 -10.0922
2280 -10.1213
2290 -10.1308
2300 -10.1209
2310 -10.0918
2320 -10.0437
2330 -9.97684
2340 -9.89153
2350 -9.78808
2360 -9.66684
2370 -9.52818
2380 -9.3725
2390 -9.20025
2400 -9.01186
2410 -8.80782
2420 -8.58862
2430 -8.35479
2440 -8.10688
2450 -7.84543
2460 -7.57103
2470 -7.28427
2480 -6.98575
2490 -6.67611
2500 -6.35597
2510 -6.02598
2520 -5.6868
2530 -5.33907
2540 -4.98348
2550 -4.6207
2560 -4.2514
2570 -3.87628
2580 -3.496
2590 -3.11127
2600 -2.72276
2610 -2.33115
2620 -1.93714
2630 -1.54138
2640 -1.14457
2650 -0.747351
2660 -0.350397
2670 0.0456442
2680 0.44013
2690 0.832427
2700 1.22191
2710 1.60798
2720 1.99003
2730 2.36747
2740 2.73973
2750 3.10626
2760 3.46651
2770 3.81996
2780 4.1661
2790 4.50443
2800 4.83449
2810 5.1558
2820 5.46795
2830 5.77049
2840 6.06304
2850 6.34522
2860 6.61665
2870 6.87701
2880 7.12597
2890 7.36324
2900 7.58852
2910 7.80158
2920 8.00216
2930 8.19006
2940 8.36507
2950 8.52703
2960 8.67579
2970 8.81121
2980 8.93318
2990 9.04162
3000 9.13645
3010 9.21763
3020 9.28513
3030 9.33894
3040 9.37908
3050 9.40557
3060 9.41847
3070 9.41785
3080 9.4038
3090 9.37643
3100 9.33585
3110 9.28221
3120 9.21568
3130 9.13642
3140 9.04463
3150 8.94052
3160 8.82431
3170 8.69623
3180 8.55655
3190 8.40552
3200 8.24342
3210 8.07054
3220 7.88719
3230 7.69369
3240 7.49034
3250 7.2775
3260 7.05551
3270 6.82472
3280 6.58549
3290 6.33819
3300 6.08321
3310 5.82093
3320 5.55173
3330 5.27602
3340 4.9942
3350 4.70667
3360 4.41384
3370 4.11613
3380 3.81395
3390 3.50773
3400 3.19787
3410 2.8848
3420 2.56895
3430 2.25072
3440 1.93055
3450 1.60885
3460 1.28604
3470 0.962532
3480 0.63874
3490 0.315073
3500 -0.00806275
3510 -0.330267
3520 -0.651142
3530 -0.970297
3540 -1.28735
3550 -1.60191
3560 -1.91361
3570 -2.22208
3580 -2.52696
3590 -2.8279
3600 -3.12455
3610 -3.41657
3620 -3.70365
3630 -3.98544
3640 -4.26166
3650 -4.53199
3660 -4.79614
3670 -5.05383
3680 -5.30478
3690 -5.54874
3700 -5.78545
3710 -6.01468
3720 -6.23618
3730 -6.44975
3740 -6.65517
3750 -6.85224
3760 -7.04079
3770 -7.22063
3780 -7.39161
3790 -7.55357
3800 -7.70637
3810 -7.84988
3820 -7.984
3830 -8.1086
3840 -8.22361
3850 -8.32894
3860 -8.42451
3870 -8.51028
3880 -8.58619
3890 -8.65221
3900 -8.70832
3910 -8.7545
3920 -8.79076
3930 -8.8171
3940 -8.83354
3950 -8.84012
3960 -8.83688
3970 -8.82387
3980 -8.80116
3990 -8.76881
4000 -8.72692
4010 -8.67558
4020 -8.61488
4030 -8.54495
4040 -8.4659
4050 -8.37786
4060 -8.28098
4070 -8.1754
4080 -8.06128
4090 -7.93879
4100 -7.80809
4110 -7.66936
4120 -7.5228
4130 -7.36859
4140 -7.20693
4150 -7.03805
4160 -6.86213
4170 -6.67941
4180 -6.49012
4190 -6.29447
4200 -6.0927
4210 -5.88507
4220 -5.67179
4230 -5.45314
4240 -5.22935
4250 -5.00069
4260 -4.76741
4270 -4.52977
4280 -4.28804
4290 -4.04248
4300 -3.79337
4310 -3.54097
4320 -3.28556
4330 -3.02741
4340 -2.76678
4350 -2.50397
4360 -2.23923
4370 -1.97285
4380 -1.70511
4390 -1.43626
4400 -1.1666
4410 -0.896385
4420 -0.625893
4430 -0.355391
4440 -0.0851475
4450 0.184572
4460 0.453504
4470 0.721389
4480 0.987967
4490 1.25299
4500 1.51619
4510 1.77734
4520 2.03618
4530 2.29247
4540 2.54598
4550 2.79648
4560 3.04373
4570 3.28752
4580 3.52762
4590 3.76383
4600 3.99592
4610 4.22371
4620 4.44699
4630 4.66556
4640 4.87926
4650 5.08788
4660 5.29126
4670 5.48923
4680 5.68162
4690 5.86829
4700 6.04907
4710 6.22383
4720 6.39243
4730 6.55474
4740 6.71064
4750 6.86
4760 7.00272
4770 7.13869
4780 7.26782
4790 7.39002
4800 7.5052
4810 7.61329
4820 7.71422
4830 7.80793
4840 7.89436
4850 7.97347
4860 8.04521
4870 8.10955
4880 8.16646
4890 8.21591
4900 8.25791
4910 8.29244
4920 8.31949
4930 8.33908
4940 8.35122
4950 8.35592
4960 8.35322
4970 8.34314
4980 8.32573
4990 8.30103
5000 8.26908
5010 8.22996
5020 8.18371
5030 8.13041
5040 8.07013
5050 8.00296
5060 7.92897
5070 7.84827
5080 7.76093
5090 7.66708
5100 7.56681
5110 7.46023
5120 7.34747
5130 7.22863
5140 7.10386
5150 6.97326
5160 6.83699
5170 6.69518
5180 6.54796
5190 6.39549
5200 6.23791
5210 6.07538
5220 5.90805
5230 5.73608
5240 5.55963
5250 5.37887
5260 5.19396
5270 5.00508
5280 4.81239
5290 4.61607
5300 4.4163
5310 4.21326
5320 4.00712
5330 3.79806
5340 3.58628
5350 3.37194
5360 3.15525
5370 2.93638
5380 2.71552
5390 2.49286
5400 2.26858
5410 2.04288
5420 1.81594
5430 1.58795
5440 1.3591
5450 1.12958
5460 0.899562
5470 0.669247
5480 0.438817
5490 0.208455
5500 -0.021653
5510 -0.251326
5520 -0.480383
5530 -0.708644
5540 -0.935931
5550 -1.16207
5560 -1.38688
5570 -1.61019
5580 -1.83184
5590 -2.05165
5600 -2.26946
5610 -2.48511
5620 -2.69843
5630 -2.90926
5640 -3.11746
5650 -3.32287
5660 -3.52533
5670 -3.72471
5680 -3.92086
5690 -4.11364
5700 -4.30291
5710 -4.48854
5720 -4.6704
5730 -4.84837
5740 -5.02231
5750 -5.19212
5760 -5.35768
5770 -5.51887
5780 -5.67559
5790 -5.82774
5800 -5.97521
5810 -6.11791
5820 -6.25576
5830 -6.38865
5840 -6.51652
5850 -6.63928
5860 -6.75685
5870 -6.86917
5880 -6.97617
5890 -7.07778
5900 -7.17396
5910 -7.26465
5920 -7.34979
5930 -7.42935
5940 -7.50329
5950 -7.57156
5960 -7.63414
5970 -7.69101
5980 -7.74213
5990 -7.78749
6000 -7.82708
6010 -7.86089
6020 -7.8889
6030 -7.91113
6040 -7.92757
6050 -7.93823
6060 -7.94312
6070 -7.94226
6080 -7.93567
6090 -7.92336
6100 -7.90538
6110 -7.88174
6120 -7.85249
6130 -7.81766
6140 -7.7773
6150 -7.73145
6160 -7.68017
6170 -7.6235
6180 -7.56152
6190 -7.49427
6200 -7.42182
6210 -7.34424
6220 -7.2616
6230 -7.17398
6240 -7.08146
6250 -6.9841
6260 -6.88201
6270 -6.77526
6280 -6.66394
6290 -6.54815
6300 -6.42798
6310 -6.30353
6320 -6.1749
6330 -6.04218
6340 -5.9055
6350 -5.76494
6360 -5.62063
6370 -5.47268
6380 -5.32118
6390 -5.16627
6400 -5.00806
6410 -4.84667
6420 -4.68221
6430 -4.51482
6440 -4.3446
6450 -4.17169
6460 -3.99622
6470 -3.8183
6480 -3.63808
6490 -3.45567
6500 -3.27121
6510 -3.08482
6520 -2.89665
6530 -2.70681
6540 -2.51545
6550 -2.3227
6560 -2.12868
6570 -1.93354
6580 -1.7374
6590 -1.54041
6600 -1.34269
6610 -1.14438
6620 -0.945607
6630 -0.74651
6640 -0.547219
6650 -0.347866
6660 -0.148585
6670 0.0504962
6680 0.249245
6690 0.447534
6700 0.645233
6710 0.842215
6720 1.03835
6730 1.23352
6740 1.4276
6750 1.62046
6760 1.81198
6770 2.00205
6780 2.19053
6790 2.37733
6800 2.56231
6810 2.74537
6820 2.9264
6830 3.10528
6840 3.2819
6850 3.45616
6860 3.62796
6870 3.79719
6880 3.96375
6890 4.12754
6900 4.28847
6910 4.44645
6920 4.60137
6930 4.75315
6940 4.90171
6950 5.04696
6960 5.18882
6970 5.32721
6980 5.46204
6990 5.59326
7000 5.72078
7010 5.84453
7020 5.96445
7030 6.08048
7040 6.19256
7050 6.30061
7060 6.4046
7070 6.50446
7080 6.60015
7090 6.69162
7100 6.77882
7110 6.86172
7120 6.94027
7130 7.01443
7140 7.08418
7150 7.14948
7160 7.21031
7170 7.26664
7180 7.31844
7190 7.36571
7200 7.40842
7210 7.44656
7220 7.48012
7230 7.5091
7240 7.53348
7250 7.55326
7260 7.56845
7270 7.57905
7280 7.58507
7290 7.58651
7300 7.58339
7310 7.57572
7320 7.56351
7330 7.54679
7340 7.52559
7350 7.49991
7360 7.4698
7370 7.43528
7380 7.39639
7390 7.35315
7400 7.30562
7410 7.25381
7420 7.19779
7430 7.13759
7440 7.07326
7450 7.00485
7460 6.93241
7470 6.85599
7480 6.77565
7490 6.69145
7500 6.60345
7510 6.5117
7520 6.41627
7530 6.31723
7540 6.21464
7550 6.10858
7560 5.99911
7570 5.88631
7580 5.77025
7590 5.651
7600 5.52864
7610 5.40326
7620 5.27493
7630 5.14374
7640 5.00976
7650 4.87308
7660 4.73379
7670 4.59197
7680 4.44771
7690 4.3011
7700 4.15223
7710 4.00118
7720 3.84806
7730 3.69295
7740 3.53595
7750 3.37715
7760 3.21664
7770 3.05453
7780 2.89089
7790 2.72584
7800 2.55947
7810 2.39187
7820 2.22314
7830 2.05339
7840 1.8827
7850 1.71117
7860 1.53891
7870 1.36601
7880 1.19256
7890 1.01868
7900 0.844443
7910 0.669963
7920 0.495331
7930 0.320646
7940 0.146004
7950 -0.0284996
7960 -0.202768
7970 -0.376705
7980 -0.550218
7990 -0.72321
8000 -0.89559
8010 -1.06726
8020 -1.23814
8030 -1.40812
8040 -1.57713
8050 -1.74506
8060 -1.91184
8070 -2.07737
8080 -2.24157
8090 -2.40434
8100 -2.56562
8110 -2.7253
8120 -2.88332
8130 -3.03958
8140 -3.19402
8150 -3.34654
8160 -3.49708
8170 -3.64555
8180 -3.79189
8190 -3.93601
8200 -4.07785
8210 -4.21734
8220 -4.35441
8230 -4.48899
8240 -4.62101
8250 -4.75042
8260 -4.87714
8270 -5.00113
8280 -5.12231
8290 -5.24063
8300 -5.35604
8310 -5.46848
8320 -5.57791
8330 -5.68426
8340 -5.78749
8350 -5.88756
8360 -5.98441
8370 -6.07801
8380 -6.16832
8390 -6.25529
8400 -6.33889
8410 -6.41908
8420 -6.49583
8430 -6.56911
8440 -6.63889
8450 -6.70513
8460 -6.76782
8470 -6.82692
8480 -6.88242
8490 -6.9343
8500 -6.98254
8510 -7.02712
8520 -7.06803
8530 -7.10525
8540 -7.13877
8550 -7.1686
8560 -7.19471
8570 -7.21711
8580 -7.23579
8590 -7.25075
8600 -7.26199
8610 -7.26952
8620 -7.27333
8630 -7.27345
8640 -7.26987
8650 -7.2626
8660 -7.25166
8670 -7.23707
8680 -7.21883
8690 -7.19696
8700 -7.17149
8710 -7.14244
8720 -7.10982
8730 -7.07367
8740 -7.03401
8750 -6.99086
8760 -6.94426
8770 -6.89424
8780 -6.84083
8790 -6.78406
8800 -6.72398
8810 -6.66061
8820 -6.594
8830 -6.52419
8840 -6.45122
8850 -6.37513
8860 -6.29597
8870 -6.21378
8880 -6.12862
8890 -6.04052
8900 -5.94955
8910 -5.85574
8920 -5.75916
8930 -5.65986
8940 -5.55789
8950 -5.45331
8960 -5.34618
8970 -5.23655
8980 -5.12448
8990 -5.01003
9000 -4.89327
9010 -4.77425
9020 -4.65305
9030 -4.52971
9040 -4.40432
9050 -4.27692
9060 -4.1476
9070 -4.01641
9080 -3.88342
9090 -3.74871
9100 -3.61233
9110 -3.47437
9120 -3.33488
9130 -3.19395
9140 -3.05163
9150 -2.90801
9160 -2.76315
9170 -2.61712
9180 -2.47001
9190 -2.32187
9200 -2.17279
9210 -2.02283
9220 -1.87208
9230 -1.72059
9240 -1.56846
9250 -1.41574
9260 -1.26252
9270 -1.10887
9280 -0.954854
9290 -0.800556
9300 -0.646046
9310 -0.491398
9320 -0.336684
9330 -0.181978
9340 -0.0273521
9350 0.127121
9360 0.28137
9370 0.435322
9380 0.588906
9390 0.742051
9400 0.894687
9410 1.04674
9420 1.19815
9430 1.34884
9440 1.49874
9450 1.64779
9460 1.79591
9470 1.94305
9480 2.08913
9490 2.23409
9500 2.37787
9510 2.5204
9520 2.66161
9530 2.80146
9540 2.93986
9550 3.07677
9560 3.21213
9570 3.34587
9580 3.47794
9590 3.60827
9600 3.73683
9610 3.86354
9620 3.98836
9630 4.11123
9640 4.2321
9650 4.35092
9660 4.46764
9670 4.58222
9680 4.6946
9690 4.80473
9700 4.91258
9710 5.01809
9720 5.12124
9730 5.22196
9740 5.32023
9750 5.416
9760 5.50924
9770 5.59991
9780 5.68798
9790 5.7734
9800 5.85615
9810 5.9362
9820 6.01352
9830 6.08806
9840 6.15982
9850 6.22876
9860 6.29486
9870 6.35809
9880 6.41844
9890 6.47587
9900 6.53038
9910 6.58194
9920 6.63053
9930 6.67615
9940 6.71877
9950 6.75839
9960 6.79498
9970 6.82855
9980 6.85909
9990 6.88658
10000 6.91102
10010 6.9324
10020 6.95073
10030 6.966
10040 6.97821
10050 6.98736
10060 6.99345
10070 6.99648
10080 6.99647
10090 6.99342
10100 6.98733
10110 6.97821
10120 6.96607
10130 6.95093
10140 6.9328
10150 6.91169
10160 6.88761
10170 6.86058
10180 6.83062
10190 6.79775
10200 6.76199
10210 6.72335
10220 6.68187
10230 6.63756
10240 6.59045
10250 6.54056
10260 6.48792
10270 6.43256
10280 6.37452
10290 6.3138
10300 6.25046
10310 6.18452
10320 6.11601
10330 6.04497
10340 5.97143
10350 5.89543
10360 5.81701
10370 5.7362
10380 5.65305
10390 5.56758
10400 5.47985
10410 5.3899
10420 5.29776
10430 5.20348
10440 5.1071
10450 5.00867
10460 4.90823
10470 4.80583
10480 4.70152
10490 4.59534
10500 4.48734
10510 4.37756
10520 4.26607
10530 4.15291
10540 4.03812
10550 3.92176
10560 3.80388
10570 3.68454
10580 3.56378
10590 3.44165
10600 3.31822
10610 3.19353
10620 3.06764
10630 2.9406
10640 2.81247
10650 2.68329
10660 2.55314
10670 2.42206
10680 2.2901
10690 2.15733
10700 2.0238
10710 1.88956
10720 1.75467
10730 1.6192
10740 1.48318
10750 1.34669
10760 1.20978
10770 1.0725
10780 0.934908
10790 0.797066
10800 0.659028
10810 0.52085
10820 0.382589
10830 0.2443
10840 0.10604
10850 -0.0321352
10860 -0.17017
10870 -0.308009
10880 -0.445598
10890 -0.58288
10900 -0.719802
10910 -0.856308
10920 -0.992346
10930 -1.12786
10940 -1.2628
10950 -1.39711
10960 -1.53073
10970 -1.66363
10980 -1.79573
10990 -1.927
11000 -2.05738
11010 -2.18682
11020 -2.31528
11030 -2.44269
11040 -2.56902
11050 -2.69422
11060 -2.81823
11070 -2.94102
11080 -3.06252
11090 -3.18271
11100 -3.30153
11110 -3.41894
11120 -3.53489
11130 -3.64935
11140 -3.76226
11150 -3.8736
11160 -3.98331
11170 -4.09135
11180 -4.1977
11190 -4.3023
11200 -4.40513
11210 -4.50613
11220 -4.60529
11230 -4.70256
11240 -4.7979
11250 -4.89129
11260 -4.98269
11270 -5.07206
11280 -5.15939
11290 -5.24463
11300 -5.32776
11310 -5.40875
11320 -5.48757
11330 -5.5642
11340 -5.6386
11350 -5.71076
11360 -5.78065
11370 -5.84825
11380 -5.91353
11390 -5.97647
11400 -6.03706
11410 -6.09528
11420 -6.1511
11430 -6.20451
11440 -6.2555
11450 -6.30404
11460 -6.35013
11470 -6.39374
11480 -6.43488
11490 -6.47352
11500 -6.50966
11510 -6.54328
11520 -6.57438
11530 -6.60296
11540 -6.62899
11550 -6.65249
11560 -6.67344
11570 -6.69184
11580 -6.70769
11590 -6.72098
11600 -6.73172
11610 -6.73991
11620 -6.74555
11630 -6.74863
11640 -6.74917
11650 -6.74717
11660 -6.74262
11670 -6.73555
11680 -6.72595
11690 -6.71384
11700 -6.69921
11710 -6.68209
11720 -6.66248
11730 -6.6404
11740 -6.61585
11750 -6.58885
11760 -6.55942
11770 -6.52757
11780 -6.49331
11790 -6.45666
11800 -6.41765
11810 -6.37628
11820 -6.33258
11830 -6.28657
11840 -6.23826
11850 -6.18769
11860 -6.13487
11870 -6.07983
11880 -6.02258
11890 -5.96317
11900 -5.9016
11910 -5.83791
11920 -5.77212
11930 -5.70427
11940 -5.63438
11950 -5.56248
11960 -5.48859
11970 -5.41276
11980 -5.335
11990 -5.25536
12000 -5.17386
12010 -5.09054
12020 -5.00543
12030 -4.91857
12040 -4.82999
12050 -4.73972
12060 -4.6478
12070 -4.55426
12080 -4.45915
12090 -4.3625
12100 -4.26435
12110 -4.16473
12120 -4.06369
12130 -3.96126
12140 -3.85749
12150 -3.7524
12160 -3.64605
12170 -3.53847
12180 -3.4297
12190 -3.31979
12200 -3.20878
12210 -3.0967
12220 -2.9836
12230 -2.86953
12240 -2.75451
12250 -2.63861
12260 -2.52186
12270 -2.4043
12280 -2.28597
12290 -2.16693
12300 -2.04721
12310 -1.92685
12320 -1.80591
12330 -1.68443
12340 -1.56244
12350 -1.44
12360 -1.31714
12370 -1.19392
12380 -1.07037
12390 -0.946546
12400 -0.822485
12410 -0.698233
12420 -0.573834
12430 -0.449333
12440 -0.324774
12450 -0.2002
12460 -0.0756559
12470 0.048815
12480 0.173169
12490 0.297363
12500 0.421352
12510 0.545095
12520 0.668548
12530 0.791668
12540 0.914413
12550 1.03674
12560 1.15861
12570 1.27997
12580 1.4008
12590 1.52104
12600 1.64065
12610 1.7596
12620 1.87784
12630 1.99534
12640 2.11205
12650 2.22793
12660 2.34295
12670 2.45707
12680 2.57025
12690 2.68245
12700 2.79364
12710 2.90377
12720 3.01281
12730 3.12073
12740 3.2275
12750 3.33306
12760 3.4374
12770 3.54047
12780 3.64225
12790 3.7427
12800 3.84179
12810 3.93948
12820 4.03575
12830 4.13056
12840 4.22389
12850 4.31571
12860 4.40597
12870 4.49467
12880 4.58177
12890 4.66724
12900 4.75105
12910 4.83319
12920 4.91362
12930 4.99232
12940 5.06926
12950 5.14443
12960 5.2178
12970 5.28935
12980 5.35905
12990 5.42689
13000 5.49285
13010 5.5569
13020 5.61903
13030 5.67922
13040 5.73746
13050 5.79371
13060 5.84798
13070 5.90025
13080 5.95049
13090 5.99871
13100 6.04487
13110 6.08898
13120 6.13101
13130 6.17097
13140 6.20883
13150 6.2446
13160 6.27825
13170 6.30979
13180 6.3392
13190 6.36648
13200 6.39163
13210 6.41463
13220 6.43548
13230 6.45419
13240 6.47074
13250 6.48514
13260 6.49737
13270 6.50746
13280 6.51538
13290 6.52114
13300 6.52476
13310 6.52621
13320 6.52552
13330 6.52267
13340 6.51769
13350 6.51056
13360 6.50131
13370 6.48992
13380 6.47642
13390 6.4608
13400 6.44308
13410 6.42326
13420 6.40136
13430 6.37739
13440 6.35134
13450 6.32325
13460 6.29312
13470 6.26095
13480 6.22678
13490 6.1906
13500 6.15244
13510 6.11231
13520 6.07022
13530 6.0262
13540 5.98025
13550 5.93241
13560 5.88267
13570 5.83108
13580 5.77763
13590 5.72236
13600 5.66529
13610 5.60643
13620 5.54581
13630 5.48344
13640 5.41936
13650 5.35358
13660 5.28613
13670 5.21704
13680 5.14632
13690 5.074
13700 5.00011
13710 4.92467
13720 4.84772
13730 4.76927
13740 4.68935
13750 4.608
13760 4.52523
13770 4.44109
13780 4.35559
13790 4.26877
13800 4.18065
13810 4.09127
13820 4.00065
13830 3.90883
13840 3.81584
13850 3.7217
13860 3.62646
13870 3.53013
13880 3.43276
13890 3.33438
13900 3.23501
13910 3.13469
13920 3.03346
13930 2.93135
13940 2.82838
13950 2.7246
13960 2.62004
13970 2.51473
13980 2.4087
13990 2.302
14000 2.19465
14010 2.08669
14020 1.97816
14030 1.86908
14040 1.75949
14050 1.64944
14060 1.53895
14070 1.42805
14080 1.31679
14090 1.2052
14100 1.09332
14110 0.98117
14120 0.868797
14130 0.756234
14140 0.643517
14150 0.530679
14160 0.417756
14170 0.304784
14180 0.191797
14190 0.0788309
14200 -0.0340803
14210 -0.146902
14220 -0.259598
14230 -0.372135
14240 -0.484479
14250 -0.596594
14260 -0.708447
14270 -0.820004
14280 -0.931231
14290 -1.04209
14300 -1.15256
14310 -1.26259
14320 -1.37217
14330 -1.48124
14340 -1.58979
14350 -1.69777
14360 -1.80516
14370 -1.91192
14380 -2.01803
14390 -2.12345
14400 -2.22814
14410 -2.33209
14420 -2.43525
14430 -2.5376
14440 -2.63911
14450 -2.73975
14460 -2.83949
14470 -2.93829
14480 -3.03614
14490 -3.133
14500 -3.22885
14510 -3.32365
14520 -3.41738
14530 -3.51002
14540 -3.60154
14550 -3.6919
14560 -3.78109
14570 -3.86908
14580 -3.95585
14590 -4.04136
14600 -4.12561
14610 -4.20855
14620 -4.29018
14630 -4.37046
14640 -4.44938
14650 -4.52691
14660 -4.60304
14670 -4.67774
14680 -4.75098
14690 -4.82276
14700 -4.89305
14710 -4.96183
14720 -5.02909
14730 -5.0948
14740 -5.15895
14750 -5.22152
14760 -5.2825
14770 -5.34187
14780 -5.39961
14790 -5.45571
14800 -5.51016
14810 -5.56293
14820 -5.61402
14830 -5.66342
14840 -5.71111
14850 -5.75708
14860 -5.80132
14870 -5.84382
14880 -5.88456
14890 -5.92354
14900 -5.96076
14910 -5.99619
14920 -6.02984
14930 -6.06169
14940 -6.09174
14950 -6.11998
14960 -6.14641
14970 -6.17102
14980 -6.1938
14990 -6.21476
15000 -6.23388
15010 -6.25117
15020 -6.26663
15030 -6.28024
15040 -6.29201
15050 -6.30194
15060 -6.31002
15070 -6.31626
15080 -6.32067
15090 -6.32323
15100 -6.32395
15110 -6.32283
15120 -6.31988
15130 -6.3151
15140 -6.30849
15150 -6.30006
15160 -6.28981
15170 -6.27775
15180 -6.26388
15190 -6.24821
15200 -6.23075
15210 -6.2115
15220 -6.19047
15230 -6.16768
15240 -6.14312
15250 -6.11681
15260 -6.08876
15270 -6.05898
15280 -6.02748
15290 -5.99427
15300 -5.95936
15310 -5.92277
15320 -5.8845
15330 -5.84458
15340 -5.803
15350 -5.7598
15360 -5.71498
15370 -5.66856
15380 -5.62055
15390 -5.57097
15400 -5.51983
15410 -5.46716
15420 -5.41296
15430 -5.35726
15440 -5.30008
15450 -5.24142
15460 -5.18132
15470 -5.11978
15480 -5.05683
15490 -4.9925
15500 -4.92679
15510 -4.85972
15520 -4.79133
15530 -4.72163
15540 -4.65064
15550 -4.57838
15560 -4.50488
15570 -4.43016
15580 -4.35423
15590 -4.27713
15600 -4.19888
15610 -4.11949
15620 -4.039
15630 -3.95743
15640 -3.8748
15650 -3.79113
15660 -3.70646
15670 -3.6208
15680 -3.53418
15690 -3.44663
15700 -3.35818
15710 -3.26884
15720 -3.17864
15730 -3.08762
15740 -2.99579
15750 -2.90319
15760 -2.80984
15770 -2.71577
15780 -2.621
15790 -2.52556
15800 -2.42948
15810 -2.33278
15820 -2.23551
15830 -2.13767
15840 -2.0393
15850 -1.94043
15860 -1.84109
15870 -1.7413
15880 -1.64109
15890 -1.54049
15900 -1.43953
15910 -1.33823
15920 -1.23663
15930 -1.13476
15940 -1.03263
15950 -0.930285
15960 -0.827748
15970 -0.725049
15980 -0.622214
15990 -0.519273
16000 -0.416254
16010 -0.313185
16020 -0.210095
16030 -0.107011
16040 -0.00396269
16050 0.0990226
16060 0.201917
16070 0.304692
16080 0.407319
16090 0.509772
16100 0.612023
16110 0.714043
16120 0.815805
16130 0.917283
16140 1.01845
16150 1.11927
16160 1.21973
16170 1.3198
16180 1.41945
16190 1.51865
16200 1.61737
16210 1.7156
16220 1.81331
16230 1.91046
16240 2.00704
16250 2.10302
16260 2.19837
16270 2.29306
16280 2.38709
16290 2.48041
16300 2.573
16310 2.66485
16320 2.75593
16330 2.84621
16340 2.93566
16350 3.02428
16360 3.11203
16370 3.19889
16380 3.28485
16390 3.36987
16400 3.45394
16410 3.53703
16420 3.61913
16430 3.70021
16440 3.78025
16450 3.85924
16460 3.93715
16470 4.01396
16480 4.08966
16490 4.16423
16500 4.23764
16510 4.30988
16520 4.38093
16530 4.45078
16540 4.5194
16550 4.58679
16560 4.65291
16570 4.71777
16580 4.78134
16590 4.8436
16600 4.90455
16610 4.96417
16620 5.02244
16630 5.07934
16640 5.13488
16650 5.18903
16660 5.24178
16670 5.29312
16680 5.34303
16690 5.39151
16700 5.43855
16710 5.48412
16720 5.52824
16730 5.57087
16740 5.61202
16750 5.65168
16760 5.68983
16770 5.72647
16780 5.76159
16790 5.79518
16800 5.82724
16810 5.85777
16820 5.88674
16830 5.91416
16840 5.94003
16850 5.96433
16860 5.98707
16870 6.00823
16880 6.02783
16890 6.04584
16900 6.06227
16910 6.07712
16920 6.09039
16930 6.10207
16940 6.11216
16950 6.12067
16960 6.12758
16970 6.13291
16980 6.13665
16990 6.1388
17000 6.13937
17010 6.13835
17020 6.13575
17030 6.13157
17040 6.12582
17050 6.11849
17060 6.10959
17070 6.09913
17080 6.08711
17090 6.07353
17100 6.0584
17110 6.04172
17120 6.02351
17130 6.00376
17140 5.98249
17150 5.9597
17160 5.9354
17170 5.9096
17180 5.8823
17190 5.85352
17200 5.82326
17210 5.79154
17220 5.75835
17230 5.72372
17240 5.68766
17250 5.65016
17260 5.61126
17270 5.57095
17280 5.52925
17290 5.48616
17300 5.44172
17310 5.39592
17320 5.34877
17330 5.30031
17340 5.25052
17350 5.19944
17360 5.14708
17370 5.09344
17380 5.03855
17390 4.98242
17400 4.92507
17410 4.8665
17420 4.80675
17430 4.74582
17440 4.68373
17450 4.6205
17460 4.55614
17470 4.49067
17480 4.42412
17490 4.35649
17500 4.28782
17510 4.2181
17520 4.14737
17530 4.07564
17540 4.00293
17550 3.92927
17560 3.85466
17570 3.77913
17580 3.7027
17590 3.6254
17600 3.54723
17610 3.46822
17620 3.3884
17630 3.30777
17640 3.22637
17650 3.14422
17660 3.06132
17670 2.97772
17680 2.89342
17690 2.80846
17700 2.72284
17710 2.6366
17720 2.54976
17730 2.46233
17740 2.37434
17750 2.28582
17760 2.19678
17770 2.10725
17780 2.01725
17790 1.9268
17800 1.83593
17810 1.74466
17820 1.65301
17830 1.561
17840 1.46866
17850 1.37601
17860 1.28308
17870 1.18988
17880 1.09644
17890 1.00279
17900 0.908941
17910 0.814924
17920 0.720759
17930 0.62647
17940 0.532081
17950 0.437614
17960 0.343093
17970 0.248541
17980 0.15398
17990 0.0594351
18000 -0.0350721
18010 -0.129518
18020 -0.223881
18030 -0.318136
18040 -0.412262
18050 -0.506235
18060 -0.600033
18070 -0.693634
18080 -0.787015
18090 -0.880153
18100 -0.973026
18110 -1.06561
18120 -1.15789
18130 -1.24984
18140 -1.34143
18150 -1.43265
18160 -1.52347
18170 -1.61387
18180 -1.70384
18190 -1.79334
18200 -1.88236
18210 -1.97088
18220 -2.05888
18230 -2.14633
18240 -2.23322
18250 -2.31953
18260 -2.40523
18270 -2.4903
18280 -2.57473
18290 -2.6585
18300 -2.74158
18310 -2.82396
18320 -2.90562
18330 -2.98654
18340 -3.06671
18350 -3.14609
18360 -3.22468
18370 -3.30246
18380 -3.3794
18390 -3.4555
18400 -3.53073
18410 -3.60508
18420 -3.67853
18430 -3.75107
18440 -3.82267
18450 -3.89333
18460 -3.96302
18470 -4.03173
18480 -4.09945
18490 -4.16616
18500 -4.23184
18510 -4.29649
18520 -4.36008
18530 -4.4226
18540 -4.48405
18550 -4.5444
18560 -4.60365
18570 -4.66177
18580 -4.71877
18590 -4.77461
18600 -4.82931
18610 -4.88283
18620 -4.93518
18630 -4.98633
18640 -5.03629
18650 -5.08503
18660 -5.13255
18670 -5.17884
18680 -5.22388
18690 -5.26768
18700 -5.31022
18710 -5.35149
18720 -5.39148
18730 -5.43019
18740 -5.4676
18750 -5.50372
18760 -5.53853
18770 -5.57203
18780 -5.60421
18790 -5.63506
18800 -5.66458
18810 -5.69276
18820 -5.7196
18830 -5.7451
18840 -5.76924
18850 -5.79203
18860 -5.81346
18870 -5.83352
18880 -5.85222
18890 -5.86955
18900 -5.8855
18910 -5.90009
18920 -5.91329
18930 -5.92512
18940 -5.93557
18950 -5.94465
18960 -5.95234
18970 -5.95864
18980 -5.96357
18990 -5.96712
19000 -5.96929
19010 -5.97008
19020 -5.96949
19030 -5.96753
19040 -5.96419
19050 -5.95948
19060 -5.9534
19070 -5.94595
19080 -5.93714
19090 -5.92697
19100 -5.91545
19110 -5.90257
19120 -5.88834
19130 -5.87277
19140 -5.85587
19150 -5.83763
19160 -5.81806
19170 -5.79717
19180 -5.77497
19190 -5.75145
19200 -5.72664
19210 -5.70053
19220 -5.67313
19230 -5.64445
19240 -5.6145
19250 -5.58329
19260 -5.55082
19270 -5.5171
19280 -5.48215
19290 -5.44596
19300 -5.40856
19310 -5.36995
19320 -5.33014
19330 -5.28913
19340 -5.24695
19350 -5.20361
19360 -5.1591
19370 -5.11345
19380 -5.06666
19390 -5.01876
19400 -4.96974
19410 -4.91962
19420 -4.86842
19430 -4.81615
19440 -4.76281
19450 -4.70843
19460 -4.65302
19470 -4.59658
19480 -4.53914
19490 -4.4807
19500 -4.42129
19510 -4.36092
19520 -4.29959
19530 -4.23733
19540 -4.17415
19550 -4.11007
19560 -4.04509
19570 -3.97925
19580 -3.91254
19590 -3.845
19600 -3.77662
19610 -3.70744
19620 -3.63746
19630 -3.56671
19640 -3.49519
19650 -3.42293
19660 -3.34994
19670 -3.27625
19680 -3.20186
19690 -3.12679
19700 -3.05107
19710 -2.9747
19720 -2.89772
19730 -2.82012
19740 -2.74194
19750 -2.66319
19760 -2.58389
19770 -2.50405
19780 -2.4237
19790 -2.34286
19800 -2.26153
19810 -2.17975
19820 -2.09752
19830 -2.01487
19840 -1.93182
19850 -1.84838
19860 -1.76458
19870 -1.68043
19880 -1.59595
19890 -1.51116
19900 -1.42608
19910 -1.34072
19920 -1.25512
19930 -1.16928
19940 -1.08323
19950 -0.996983
19960 -0.91056
19970 -0.82398
19980 -0.737263
19990 -0.650427
20000 -0.563492
20010 -0.476477
